fr 93928
ts 34594.734532
6d 1 [12 1.000][-1904.474 -76.697 715.470 -172.7351 1.0464 104.7403][-0.254397 -0.958737 -0.126905 -0.966928 0.254630 0.014656 0.018262 0.126437 -0.991807] 
fr 93929
ts 34594.751217
6d 1 [12 1.000][-1904.474 -76.697 715.470 -172.7351 1.0464 104.7403][-0.254397 -0.958737 -0.126905 -0.966928 0.254630 0.014656 0.018262 0.126437 -0.991807] 
fr 93930
ts 34594.767882
6d 1 [12 1.000][-1904.474 -76.697 715.470 -172.7351 1.0464 104.7403][-0.254397 -0.958737 -0.126905 -0.966928 0.254630 0.014656 0.018262 0.126437 -0.991807] 
fr 93931
ts 34594.784563
6d 1 [12 1.000][-1904.466 -76.742 715.542 -172.7367 1.0469 104.7399][-0.254389 -0.958743 -0.126881 -0.966929 0.254623 0.014639 0.018272 0.126409 -0.991810] 
fr 93932
ts 34594.801224
6d 1 [12 1.000][-1904.465 -76.735 715.508 -172.7475 1.0542 104.7360][-0.254323 -0.958780 -0.126733 -0.966944 0.254577 0.014461 0.018398 0.126221 -0.991831] 
fr 93933
ts 34594.817895
6d 1 [12 1.000][-1904.465 -76.735 715.508 -172.7475 1.0542 104.7360][-0.254323 -0.958780 -0.126733 -0.966944 0.254577 0.014461 0.018398 0.126221 -0.991831] 
fr 93934
ts 34594.834559
6d 1 [12 1.000][-1904.465 -76.735 715.508 -172.7475 1.0542 104.7360][-0.254323 -0.958780 -0.126733 -0.966944 0.254577 0.014461 0.018398 0.126221 -0.991831] 
fr 93935
ts 34594.851227
6d 1 [12 1.000][-1904.465 -76.735 715.508 -172.7475 1.0542 104.7360][-0.254323 -0.958780 -0.126733 -0.966944 0.254577 0.014461 0.018398 0.126221 -0.991831] 
fr 93936
ts 34594.867887
6d 1 [12 1.000][-1904.457 -76.730 715.468 -172.7477 1.0542 104.7360][-0.254323 -0.958780 -0.126729 -0.966944 0.254577 0.014460 0.018398 0.126218 -0.991832] 
fr 93937
ts 34594.884548
6d 1 [12 1.000][-1904.452 -76.728 715.490 -172.7505 1.0537 104.7368][-0.254336 -0.958783 -0.126679 -0.966941 0.254590 0.014458 0.018389 0.126168 -0.991838] 
fr 93938
ts 34594.901208
6d 1 [12 1.000][-1904.452 -76.728 715.490 -172.7505 1.0537 104.7368][-0.254336 -0.958783 -0.126679 -0.966941 0.254590 0.014458 0.018389 0.126168 -0.991838] 
fr 93939
ts 34594.917862
6d 1 [12 1.000][-1904.452 -76.728 715.490 -172.7505 1.0537 104.7368][-0.254336 -0.958783 -0.126679 -0.966941 0.254590 0.014458 0.018389 0.126168 -0.991838] 
fr 93940
ts 34594.934524
6d 1 [12 1.000][-1904.452 -76.728 715.490 -172.7505 1.0537 104.7368][-0.254336 -0.958783 -0.126679 -0.966941 0.254590 0.014458 0.018389 0.126168 -0.991838] 
fr 93941
ts 34594.951169
6d 1 [12 1.000][-1904.464 -76.673 715.481 -172.7505 1.0546 104.7368][-0.254335 -0.958783 -0.126684 -0.966941 0.254591 0.014442 0.018406 0.126169 -0.991838] 
fr 93942
ts 34594.967831
6d 1 [12 1.000][-1904.463 -76.690 715.484 -172.7521 1.0612 104.7367][-0.254333 -0.958783 -0.126687 -0.966939 0.254604 0.014324 0.018521 0.126141 -0.991839] 
fr 93943
ts 34594.984519
6d 1 [12 1.000][-1904.467 -76.649 715.478 -172.7521 1.0622 104.7368][-0.254336 -0.958782 -0.126691 -0.966938 0.254609 0.014308 0.018538 0.126141 -0.991839] 
fr 93944
ts 34595.001183
6d 1 [12 1.000][-1904.472 -76.660 715.473 -172.7523 1.0664 104.7378][-0.254352 -0.958776 -0.126706 -0.966933 0.254635 0.014239 0.018612 0.126138 -0.991838] 
fr 93945
ts 34595.017869
6d 1 [12 1.000][-1904.472 -76.660 715.473 -172.7523 1.0664 104.7378][-0.254352 -0.958776 -0.126706 -0.966933 0.254635 0.014239 0.018612 0.126138 -0.991838] 
fr 93946
ts 34595.034530
6d 1 [12 1.000][-1904.472 -76.660 715.473 -172.7523 1.0664 104.7378][-0.254352 -0.958776 -0.126706 -0.966933 0.254635 0.014239 0.018612 0.126138 -0.991838] 
fr 93947
ts 34595.051208
6d 1 [12 1.000][-1904.472 -76.660 715.473 -172.7523 1.0664 104.7378][-0.254352 -0.958776 -0.126706 -0.966933 0.254635 0.014239 0.018612 0.126138 -0.991838] 
fr 93948
ts 34595.067869
6d 1 [12 1.000][-1904.472 -76.660 715.473 -172.7523 1.0664 104.7378][-0.254352 -0.958776 -0.126706 -0.966933 0.254635 0.014239 0.018612 0.126138 -0.991838] 
fr 93949
ts 34595.084539
6d 1 [12 1.000][-1904.480 -76.681 715.484 -172.7517 1.0655 104.7380][-0.254356 -0.958774 -0.126711 -0.966932 0.254636 0.014258 0.018595 0.126148 -0.991837] 
fr 93950
ts 34595.101200
6d 1 [12 1.000][-1904.478 -76.685 715.491 -172.7514 1.0636 104.7382][-0.254359 -0.958773 -0.126708 -0.966932 0.254635 0.014290 0.018563 0.126153 -0.991837] 
fr 93951
ts 34595.117863
6d 1 [12 1.000][-1904.479 -76.662 715.485 -172.7479 1.0589 104.7396][-0.254383 -0.958762 -0.126746 -0.966927 0.254647 0.014388 0.018481 0.126215 -0.991831] 
fr 93952
ts 34595.134526
6d 1 [12 1.000][-1904.479 -76.662 715.485 -172.7479 1.0589 104.7396][-0.254383 -0.958762 -0.126746 -0.966927 0.254647 0.014388 0.018481 0.126215 -0.991831] 
fr 93953
ts 34595.151178
6d 1 [12 1.000][-1904.479 -76.662 715.485 -172.7479 1.0589 104.7396][-0.254383 -0.958762 -0.126746 -0.966927 0.254647 0.014388 0.018481 0.126215 -0.991831] 
fr 93954
ts 34595.167843
6d 1 [12 1.000][-1904.479 -76.662 715.485 -172.7479 1.0589 104.7396][-0.254383 -0.958762 -0.126746 -0.966927 0.254647 0.014388 0.018481 0.126215 -0.991831] 
fr 93955
ts 34595.184489
6d 1 [12 1.000][-1904.479 -76.662 715.485 -172.7479 1.0589 104.7396][-0.254383 -0.958762 -0.126746 -0.966927 0.254647 0.014388 0.018481 0.126215 -0.991831] 
fr 93956
ts 34595.201155
6d 1 [12 1.000][-1904.479 -76.662 715.485 -172.7479 1.0589 104.7396][-0.254383 -0.958762 -0.126746 -0.966927 0.254647 0.014388 0.018481 0.126215 -0.991831] 
fr 93957
ts 34595.217796
6d 1 [12 1.000][-1904.479 -76.662 715.485 -172.7479 1.0589 104.7396][-0.254383 -0.958762 -0.126746 -0.966927 0.254647 0.014388 0.018481 0.126215 -0.991831] 
fr 93958
ts 34595.234459
6d 1 [12 1.000][-1904.479 -76.662 715.485 -172.7479 1.0589 104.7396][-0.254383 -0.958762 -0.126746 -0.966927 0.254647 0.014388 0.018481 0.126215 -0.991831] 
fr 93959
ts 34595.251144
6d 1 [12 1.000][-1904.479 -76.662 715.485 -172.7479 1.0589 104.7396][-0.254383 -0.958762 -0.126746 -0.966927 0.254647 0.014388 0.018481 0.126215 -0.991831] 
fr 93960
ts 34595.267809
6d 1 [12 1.000][-1904.479 -76.662 715.485 -172.7479 1.0589 104.7396][-0.254383 -0.958762 -0.126746 -0.966927 0.254647 0.014388 0.018481 0.126215 -0.991831] 
fr 93961
ts 34595.284490
6d 1 [12 1.000][-1904.479 -76.662 715.485 -172.7479 1.0589 104.7396][-0.254383 -0.958762 -0.126746 -0.966927 0.254647 0.014388 0.018481 0.126215 -0.991831] 
fr 93962
ts 34595.301151
6d 1 [12 1.000][-1904.479 -76.662 715.485 -172.7479 1.0589 104.7396][-0.254383 -0.958762 -0.126746 -0.966927 0.254647 0.014388 0.018481 0.126215 -0.991831] 
fr 93963
ts 34595.317825
6d 1 [12 1.000][-1904.479 -76.662 715.485 -172.7479 1.0589 104.7396][-0.254383 -0.958762 -0.126746 -0.966927 0.254647 0.014388 0.018481 0.126215 -0.991831] 
fr 93964
ts 34595.334486
6d 1 [12 1.000][-1904.479 -76.662 715.485 -172.7479 1.0589 104.7396][-0.254383 -0.958762 -0.126746 -0.966927 0.254647 0.014388 0.018481 0.126215 -0.991831] 
fr 93965
ts 34595.351153
6d 1 [12 1.000][-1904.479 -76.662 715.485 -172.7479 1.0589 104.7396][-0.254383 -0.958762 -0.126746 -0.966927 0.254647 0.014388 0.018481 0.126215 -0.991831] 
fr 93966
ts 34595.367811
6d 1 [12 1.000][-1904.479 -76.662 715.485 -172.7479 1.0589 104.7396][-0.254383 -0.958762 -0.126746 -0.966927 0.254647 0.014388 0.018481 0.126215 -0.991831] 
fr 93967
ts 34595.384475
6d 1 [12 1.000][-1904.471 -76.682 715.533 -172.7471 1.0585 104.7399][-0.254388 -0.958759 -0.126758 -0.966926 0.254651 0.014400 0.018472 0.126228 -0.991829] 
fr 93968
ts 34595.401137
6d 1 [12 1.000][-1904.468 -76.684 715.471 -172.7458 1.0567 104.7402][-0.254393 -0.958756 -0.126770 -0.966925 0.254651 0.014436 0.018441 0.126250 -0.991827] 
fr 93969
ts 34595.417790
6d 1 [12 1.000][-1904.475 -76.679 715.450 -172.7359 1.0528 104.7415][-0.254415 -0.958731 -0.126919 -0.966921 0.254662 0.014549 0.018373 0.126422 -0.991806] 
fr 93970
ts 34595.434451
6d 1 [12 1.000][-1904.474 -76.690 715.470 -172.7362 1.0526 104.7413][-0.254413 -0.958732 -0.126913 -0.966921 0.254660 0.014550 0.018370 0.126417 -0.991807] 
fr 93971
ts 34595.451098
6d 1 [12 1.000][-1904.465 -76.682 715.456 -172.7385 1.0519 104.7411][-0.254409 -0.958738 -0.126872 -0.966922 0.254656 0.014550 0.018359 0.126378 -0.991812] 
fr 93972
ts 34595.467760
6d 1 [12 1.000][-1904.465 -76.682 715.456 -172.7385 1.0519 104.7411][-0.254409 -0.958738 -0.126872 -0.966922 0.254656 0.014550 0.018359 0.126378 -0.991812] 
fr 93973
ts 34595.484451
6d 1 [12 1.000][-1904.465 -76.682 715.456 -172.7385 1.0519 104.7411][-0.254409 -0.958738 -0.126872 -0.966922 0.254656 0.014550 0.018359 0.126378 -0.991812] 
fr 93974
ts 34595.501113
6d 1 [12 1.000][-1904.465 -76.682 715.456 -172.7385 1.0519 104.7411][-0.254409 -0.958738 -0.126872 -0.966922 0.254656 0.014550 0.018359 0.126378 -0.991812] 
fr 93975
ts 34595.517797
6d 1 [12 1.000][-1904.465 -76.682 715.456 -172.7385 1.0519 104.7411][-0.254409 -0.958738 -0.126872 -0.966922 0.254656 0.014550 0.018359 0.126378 -0.991812] 
fr 93976
ts 34595.534459
6d 1 [12 1.000][-1904.465 -76.682 715.456 -172.7385 1.0519 104.7411][-0.254409 -0.958738 -0.126872 -0.966922 0.254656 0.014550 0.018359 0.126378 -0.991812] 
fr 93977
ts 34595.551136
6d 1 [12 1.000][-1904.465 -76.682 715.456 -172.7385 1.0519 104.7411][-0.254409 -0.958738 -0.126872 -0.966922 0.254656 0.014550 0.018359 0.126378 -0.991812] 
fr 93978
ts 34595.567798
6d 1 [12 1.000][-1904.465 -76.682 715.456 -172.7385 1.0519 104.7411][-0.254409 -0.958738 -0.126872 -0.966922 0.254656 0.014550 0.018359 0.126378 -0.991812] 
fr 93979
ts 34595.584464
6d 1 [12 1.000][-1904.465 -76.682 715.456 -172.7385 1.0519 104.7411][-0.254409 -0.958738 -0.126872 -0.966922 0.254656 0.014550 0.018359 0.126378 -0.991812] 
fr 93980
ts 34595.601125
6d 1 [12 1.000][-1904.465 -76.682 715.456 -172.7385 1.0519 104.7411][-0.254409 -0.958738 -0.126872 -0.966922 0.254656 0.014550 0.018359 0.126378 -0.991812] 
fr 93981
ts 34595.617794
6d 1 [12 1.000][-1904.465 -76.682 715.456 -172.7385 1.0519 104.7411][-0.254409 -0.958738 -0.126872 -0.966922 0.254656 0.014550 0.018359 0.126378 -0.991812] 
fr 93982
ts 34595.634455
6d 1 [12 1.000][-1904.465 -76.682 715.456 -172.7385 1.0519 104.7411][-0.254409 -0.958738 -0.126872 -0.966922 0.254656 0.014550 0.018359 0.126378 -0.991812] 
fr 93983
ts 34595.651110
6d 1 [12 1.000][-1904.465 -76.682 715.456 -172.7385 1.0519 104.7411][-0.254409 -0.958738 -0.126872 -0.966922 0.254656 0.014550 0.018359 0.126378 -0.991812] 
fr 93984
ts 34595.667773
6d 1 [12 1.000][-1904.465 -76.682 715.456 -172.7385 1.0519 104.7411][-0.254409 -0.958738 -0.126872 -0.966922 0.254656 0.014550 0.018359 0.126378 -0.991812] 
fr 93985
ts 34595.684423
6d 1 [12 1.000][-1904.465 -76.682 715.456 -172.7385 1.0519 104.7411][-0.254409 -0.958738 -0.126872 -0.966922 0.254656 0.014550 0.018359 0.126378 -0.991812] 
fr 93986
ts 34595.701085
6d 1 [12 1.000][-1904.465 -76.682 715.456 -172.7385 1.0519 104.7411][-0.254409 -0.958738 -0.126872 -0.966922 0.254656 0.014550 0.018359 0.126378 -0.991812] 
fr 93987
ts 34595.717728
6d 1 [12 1.000][-1904.465 -76.682 715.456 -172.7385 1.0519 104.7411][-0.254409 -0.958738 -0.126872 -0.966922 0.254656 0.014550 0.018359 0.126378 -0.991812] 
fr 93988
ts 34595.734388
6d 1 [12 1.000][-1904.465 -76.682 715.456 -172.7385 1.0519 104.7411][-0.254409 -0.958738 -0.126872 -0.966922 0.254656 0.014550 0.018359 0.126378 -0.991812] 
fr 93989
ts 34595.751078
6d 1 [12 1.000][-1904.465 -76.682 715.456 -172.7385 1.0519 104.7411][-0.254409 -0.958738 -0.126872 -0.966922 0.254656 0.014550 0.018359 0.126378 -0.991812] 
fr 93990
ts 34595.767738
6d 1 [12 1.000][-1904.465 -76.682 715.456 -172.7385 1.0519 104.7411][-0.254409 -0.958738 -0.126872 -0.966922 0.254656 0.014550 0.018359 0.126378 -0.991812] 
fr 93991
ts 34595.784416
6d 1 [12 1.000][-1904.465 -76.682 715.456 -172.7385 1.0519 104.7411][-0.254409 -0.958738 -0.126872 -0.966922 0.254656 0.014550 0.018359 0.126378 -0.991812] 
fr 93992
ts 34595.801083
6d 1 [12 1.000][-1904.465 -76.682 715.456 -172.7385 1.0519 104.7411][-0.254409 -0.958738 -0.126872 -0.966922 0.254656 0.014550 0.018359 0.126378 -0.991812] 
fr 93993
ts 34595.817756
6d 1 [12 1.000][-1904.465 -76.682 715.456 -172.7385 1.0519 104.7411][-0.254409 -0.958738 -0.126872 -0.966922 0.254656 0.014550 0.018359 0.126378 -0.991812] 
fr 93994
ts 34595.834417
6d 1 [12 1.000][-1904.465 -76.682 715.456 -172.7385 1.0519 104.7411][-0.254409 -0.958738 -0.126872 -0.966922 0.254656 0.014550 0.018359 0.126378 -0.991812] 
fr 93995
ts 34595.851085
6d 1 [12 1.000][-1904.465 -76.682 715.456 -172.7385 1.0519 104.7411][-0.254409 -0.958738 -0.126872 -0.966922 0.254656 0.014550 0.018359 0.126378 -0.991812] 
fr 93996
ts 34595.867746
6d 1 [12 1.000][-1904.458 -76.688 715.463 -172.7394 1.0528 104.7405][-0.254399 -0.958743 -0.126861 -0.966925 0.254647 0.014530 0.018374 0.126362 -0.991814] 
fr 93997
ts 34595.884407
6d 1 [12 1.000][-1904.454 -76.691 715.473 -172.7475 1.0568 104.7360][-0.254323 -0.958778 -0.126744 -0.966944 0.254582 0.014418 0.018443 0.126221 -0.991831] 
fr 93998
ts 34595.901068
6d 1 [12 1.000][-1904.454 -76.691 715.473 -172.7475 1.0568 104.7360][-0.254323 -0.958778 -0.126744 -0.966944 0.254582 0.014418 0.018443 0.126221 -0.991831] 
fr 93999
ts 34595.917721
6d 1 [12 1.000][-1904.454 -76.691 715.473 -172.7475 1.0568 104.7360][-0.254323 -0.958778 -0.126744 -0.966944 0.254582 0.014418 0.018443 0.126221 -0.991831] 
fr 94000
ts 34595.934383
6d 1 [12 1.000][-1904.454 -76.691 715.473 -172.7475 1.0568 104.7360][-0.254323 -0.958778 -0.126744 -0.966944 0.254582 0.014418 0.018443 0.126221 -0.991831] 
fr 94001
ts 34595.951030
6d 1 [12 1.000][-1904.454 -76.691 715.473 -172.7475 1.0568 104.7360][-0.254323 -0.958778 -0.126744 -0.966944 0.254582 0.014418 0.018443 0.126221 -0.991831] 
fr 94002
ts 34595.967690
6d 1 [12 1.000][-1904.454 -76.691 715.473 -172.7475 1.0568 104.7360][-0.254323 -0.958778 -0.126744 -0.966944 0.254582 0.014418 0.018443 0.126221 -0.991831] 
fr 94003
ts 34595.984383
6d 1 [12 1.000][-1904.454 -76.691 715.473 -172.7475 1.0568 104.7360][-0.254323 -0.958778 -0.126744 -0.966944 0.254582 0.014418 0.018443 0.126221 -0.991831] 
fr 94004
ts 34596.001044
6d 1 [12 1.000][-1904.454 -76.691 715.473 -172.7475 1.0568 104.7360][-0.254323 -0.958778 -0.126744 -0.966944 0.254582 0.014418 0.018443 0.126221 -0.991831] 
fr 94005
ts 34596.017728
6d 1 [12 1.000][-1904.454 -76.691 715.473 -172.7475 1.0568 104.7360][-0.254323 -0.958778 -0.126744 -0.966944 0.254582 0.014418 0.018443 0.126221 -0.991831] 
fr 94006
ts 34596.034391
6d 1 [12 1.000][-1904.454 -76.691 715.473 -172.7475 1.0568 104.7360][-0.254323 -0.958778 -0.126744 -0.966944 0.254582 0.014418 0.018443 0.126221 -0.991831] 
fr 94007
ts 34596.051064
6d 1 [12 1.000][-1904.454 -76.691 715.473 -172.7475 1.0568 104.7360][-0.254323 -0.958778 -0.126744 -0.966944 0.254582 0.014418 0.018443 0.126221 -0.991831] 
fr 94008
ts 34596.067729
6d 1 [12 1.000][-1904.454 -76.691 715.473 -172.7475 1.0568 104.7360][-0.254323 -0.958778 -0.126744 -0.966944 0.254582 0.014418 0.018443 0.126221 -0.991831] 
fr 94009
ts 34596.084401
6d 1 [12 1.000][-1904.454 -76.691 715.473 -172.7475 1.0568 104.7360][-0.254323 -0.958778 -0.126744 -0.966944 0.254582 0.014418 0.018443 0.126221 -0.991831] 
fr 94010
ts 34596.101062
6d 1 [12 1.000][-1904.454 -76.691 715.473 -172.7475 1.0568 104.7360][-0.254323 -0.958778 -0.126744 -0.966944 0.254582 0.014418 0.018443 0.126221 -0.991831] 
fr 94011
ts 34596.117726
6d 1 [12 1.000][-1904.454 -76.691 715.473 -172.7475 1.0568 104.7360][-0.254323 -0.958778 -0.126744 -0.966944 0.254582 0.014418 0.018443 0.126221 -0.991831] 
fr 94012
ts 34596.134388
6d 1 [12 1.000][-1904.454 -76.691 715.473 -172.7475 1.0568 104.7360][-0.254323 -0.958778 -0.126744 -0.966944 0.254582 0.014418 0.018443 0.126221 -0.991831] 
fr 94013
ts 34596.151043
6d 1 [12 1.000][-1904.454 -76.691 715.473 -172.7475 1.0568 104.7360][-0.254323 -0.958778 -0.126744 -0.966944 0.254582 0.014418 0.018443 0.126221 -0.991831] 
fr 94014
ts 34596.167706
6d 1 [12 1.000][-1904.454 -76.691 715.473 -172.7475 1.0568 104.7360][-0.254323 -0.958778 -0.126744 -0.966944 0.254582 0.014418 0.018443 0.126221 -0.991831] 
fr 94015
ts 34596.184355
6d 1 [12 1.000][-1904.454 -76.725 715.493 -172.7467 1.0562 104.7360][-0.254322 -0.958777 -0.126755 -0.966944 0.254581 0.014432 0.018432 0.126235 -0.991829] 
fr 94016
ts 34596.201018
6d 1 [12 1.000][-1904.448 -76.730 715.482 -172.7457 1.0545 104.7359][-0.254321 -0.958776 -0.126764 -0.966945 0.254576 0.014464 0.018403 0.126252 -0.991828] 
fr 94017
ts 34596.217661
6d 1 [12 1.000][-1904.446 -76.738 715.506 -172.7454 1.0532 104.7354][-0.254312 -0.958779 -0.126764 -0.966948 0.254564 0.014486 0.018381 0.126258 -0.991827] 
fr 94018
ts 34596.234322
6d 1 [12 1.000][-1904.446 -76.718 715.490 -172.7392 1.0486 104.7356][-0.254317 -0.958766 -0.126846 -0.966948 0.254556 0.014590 0.018301 0.126364 -0.991815] 
fr 94019
ts 34596.251008
6d 1 [12 1.000][-1904.446 -76.718 715.490 -172.7392 1.0486 104.7356][-0.254317 -0.958766 -0.126846 -0.966948 0.254556 0.014590 0.018301 0.126364 -0.991815] 
fr 94020
ts 34596.267672
6d 1 [12 1.000][-1904.446 -76.718 715.490 -172.7392 1.0486 104.7356][-0.254317 -0.958766 -0.126846 -0.966948 0.254556 0.014590 0.018301 0.126364 -0.991815] 
fr 94021
ts 34596.284353
6d 1 [12 1.000][-1904.446 -76.718 715.490 -172.7392 1.0486 104.7356][-0.254317 -0.958766 -0.126846 -0.966948 0.254556 0.014590 0.018301 0.126364 -0.991815] 
fr 94022
ts 34596.301015
6d 1 [12 1.000][-1904.446 -76.718 715.490 -172.7392 1.0486 104.7356][-0.254317 -0.958766 -0.126846 -0.966948 0.254556 0.014590 0.018301 0.126364 -0.991815] 
fr 94023
ts 34596.317689
6d 1 [12 1.000][-1904.446 -76.718 715.490 -172.7392 1.0486 104.7356][-0.254317 -0.958766 -0.126846 -0.966948 0.254556 0.014590 0.018301 0.126364 -0.991815] 
fr 94024
ts 34596.334351
6d 1 [12 1.000][-1904.446 -76.718 715.490 -172.7392 1.0486 104.7356][-0.254317 -0.958766 -0.126846 -0.966948 0.254556 0.014590 0.018301 0.126364 -0.991815] 
fr 94025
ts 34596.351014
6d 1 [12 1.000][-1904.446 -76.718 715.490 -172.7392 1.0486 104.7356][-0.254317 -0.958766 -0.126846 -0.966948 0.254556 0.014590 0.018301 0.126364 -0.991815] 
fr 94026
ts 34596.367680
6d 1 [12 1.000][-1904.446 -76.718 715.490 -172.7392 1.0486 104.7356][-0.254317 -0.958766 -0.126846 -0.966948 0.254556 0.014590 0.018301 0.126364 -0.991815] 
fr 94027
ts 34596.384340
6d 1 [12 1.000][-1904.446 -76.718 715.490 -172.7392 1.0486 104.7356][-0.254317 -0.958766 -0.126846 -0.966948 0.254556 0.014590 0.018301 0.126364 -0.991815] 
fr 94028
ts 34596.401002
6d 1 [12 1.000][-1904.446 -76.718 715.490 -172.7392 1.0486 104.7356][-0.254317 -0.958766 -0.126846 -0.966948 0.254556 0.014590 0.018301 0.126364 -0.991815] 
fr 94029
ts 34596.417656
6d 1 [12 1.000][-1904.446 -76.718 715.490 -172.7392 1.0486 104.7356][-0.254317 -0.958766 -0.126846 -0.966948 0.254556 0.014590 0.018301 0.126364 -0.991815] 
fr 94030
ts 34596.434318
6d 1 [12 1.000][-1904.460 -76.678 715.460 -172.7384 1.0482 104.7362][-0.254326 -0.958762 -0.126858 -0.966946 0.254564 0.014603 0.018293 0.126379 -0.991813] 
fr 94031
ts 34596.450963
6d 1 [12 1.000][-1904.469 -76.697 715.438 -172.7377 1.0491 104.7366][-0.254333 -0.958758 -0.126874 -0.966943 0.254573 0.014591 0.018309 0.126391 -0.991812] 
fr 94032
ts 34596.467627
6d 1 [12 1.000][-1904.465 -76.688 715.459 -172.7328 1.0439 104.7402][-0.254394 -0.958734 -0.126933 -0.966929 0.254622 0.014708 0.018219 0.126476 -0.991802] 
fr 94033
ts 34596.484318
6d 1 [12 1.000][-1904.465 -76.688 715.459 -172.7328 1.0439 104.7402][-0.254394 -0.958734 -0.126933 -0.966929 0.254622 0.014708 0.018219 0.126476 -0.991802] 
fr 94034
ts 34596.500978
6d 1 [12 1.000][-1904.465 -76.688 715.459 -172.7328 1.0439 104.7402][-0.254394 -0.958734 -0.126933 -0.966929 0.254622 0.014708 0.018219 0.126476 -0.991802] 
fr 94035
ts 34596.517664
6d 1 [12 1.000][-1904.465 -76.688 715.459 -172.7328 1.0439 104.7402][-0.254394 -0.958734 -0.126933 -0.966929 0.254622 0.014708 0.018219 0.126476 -0.991802] 
fr 94036
ts 34596.534326
6d 1 [12 1.000][-1904.465 -76.688 715.459 -172.7328 1.0439 104.7402][-0.254394 -0.958734 -0.126933 -0.966929 0.254622 0.014708 0.018219 0.126476 -0.991802] 
fr 94037
ts 34596.551003
6d 1 [12 1.000][-1904.465 -76.688 715.459 -172.7328 1.0439 104.7402][-0.254394 -0.958734 -0.126933 -0.966929 0.254622 0.014708 0.018219 0.126476 -0.991802] 
fr 94038
ts 34596.567665
6d 1 [12 1.000][-1904.465 -76.688 715.459 -172.7328 1.0439 104.7402][-0.254394 -0.958734 -0.126933 -0.966929 0.254622 0.014708 0.018219 0.126476 -0.991802] 
fr 94039
ts 34596.584336
6d 1 [12 1.000][-1904.465 -76.688 715.459 -172.7328 1.0439 104.7402][-0.254394 -0.958734 -0.126933 -0.966929 0.254622 0.014708 0.018219 0.126476 -0.991802] 
fr 94040
ts 34596.600999
6d 1 [12 1.000][-1904.465 -76.688 715.459 -172.7328 1.0439 104.7402][-0.254394 -0.958734 -0.126933 -0.966929 0.254622 0.014708 0.018219 0.126476 -0.991802] 
fr 94041
ts 34596.617662
6d 1 [12 1.000][-1904.465 -76.688 715.459 -172.7328 1.0439 104.7402][-0.254394 -0.958734 -0.126933 -0.966929 0.254622 0.014708 0.018219 0.126476 -0.991802] 
fr 94042
ts 34596.634323
6d 1 [12 1.000][-1904.460 -76.680 715.521 -172.7346 1.0456 104.7394][-0.254381 -0.958741 -0.126910 -0.966932 0.254612 0.014669 0.018249 0.126445 -0.991806] 
fr 94043
ts 34596.650981
6d 1 [12 1.000][-1904.460 -76.684 715.515 -172.7366 1.0485 104.7381][-0.254359 -0.958750 -0.126890 -0.966937 0.254597 0.014610 0.018298 0.126410 -0.991809] 
fr 94044
ts 34596.667641
6d 1 [12 1.000][-1904.467 -76.684 715.496 -172.7486 1.0631 104.7317][-0.254250 -0.958796 -0.126755 -0.966961 0.254525 0.014297 0.018554 0.126202 -0.991831] 
fr 94045
ts 34596.684288
6d 1 [12 1.000][-1904.467 -76.684 715.496 -172.7486 1.0631 104.7317][-0.254250 -0.958796 -0.126755 -0.966961 0.254525 0.014297 0.018554 0.126202 -0.991831] 
fr 94046
ts 34596.700954
6d 1 [12 1.000][-1904.467 -76.684 715.496 -172.7486 1.0631 104.7317][-0.254250 -0.958796 -0.126755 -0.966961 0.254525 0.014297 0.018554 0.126202 -0.991831] 
fr 94047
ts 34596.717596
6d 1 [12 1.000][-1904.467 -76.684 715.496 -172.7486 1.0631 104.7317][-0.254250 -0.958796 -0.126755 -0.966961 0.254525 0.014297 0.018554 0.126202 -0.991831] 
fr 94048
ts 34596.734258
6d 1 [12 1.000][-1904.467 -76.684 715.496 -172.7486 1.0631 104.7317][-0.254250 -0.958796 -0.126755 -0.966961 0.254525 0.014297 0.018554 0.126202 -0.991831] 
fr 94049
ts 34596.750943
6d 1 [12 1.000][-1904.467 -76.684 715.496 -172.7486 1.0631 104.7317][-0.254250 -0.958796 -0.126755 -0.966961 0.254525 0.014297 0.018554 0.126202 -0.991831] 
fr 94050
ts 34596.767608
6d 1 [12 1.000][-1904.467 -76.684 715.496 -172.7486 1.0631 104.7317][-0.254250 -0.958796 -0.126755 -0.966961 0.254525 0.014297 0.018554 0.126202 -0.991831] 
fr 94051
ts 34596.784291
6d 1 [12 1.000][-1904.467 -76.684 715.496 -172.7486 1.0631 104.7317][-0.254250 -0.958796 -0.126755 -0.966961 0.254525 0.014297 0.018554 0.126202 -0.991831] 
fr 94052
ts 34596.800953
6d 1 [12 1.000][-1904.467 -76.684 715.496 -172.7486 1.0631 104.7317][-0.254250 -0.958796 -0.126755 -0.966961 0.254525 0.014297 0.018554 0.126202 -0.991831] 
fr 94053
ts 34596.817627
6d 1 [12 1.000][-1904.467 -76.684 715.496 -172.7486 1.0631 104.7317][-0.254250 -0.958796 -0.126755 -0.966961 0.254525 0.014297 0.018554 0.126202 -0.991831] 
fr 94054
ts 34596.834288
6d 1 [12 1.000][-1904.467 -76.684 715.496 -172.7486 1.0631 104.7317][-0.254250 -0.958796 -0.126755 -0.966961 0.254525 0.014297 0.018554 0.126202 -0.991831] 
fr 94055
ts 34596.850956
6d 1 [12 1.000][-1904.467 -76.684 715.496 -172.7486 1.0631 104.7317][-0.254250 -0.958796 -0.126755 -0.966961 0.254525 0.014297 0.018554 0.126202 -0.991831] 
fr 94056
ts 34596.867617
6d 1 [12 1.000][-1904.467 -76.684 715.496 -172.7486 1.0631 104.7317][-0.254250 -0.958796 -0.126755 -0.966961 0.254525 0.014297 0.018554 0.126202 -0.991831] 
fr 94057
ts 34596.884278
6d 1 [12 1.000][-1904.467 -76.684 715.496 -172.7486 1.0631 104.7317][-0.254250 -0.958796 -0.126755 -0.966961 0.254525 0.014297 0.018554 0.126202 -0.991831] 
fr 94058
ts 34596.900941
6d 1 [12 1.000][-1904.467 -76.684 715.496 -172.7486 1.0631 104.7317][-0.254250 -0.958796 -0.126755 -0.966961 0.254525 0.014297 0.018554 0.126202 -0.991831] 
fr 94059
ts 34596.917594
6d 1 [12 1.000][-1904.467 -76.684 715.496 -172.7486 1.0631 104.7317][-0.254250 -0.958796 -0.126755 -0.966961 0.254525 0.014297 0.018554 0.126202 -0.991831] 
fr 94060
ts 34596.934254
6d 1 [12 1.000][-1904.467 -76.684 715.496 -172.7486 1.0631 104.7317][-0.254250 -0.958796 -0.126755 -0.966961 0.254525 0.014297 0.018554 0.126202 -0.991831] 
fr 94061
ts 34596.950902
6d 1 [12 1.000][-1904.467 -76.684 715.496 -172.7486 1.0631 104.7317][-0.254250 -0.958796 -0.126755 -0.966961 0.254525 0.014297 0.018554 0.126202 -0.991831] 
fr 94062
ts 34596.967563
6d 1 [12 1.000][-1904.467 -76.684 715.496 -172.7486 1.0631 104.7317][-0.254250 -0.958796 -0.126755 -0.966961 0.254525 0.014297 0.018554 0.126202 -0.991831] 
fr 94063
ts 34596.984255
6d 1 [12 1.000][-1904.467 -76.684 715.496 -172.7486 1.0631 104.7317][-0.254250 -0.958796 -0.126755 -0.966961 0.254525 0.014297 0.018554 0.126202 -0.991831] 
fr 94064
ts 34597.000917
6d 1 [12 1.000][-1904.467 -76.684 715.496 -172.7486 1.0631 104.7317][-0.254250 -0.958796 -0.126755 -0.966961 0.254525 0.014297 0.018554 0.126202 -0.991831] 
fr 94065
ts 34597.017599
6d 1 [12 1.000][-1904.467 -76.684 715.496 -172.7486 1.0631 104.7317][-0.254250 -0.958796 -0.126755 -0.966961 0.254525 0.014297 0.018554 0.126202 -0.991831] 
fr 94066
ts 34597.034263
6d 1 [12 1.000][-1904.467 -76.684 715.496 -172.7486 1.0631 104.7317][-0.254250 -0.958796 -0.126755 -0.966961 0.254525 0.014297 0.018554 0.126202 -0.991831] 
fr 94067
ts 34597.050942
6d 1 [12 1.000][-1904.467 -76.684 715.496 -172.7486 1.0631 104.7317][-0.254250 -0.958796 -0.126755 -0.966961 0.254525 0.014297 0.018554 0.126202 -0.991831] 
fr 94068
ts 34597.067603
6d 1 [12 1.000][-1904.467 -76.684 715.496 -172.7486 1.0631 104.7317][-0.254250 -0.958796 -0.126755 -0.966961 0.254525 0.014297 0.018554 0.126202 -0.991831] 
fr 94069
ts 34597.084275
6d 1 [12 1.000][-1904.467 -76.684 715.496 -172.7486 1.0631 104.7317][-0.254250 -0.958796 -0.126755 -0.966961 0.254525 0.014297 0.018554 0.126202 -0.991831] 
fr 94070
ts 34597.100936
6d 1 [12 1.000][-1904.467 -76.684 715.496 -172.7486 1.0631 104.7317][-0.254250 -0.958796 -0.126755 -0.966961 0.254525 0.014297 0.018554 0.126202 -0.991831] 
fr 94071
ts 34597.117597
6d 1 [12 1.000][-1904.467 -76.684 715.496 -172.7486 1.0631 104.7317][-0.254250 -0.958796 -0.126755 -0.966961 0.254525 0.014297 0.018554 0.126202 -0.991831] 
fr 94072
ts 34597.134262
6d 1 [12 1.000][-1904.467 -76.684 715.496 -172.7486 1.0631 104.7317][-0.254250 -0.958796 -0.126755 -0.966961 0.254525 0.014297 0.018554 0.126202 -0.991831] 
fr 94073
ts 34597.150920
6d 1 [12 1.000][-1904.467 -76.684 715.496 -172.7486 1.0631 104.7317][-0.254250 -0.958796 -0.126755 -0.966961 0.254525 0.014297 0.018554 0.126202 -0.991831] 
fr 94074
ts 34597.167581
6d 1 [12 1.000][-1904.467 -76.684 715.496 -172.7486 1.0631 104.7317][-0.254250 -0.958796 -0.126755 -0.966961 0.254525 0.014297 0.018554 0.126202 -0.991831] 
fr 94075
ts 34597.184232
6d 1 [12 1.000][-1904.467 -76.684 715.496 -172.7486 1.0631 104.7317][-0.254250 -0.958796 -0.126755 -0.966961 0.254525 0.014297 0.018554 0.126202 -0.991831] 
fr 94076
ts 34597.200892
6d 1 [12 1.000][-1904.467 -76.684 715.496 -172.7486 1.0631 104.7317][-0.254250 -0.958796 -0.126755 -0.966961 0.254525 0.014297 0.018554 0.126202 -0.991831] 
fr 94077
ts 34597.217533
6d 1 [12 1.000][-1904.467 -76.684 715.496 -172.7486 1.0631 104.7317][-0.254250 -0.958796 -0.126755 -0.966961 0.254525 0.014297 0.018554 0.126202 -0.991831] 
fr 94078
ts 34597.234199
6d 1 [12 1.000][-1904.467 -76.684 715.496 -172.7486 1.0631 104.7317][-0.254250 -0.958796 -0.126755 -0.966961 0.254525 0.014297 0.018554 0.126202 -0.991831] 
fr 94079
ts 34597.250888
6d 1 [12 1.000][-1904.467 -76.684 715.496 -172.7486 1.0631 104.7317][-0.254250 -0.958796 -0.126755 -0.966961 0.254525 0.014297 0.018554 0.126202 -0.991831] 
fr 94080
ts 34597.267549
6d 1 [12 1.000][-1904.467 -76.684 715.496 -172.7486 1.0631 104.7317][-0.254250 -0.958796 -0.126755 -0.966961 0.254525 0.014297 0.018554 0.126202 -0.991831] 
fr 94081
ts 34597.284231
6d 1 [12 1.000][-1904.467 -76.684 715.496 -172.7486 1.0631 104.7317][-0.254250 -0.958796 -0.126755 -0.966961 0.254525 0.014297 0.018554 0.126202 -0.991831] 
fr 94082
ts 34597.300892
6d 1 [12 1.000][-1904.467 -76.684 715.496 -172.7486 1.0631 104.7317][-0.254250 -0.958796 -0.126755 -0.966961 0.254525 0.014297 0.018554 0.126202 -0.991831] 
fr 94083
ts 34597.317567
6d 1 [12 1.000][-1904.467 -76.684 715.496 -172.7486 1.0631 104.7317][-0.254250 -0.958796 -0.126755 -0.966961 0.254525 0.014297 0.018554 0.126202 -0.991831] 
fr 94084
ts 34597.334229
6d 1 [12 1.000][-1904.467 -76.684 715.496 -172.7486 1.0631 104.7317][-0.254250 -0.958796 -0.126755 -0.966961 0.254525 0.014297 0.018554 0.126202 -0.991831] 
fr 94085
ts 34597.350896
6d 1 [12 1.000][-1904.467 -76.684 715.496 -172.7486 1.0631 104.7317][-0.254250 -0.958796 -0.126755 -0.966961 0.254525 0.014297 0.018554 0.126202 -0.991831] 
fr 94086
ts 34597.367558
6d 1 [12 1.000][-1904.467 -76.684 715.496 -172.7486 1.0631 104.7317][-0.254250 -0.958796 -0.126755 -0.966961 0.254525 0.014297 0.018554 0.126202 -0.991831] 
fr 94087
ts 34597.384218
6d 1 [12 1.000][-1904.467 -76.684 715.496 -172.7486 1.0631 104.7317][-0.254250 -0.958796 -0.126755 -0.966961 0.254525 0.014297 0.018554 0.126202 -0.991831] 
fr 94088
ts 34597.400881
6d 1 [12 1.000][-1904.467 -76.684 715.496 -172.7486 1.0631 104.7317][-0.254250 -0.958796 -0.126755 -0.966961 0.254525 0.014297 0.018554 0.126202 -0.991831] 
fr 94089
ts 34597.417531
6d 1 [12 1.000][-1904.467 -76.684 715.496 -172.7486 1.0631 104.7317][-0.254250 -0.958796 -0.126755 -0.966961 0.254525 0.014297 0.018554 0.126202 -0.991831] 
fr 94090
ts 34597.434196
6d 1 [12 1.000][-1904.467 -76.684 715.496 -172.7486 1.0631 104.7317][-0.254250 -0.958796 -0.126755 -0.966961 0.254525 0.014297 0.018554 0.126202 -0.991831] 
fr 94091
ts 34597.450839
6d 1 [12 1.000][-1904.467 -76.684 715.496 -172.7486 1.0631 104.7317][-0.254250 -0.958796 -0.126755 -0.966961 0.254525 0.014297 0.018554 0.126202 -0.991831] 
fr 94092
ts 34597.467504
6d 1 [12 1.000][-1904.467 -76.684 715.496 -172.7486 1.0631 104.7317][-0.254250 -0.958796 -0.126755 -0.966961 0.254525 0.014297 0.018554 0.126202 -0.991831] 
fr 94093
ts 34597.484197
6d 1 [12 1.000][-1904.467 -76.684 715.496 -172.7486 1.0631 104.7317][-0.254250 -0.958796 -0.126755 -0.966961 0.254525 0.014297 0.018554 0.126202 -0.991831] 
fr 94094
ts 34597.500858
6d 1 [12 1.000][-1904.467 -76.684 715.496 -172.7486 1.0631 104.7317][-0.254250 -0.958796 -0.126755 -0.966961 0.254525 0.014297 0.018554 0.126202 -0.991831] 
fr 94095
ts 34597.517542
6d 1 [12 1.000][-1904.467 -76.684 715.496 -172.7486 1.0631 104.7317][-0.254250 -0.958796 -0.126755 -0.966961 0.254525 0.014297 0.018554 0.126202 -0.991831] 
fr 94096
ts 34597.534205
6d 1 [12 1.000][-1904.467 -76.684 715.496 -172.7486 1.0631 104.7317][-0.254250 -0.958796 -0.126755 -0.966961 0.254525 0.014297 0.018554 0.126202 -0.991831] 
fr 94097
ts 34597.550884
6d 1 [12 1.000][-1904.467 -76.684 715.496 -172.7486 1.0631 104.7317][-0.254250 -0.958796 -0.126755 -0.966961 0.254525 0.014297 0.018554 0.126202 -0.991831] 
fr 94098
ts 34597.567545
6d 1 [12 1.000][-1904.467 -76.684 715.496 -172.7486 1.0631 104.7317][-0.254250 -0.958796 -0.126755 -0.966961 0.254525 0.014297 0.018554 0.126202 -0.991831] 
fr 94099
ts 34597.584217
6d 1 [12 1.000][-1904.467 -76.684 715.496 -172.7486 1.0631 104.7317][-0.254250 -0.958796 -0.126755 -0.966961 0.254525 0.014297 0.018554 0.126202 -0.991831] 
fr 94100
ts 34597.600878
6d 1 [12 1.000][-1904.467 -76.684 715.496 -172.7486 1.0631 104.7317][-0.254250 -0.958796 -0.126755 -0.966961 0.254525 0.014297 0.018554 0.126202 -0.991831] 
fr 94101
ts 34597.617538
6d 1 [12 1.000][-1904.467 -76.684 715.496 -172.7486 1.0631 104.7317][-0.254250 -0.958796 -0.126755 -0.966961 0.254525 0.014297 0.018554 0.126202 -0.991831] 
fr 94102
ts 34597.634204
6d 1 [12 1.000][-1904.467 -76.684 715.496 -172.7486 1.0631 104.7317][-0.254250 -0.958796 -0.126755 -0.966961 0.254525 0.014297 0.018554 0.126202 -0.991831] 
fr 94103
ts 34597.650862
6d 1 [12 1.000][-1904.467 -76.684 715.496 -172.7486 1.0631 104.7317][-0.254250 -0.958796 -0.126755 -0.966961 0.254525 0.014297 0.018554 0.126202 -0.991831] 
fr 94104
ts 34597.667524
6d 1 [12 1.000][-1904.467 -76.684 715.496 -172.7486 1.0631 104.7317][-0.254250 -0.958796 -0.126755 -0.966961 0.254525 0.014297 0.018554 0.126202 -0.991831] 
fr 94105
ts 34597.684174
6d 1 [12 1.000][-1904.467 -76.684 715.496 -172.7486 1.0631 104.7317][-0.254250 -0.958796 -0.126755 -0.966961 0.254525 0.014297 0.018554 0.126202 -0.991831] 
fr 94106
ts 34597.700835
6d 1 [12 1.000][-1904.467 -76.684 715.496 -172.7486 1.0631 104.7317][-0.254250 -0.958796 -0.126755 -0.966961 0.254525 0.014297 0.018554 0.126202 -0.991831] 
fr 94107
ts 34597.717479
6d 1 [12 1.000][-1904.467 -76.684 715.496 -172.7486 1.0631 104.7317][-0.254250 -0.958796 -0.126755 -0.966961 0.254525 0.014297 0.018554 0.126202 -0.991831] 
fr 94108
ts 34597.734139
6d 1 [12 1.000][-1904.467 -76.684 715.496 -172.7486 1.0631 104.7317][-0.254250 -0.958796 -0.126755 -0.966961 0.254525 0.014297 0.018554 0.126202 -0.991831] 
fr 94109
ts 34597.750827
6d 1 [12 1.000][-1904.467 -76.684 715.496 -172.7486 1.0631 104.7317][-0.254250 -0.958796 -0.126755 -0.966961 0.254525 0.014297 0.018554 0.126202 -0.991831] 
fr 94110
ts 34597.767492
6d 1 [12 1.000][-1904.465 -76.678 715.461 -172.7478 1.0609 104.7322][-0.254257 -0.958794 -0.126757 -0.966959 0.254527 0.014339 0.018515 0.126215 -0.991830] 
fr 94111
ts 34597.784173
6d 1 [12 1.000][-1904.464 -76.687 715.464 -172.7470 1.0589 104.7322][-0.254258 -0.958793 -0.126763 -0.966960 0.254523 0.014376 0.018481 0.126230 -0.991829] 
fr 94112
ts 34597.800835
6d 1 [12 1.000][-1904.457 -76.683 715.486 -172.7429 1.0422 104.7348][-0.254303 -0.958782 -0.126756 -0.966953 0.254530 0.014680 0.018188 0.126301 -0.991825] 
fr 94113
ts 34597.817506
6d 1 [12 1.000][-1904.457 -76.683 715.486 -172.7429 1.0422 104.7348][-0.254303 -0.958782 -0.126756 -0.966953 0.254530 0.014680 0.018188 0.126301 -0.991825] 
fr 94114
ts 34597.834170
6d 1 [12 1.000][-1904.457 -76.683 715.486 -172.7429 1.0422 104.7348][-0.254303 -0.958782 -0.126756 -0.966953 0.254530 0.014680 0.018188 0.126301 -0.991825] 
fr 94115
ts 34597.850839
6d 1 [12 1.000][-1904.457 -76.683 715.486 -172.7429 1.0422 104.7348][-0.254303 -0.958782 -0.126756 -0.966953 0.254530 0.014680 0.018188 0.126301 -0.991825] 
fr 94116
ts 34597.867500
6d 1 [12 1.000][-1904.457 -76.683 715.486 -172.7429 1.0422 104.7348][-0.254303 -0.958782 -0.126756 -0.966953 0.254530 0.014680 0.018188 0.126301 -0.991825] 
fr 94117
ts 34597.884158
6d 1 [12 1.000][-1904.457 -76.683 715.486 -172.7429 1.0422 104.7348][-0.254303 -0.958782 -0.126756 -0.966953 0.254530 0.014680 0.018188 0.126301 -0.991825] 
fr 94118
ts 34597.900823
6d 1 [12 1.000][-1904.457 -76.683 715.486 -172.7429 1.0422 104.7348][-0.254303 -0.958782 -0.126756 -0.966953 0.254530 0.014680 0.018188 0.126301 -0.991825] 
fr 94119
ts 34597.917478
6d 1 [12 1.000][-1904.457 -76.683 715.486 -172.7429 1.0422 104.7348][-0.254303 -0.958782 -0.126756 -0.966953 0.254530 0.014680 0.018188 0.126301 -0.991825] 
fr 94120
ts 34597.934139
6d 1 [12 1.000][-1904.457 -76.683 715.486 -172.7429 1.0422 104.7348][-0.254303 -0.958782 -0.126756 -0.966953 0.254530 0.014680 0.018188 0.126301 -0.991825] 
fr 94121
ts 34597.950787
6d 1 [12 1.000][-1904.457 -76.683 715.486 -172.7429 1.0422 104.7348][-0.254303 -0.958782 -0.126756 -0.966953 0.254530 0.014680 0.018188 0.126301 -0.991825] 
fr 94122
ts 34597.967447
6d 1 [12 1.000][-1904.457 -76.683 715.486 -172.7429 1.0422 104.7348][-0.254303 -0.958782 -0.126756 -0.966953 0.254530 0.014680 0.018188 0.126301 -0.991825] 
fr 94123
ts 34597.984141
6d 1 [12 1.000][-1904.457 -76.683 715.486 -172.7429 1.0422 104.7348][-0.254303 -0.958782 -0.126756 -0.966953 0.254530 0.014680 0.018188 0.126301 -0.991825] 
fr 94124
ts 34598.000802
6d 1 [12 1.000][-1904.457 -76.683 715.486 -172.7429 1.0422 104.7348][-0.254303 -0.958782 -0.126756 -0.966953 0.254530 0.014680 0.018188 0.126301 -0.991825] 
fr 94125
ts 34598.017488
6d 1 [12 1.000][-1904.457 -76.683 715.486 -172.7429 1.0422 104.7348][-0.254303 -0.958782 -0.126756 -0.966953 0.254530 0.014680 0.018188 0.126301 -0.991825] 
fr 94126
ts 34598.034150
6d 1 [12 1.000][-1904.457 -76.683 715.486 -172.7429 1.0422 104.7348][-0.254303 -0.958782 -0.126756 -0.966953 0.254530 0.014680 0.018188 0.126301 -0.991825] 
fr 94127
ts 34598.050827
6d 1 [12 1.000][-1904.457 -76.683 715.486 -172.7429 1.0422 104.7348][-0.254303 -0.958782 -0.126756 -0.966953 0.254530 0.014680 0.018188 0.126301 -0.991825] 
fr 94128
ts 34598.067489
6d 1 [12 1.000][-1904.457 -76.683 715.486 -172.7429 1.0422 104.7348][-0.254303 -0.958782 -0.126756 -0.966953 0.254530 0.014680 0.018188 0.126301 -0.991825] 
fr 94129
ts 34598.084161
6d 1 [12 1.000][-1904.457 -76.683 715.486 -172.7429 1.0422 104.7348][-0.254303 -0.958782 -0.126756 -0.966953 0.254530 0.014680 0.018188 0.126301 -0.991825] 
fr 94130
ts 34598.100823
6d 1 [12 1.000][-1904.457 -76.683 715.486 -172.7429 1.0422 104.7348][-0.254303 -0.958782 -0.126756 -0.966953 0.254530 0.014680 0.018188 0.126301 -0.991825] 
fr 94131
ts 34598.117488
6d 1 [12 1.000][-1904.457 -76.683 715.486 -172.7429 1.0422 104.7348][-0.254303 -0.958782 -0.126756 -0.966953 0.254530 0.014680 0.018188 0.126301 -0.991825] 
fr 94132
ts 34598.134149
6d 1 [12 1.000][-1904.457 -76.683 715.486 -172.7429 1.0422 104.7348][-0.254303 -0.958782 -0.126756 -0.966953 0.254530 0.014680 0.018188 0.126301 -0.991825] 
fr 94133
ts 34598.150807
6d 1 [12 1.000][-1904.457 -76.683 715.486 -172.7429 1.0422 104.7348][-0.254303 -0.958782 -0.126756 -0.966953 0.254530 0.014680 0.018188 0.126301 -0.991825] 
fr 94134
ts 34598.167468
6d 1 [12 1.000][-1904.457 -76.683 715.486 -172.7429 1.0422 104.7348][-0.254303 -0.958782 -0.126756 -0.966953 0.254530 0.014680 0.018188 0.126301 -0.991825] 
fr 94135
ts 34598.184119
6d 1 [12 1.000][-1904.457 -76.683 715.486 -172.7429 1.0422 104.7348][-0.254303 -0.958782 -0.126756 -0.966953 0.254530 0.014680 0.018188 0.126301 -0.991825] 
fr 94136
ts 34598.200780
6d 1 [12 1.000][-1904.457 -76.683 715.486 -172.7429 1.0422 104.7348][-0.254303 -0.958782 -0.126756 -0.966953 0.254530 0.014680 0.018188 0.126301 -0.991825] 
fr 94137
ts 34598.217420
6d 1 [12 1.000][-1904.457 -76.683 715.486 -172.7429 1.0422 104.7348][-0.254303 -0.958782 -0.126756 -0.966953 0.254530 0.014680 0.018188 0.126301 -0.991825] 
fr 94138
ts 34598.234087
6d 1 [12 1.000][-1904.457 -76.683 715.486 -172.7429 1.0422 104.7348][-0.254303 -0.958782 -0.126756 -0.966953 0.254530 0.014680 0.018188 0.126301 -0.991825] 
fr 94139
ts 34598.250773
6d 1 [12 1.000][-1904.457 -76.683 715.486 -172.7429 1.0422 104.7348][-0.254303 -0.958782 -0.126756 -0.966953 0.254530 0.014680 0.018188 0.126301 -0.991825] 
fr 94140
ts 34598.267436
6d 1 [12 1.000][-1904.457 -76.683 715.486 -172.7429 1.0422 104.7348][-0.254303 -0.958782 -0.126756 -0.966953 0.254530 0.014680 0.018188 0.126301 -0.991825] 
fr 94141
ts 34598.284120
6d 1 [12 1.000][-1904.457 -76.683 715.486 -172.7429 1.0422 104.7348][-0.254303 -0.958782 -0.126756 -0.966953 0.254530 0.014680 0.018188 0.126301 -0.991825] 
fr 94142
ts 34598.300780
6d 1 [12 1.000][-1904.457 -76.683 715.486 -172.7429 1.0422 104.7348][-0.254303 -0.958782 -0.126756 -0.966953 0.254530 0.014680 0.018188 0.126301 -0.991825] 
fr 94143
ts 34598.317456
6d 1 [12 1.000][-1904.457 -76.683 715.486 -172.7429 1.0422 104.7348][-0.254303 -0.958782 -0.126756 -0.966953 0.254530 0.014680 0.018188 0.126301 -0.991825] 
fr 94144
ts 34598.334118
