fr 39715
ts 32047.115235
6d 0 
fr 39716
ts 32047.131897
6d 0 
fr 39717
ts 32047.148559
6d 0 
fr 39718
ts 32047.165224
6d 0 
fr 39719
ts 32047.181880
6d 0 
fr 39720
ts 32047.198544
6d 0 
fr 39721
ts 32047.215192
6d 0 
fr 39722
ts 32047.231855
6d 0 
fr 39723
ts 32047.248502
6d 0 
fr 39724
ts 32047.265164
6d 0 
fr 39725
ts 32047.281850
6d 0 
fr 39726
ts 32047.298515
6d 0 
fr 39727
ts 32047.315198
6d 0 
fr 39728
ts 32047.331860
6d 0 
fr 39729
ts 32047.348536
6d 0 
fr 39730
ts 32047.365197
6d 0 
fr 39731
ts 32047.381865
6d 0 
fr 39732
ts 32047.398528
6d 0 
fr 39733
ts 32047.415190
6d 0 
fr 39734
ts 32047.431852
6d 0 
fr 39735
ts 32047.448507
6d 0 
fr 39736
ts 32047.465169
6d 0 
fr 39737
ts 32047.481817
6d 0 
fr 39738
ts 32047.498478
6d 0 
fr 39739
ts 32047.515120
6d 0 
fr 39740
ts 32047.531782
6d 0 
fr 39741
ts 32047.548468
6d 0 
fr 39742
ts 32047.565129
6d 0 
fr 39743
ts 32047.581806
6d 0 
fr 39744
ts 32047.598470
6d 0 
fr 39745
ts 32047.615140
6d 0 
fr 39746
ts 32047.631805
6d 0 
fr 39747
ts 32047.648471
6d 0 
fr 39748
ts 32047.665132
6d 0 
fr 39749
ts 32047.681788
6d 0 
fr 39750
ts 32047.698453
6d 0 
fr 39751
ts 32047.715100
6d 0 
fr 39752
ts 32047.731766
6d 0 
fr 39753
ts 32047.748411
6d 0 
fr 39754
ts 32047.765073
6d 0 
fr 39755
ts 32047.781759
6d 0 
fr 39756
ts 32047.798424
6d 0 
fr 39757
ts 32047.815103
6d 0 
fr 39758
ts 32047.831770
6d 0 
fr 39759
ts 32047.848445
6d 0 
fr 39760
ts 32047.865106
6d 0 
fr 39761
ts 32047.881776
6d 0 
fr 39762
ts 32047.898439
6d 0 
fr 39763
ts 32047.915099
6d 0 
fr 39764
ts 32047.931762
6d 0 
fr 39765
ts 32047.948417
6d 0 
fr 39766
ts 32047.965080
6d 0 
fr 39767
ts 32047.981727
6d 0 
fr 39768
ts 32047.998389
6d 0 
fr 39769
ts 32048.015031
6d 0 
fr 39770
ts 32048.031693
6d 0 
fr 39771
ts 32048.048379
6d 0 
fr 39772
ts 32048.065041
6d 0 
fr 39773
ts 32048.081717
6d 0 
fr 39774
ts 32048.098381
6d 0 
fr 39775
ts 32048.115055
6d 0 
fr 39776
ts 32048.131716
6d 0 
fr 39777
ts 32048.148379
6d 0 
fr 39778
ts 32048.165044
6d 0 
fr 39779
ts 32048.181703
6d 0 
fr 39780
ts 32048.198362
6d 0 
fr 39781
ts 32048.215013
6d 0 
fr 39782
ts 32048.231677
6d 0 
fr 39783
ts 32048.248324
6d 0 
fr 39784
ts 32048.264987
6d 0 
fr 39785
ts 32048.281672
6d 0 
fr 39786
ts 32048.298338
6d 0 
fr 39787
ts 32048.315022
6d 0 
fr 39788
ts 32048.331685
6d 0 
fr 39789
ts 32048.348359
6d 0 
fr 39790
ts 32048.365022
6d 0 
fr 39791
ts 32048.381691
6d 0 
fr 39792
ts 32048.398353
6d 0 
fr 39793
ts 32048.415015
6d 0 
fr 39794
ts 32048.431677
6d 0 
fr 39795
ts 32048.448331
6d 0 
fr 39796
ts 32048.464995
6d 0 
fr 39797
ts 32048.481643
6d 0 
fr 39798
ts 32048.498305
6d 0 
fr 39799
ts 32048.514946
6d 0 
fr 39800
ts 32048.531609
6d 0 
fr 39801
ts 32048.548295
6d 0 
fr 39802
ts 32048.564957
6d 0 
fr 39803
ts 32048.581634
6d 0 
fr 39804
ts 32048.598299
6d 0 
fr 39805
ts 32048.614972
6d 0 
fr 39806
ts 32048.631633
6d 0 
fr 39807
ts 32048.648295
6d 0 
fr 39808
ts 32048.664960
6d 0 
fr 39809
ts 32048.681618
6d 0 
fr 39810
ts 32048.698282
6d 0 
fr 39811
ts 32048.714931
6d 0 
fr 39812
ts 32048.731596
6d 0 
fr 39813
ts 32048.748242
6d 0 
fr 39814
ts 32048.764903
6d 0 
fr 39815
ts 32048.781591
6d 0 
fr 39816
ts 32048.798256
6d 0 
fr 39817
ts 32048.814940
6d 0 
fr 39818
ts 32048.831602
6d 0 
fr 39819
ts 32048.848274
6d 0 
fr 39820
ts 32048.864939
6d 0 
fr 39821
ts 32048.881608
6d 0 
fr 39822
ts 32048.898272
6d 0 
fr 39823
ts 32048.914929
6d 0 
fr 39824
ts 32048.931594
6d 0 
fr 39825
ts 32048.948252
6d 0 
fr 39826
ts 32048.964914
6d 0 
fr 39827
ts 32048.981562
6d 0 
fr 39828
ts 32048.998223
6d 0 
fr 39829
ts 32049.014866
6d 0 
fr 39830
ts 32049.031529
6d 0 
fr 39831
ts 32049.048216
6d 0 
fr 39832
ts 32049.064876
6d 0 
fr 39833
ts 32049.081553
6d 0 
fr 39834
ts 32049.098219
6d 0 
fr 39835
ts 32049.114892
6d 0 
fr 39836
ts 32049.131554
6d 0 
fr 39837
ts 32049.148221
6d 0 
fr 39838
ts 32049.164882
6d 0 
fr 39839
ts 32049.181539
6d 0 
fr 39840
ts 32049.198202
6d 0 
fr 39841
ts 32049.214852
6d 0 
fr 39842
ts 32049.231515
6d 0 
fr 39843
ts 32049.248164
6d 0 
fr 39844
ts 32049.264825
6d 0 
fr 39845
ts 32049.281512
6d 0 
fr 39846
ts 32049.298177
6d 0 
fr 39847
ts 32049.314862
6d 0 
fr 39848
ts 32049.331524
6d 0 
fr 39849
ts 32049.348201
6d 0 
fr 39850
ts 32049.364857
6d 0 
fr 39851
ts 32049.381532
6d 0 
fr 39852
ts 32049.398194
6d 0 
fr 39853
ts 32049.414856
6d 0 
fr 39854
ts 32049.431518
6d 0 
fr 39855
ts 32049.448175
6d 0 
fr 39856
ts 32049.464837
6d 0 
fr 39857
ts 32049.481486
6d 0 
fr 39858
ts 32049.498147
6d 0 
fr 39859
ts 32049.514786
6d 0 
fr 39860
ts 32049.531452
6d 0 
fr 39861
ts 32049.548135
6d 0 
fr 39862
ts 32049.564801
6d 0 
fr 39863
ts 32049.581478
6d 0 
fr 39864
ts 32049.598143
6d 0 
fr 39865
ts 32049.614817
6d 0 
fr 39866
ts 32049.631478
6d 0 
fr 39867
ts 32049.648141
6d 0 
fr 39868
ts 32049.664806
6d 0 
fr 39869
ts 32049.681466
6d 0 
fr 39870
ts 32049.698128
6d 0 
fr 39871
ts 32049.714777
6d 0 
fr 39872
ts 32049.731443
6d 0 
fr 39873
ts 32049.748089
6d 0 
fr 39874
ts 32049.764751
6d 0 
fr 39875
ts 32049.781438
6d 0 
fr 39876
ts 32049.798104
6d 0 
fr 39877
ts 32049.814787
6d 0 
fr 39878
ts 32049.831450
6d 0 
fr 39879
ts 32049.848126
6d 0 
fr 39880
ts 32049.864788
6d 0 
fr 39881
ts 32049.881458
6d 0 
fr 39882
ts 32049.898121
6d 0 
fr 39883
ts 32049.914782
6d 0 
fr 39884
ts 32049.931445
6d 0 
fr 39885
ts 32049.948100
6d 0 
fr 39886
ts 32049.964764
6d 0 
fr 39887
ts 32049.981413
6d 0 
fr 39888
ts 32049.998074
6d 0 
fr 39889
ts 32050.014717
6d 0 
fr 39890
ts 32050.031380
6d 0 
fr 39891
ts 32050.048067
6d 0 
fr 39892
ts 32050.064728
6d 0 
fr 39893
ts 32050.081405
6d 0 
fr 39894
ts 32050.098071
6d 0 
fr 39895
ts 32050.114741
6d 0 
fr 39896
ts 32050.131407
6d 0 
fr 39897
ts 32050.148069
6d 0 
fr 39898
ts 32050.164735
6d 0 
fr 39899
ts 32050.181392
6d 0 
fr 39900
ts 32050.198057
6d 0 
fr 39901
ts 32050.214710
6d 0 
fr 39902
ts 32050.231370
6d 0 
fr 39903
ts 32050.248018
6d 0 
fr 39904
ts 32050.264680
6d 0 
fr 39905
ts 32050.281367
6d 0 
fr 39906
ts 32050.298033
6d 0 
fr 39907
ts 32050.314717
6d 0 
fr 39908
ts 32050.331380
6d 0 
fr 39909
ts 32050.348056
6d 0 
fr 39910
ts 32050.364718
6d 0 
fr 39911
ts 32050.381389
6d 0 
fr 39912
ts 32050.398052
6d 0 
fr 39913
ts 32050.414713
6d 0 
fr 39914
ts 32050.431375
6d 0 
fr 39915
ts 32050.448028
6d 0 
fr 39916
ts 32050.464695
6d 0 
fr 39917
ts 32050.481342
6d 0 
fr 39918
ts 32050.498005
6d 0 
fr 39919
ts 32050.514648
6d 0 
fr 39920
ts 32050.531310
6d 0 
fr 39921
ts 32050.547998
6d 0 
fr 39922
ts 32050.564659
6d 0 
fr 39923
ts 32050.581337
6d 0 
fr 39924
ts 32050.598002
6d 0 
fr 39925
ts 32050.614677
6d 0 
fr 39926
ts 32050.631337
6d 0 
fr 39927
ts 32050.648001
6d 0 
fr 39928
ts 32050.664665
6d 0 
fr 39929
ts 32050.681323
6d 0 
fr 39930
ts 32050.697987
6d 0 
fr 39931
ts 32050.714639
6d 0 
fr 39932
ts 32050.731303
6d 0 
fr 39933
ts 32050.747949
6d 0 
fr 39934
ts 32050.764611
6d 0 
fr 39935
ts 32050.781300
6d 0 
fr 39936
ts 32050.797965
6d 0 
fr 39937
ts 32050.814650
6d 0 
fr 39938
ts 32050.831312
6d 0 
fr 39939
ts 32050.847990
6d 0 
fr 39940
ts 32050.864651
6d 0 
fr 39941
ts 32050.881317
6d 0 
fr 39942
ts 32050.897984
6d 0 
fr 39943
ts 32050.914648
6d 0 
fr 39944
ts 32050.931308
6d 0 
fr 39945
ts 32050.947967
6d 0 
fr 39946
ts 32050.964627
6d 0 
fr 39947
ts 32050.981278
6d 0 
fr 39948
ts 32050.997939
6d 0 
fr 39949
ts 32051.014582
6d 0 
fr 39950
ts 32051.031244
6d 0 
fr 39951
ts 32051.047933
6d 0 
fr 39952
ts 32051.064593
6d 0 
fr 39953
ts 32051.081276
6d 0 
fr 39954
ts 32051.097938
6d 0 
fr 39955
ts 32051.114607
6d 0 
fr 39956
ts 32051.131273
6d 0 
fr 39957
ts 32051.147937
6d 0 
fr 39958
ts 32051.164602
6d 0 
fr 39959
ts 32051.181260
6d 1 [12 1.000][-1618.285 -199.433 894.180 -167.7832 -14.0020 63.5874][0.431615 -0.852556 -0.294714 -0.869003 -0.480615 0.117661 -0.241956 0.205323 -0.948314] 
fr 39960
ts 32051.197924
6d 1 [12 1.000][-1606.914 -165.986 897.428 -167.9044 -17.2956 74.5131][0.254944 -0.925663 -0.279557 -0.920117 -0.321125 0.224195 -0.297302 0.200068 -0.933587] 
fr 39961
ts 32051.214575
6d 1 [12 1.000][-1604.888 -154.318 897.399 -167.2769 -16.8242 77.5843][0.205800 -0.938928 -0.275790 -0.934812 -0.271978 0.228375 -0.289436 0.210812 -0.933694] 
fr 39962
ts 32051.231237
6d 1 [12 1.000][-1605.215 -147.978 896.915 -166.7345 -15.4142 78.8133][0.187028 -0.942992 -0.275295 -0.945713 -0.248662 0.209270 -0.265796 0.221210 -0.938306] 
fr 39963
ts 32051.247887
6d 1 [12 1.000][-1604.318 -142.217 895.633 -166.2234 -14.5939 79.7478][0.172239 -0.945045 -0.277890 -0.952285 -0.231906 0.198427 -0.251967 0.230453 -0.939896] 
fr 39964
ts 32051.264548
6d 1 [12 1.000][-1601.780 -136.161 893.388 -165.6994 -14.3105 80.5698][0.158763 -0.945914 -0.282915 -0.955875 -0.218999 0.195810 -0.247177 0.239344 -0.938945] 
fr 39965
ts 32051.281240
6d 1 [12 1.000][-1598.253 -129.584 890.896 -165.3457 -14.1706 81.2415][0.147637 -0.946758 -0.286100 -0.958265 -0.208528 0.195562 -0.244810 0.245288 -0.938031] 
fr 39966
ts 32051.297901
6d 1 [12 1.000][-1594.509 -122.901 888.552 -165.0146 -13.9621 82.0080][0.134927 -0.947935 -0.288467 -0.961030 -0.196089 0.194860 -0.241280 0.250934 -0.937452] 
fr 39967
ts 32051.314583
6d 1 [12 1.000][-1590.614 -116.333 886.350 -164.6383 -13.8209 82.9526][0.119138 -0.949223 -0.291172 -0.963711 -0.181113 0.196111 -0.238888 0.257242 -0.936354] 
fr 39968
ts 32051.331248
6d 1 [12 1.000][-1586.417 -110.018 884.371 -164.2447 -13.6541 83.8614][0.103913 -0.950058 -0.294267 -0.966167 -0.166647 0.196852 -0.236059 0.263855 -0.935231] 
fr 39969
ts 32051.347922
6d 1 [12 1.000][-1582.525 -103.776 882.631 -163.9450 -13.1191 84.5917][0.091792 -0.950802 -0.295888 -0.969565 -0.153069 0.191085 -0.226976 0.269342 -0.935915] 
fr 39970
ts 32051.364587
6d 1 [12 1.000][-1579.592 -97.928 881.060 -163.6855 -12.1575 85.2792][0.080455 -0.951610 -0.296591 -0.974256 -0.137946 0.178314 -0.210599 0.274609 -0.938210] 
fr 39971
ts 32051.381254
6d 1 [12 1.000][-1577.633 -92.297 879.604 -163.3382 -10.9367 86.0926][0.066906 -0.952080 -0.298440 -0.979555 -0.119554 0.161798 -0.189725 0.281514 -0.940614] 
fr 39972
ts 32051.397921
6d 1 [12 1.000][-1575.872 -86.619 878.900 -163.1526 -9.4414 86.8345][0.054472 -0.952995 -0.298050 -0.984949 -0.100320 0.140755 -0.164039 0.285897 -0.944115] 
fr 39973
ts 32051.414580
6d 1 [12 1.000][-1573.791 -80.131 878.989 -163.2135 -7.8765 87.4494][0.044082 -0.954678 -0.294359 -0.989584 -0.082144 0.118216 -0.137039 0.286082 -0.948355] 
fr 39974
ts 32051.431247
6d 1 [12 1.000][-1570.889 -72.659 879.870 -163.6843 -6.3619 87.8302][0.037627 -0.957862 -0.284754 -0.993129 -0.067443 0.095634 -0.110809 0.279199 -0.953818] 
fr 39975
ts 32051.447899
6d 1 [12 1.000][-1567.065 -64.409 881.016 -164.3117 -4.8853 88.1530][0.032114 -0.961504 -0.272906 -0.995849 -0.054047 0.073231 -0.085162 0.269422 -0.959249] 
fr 39976
ts 32051.464565
6d 1 [12 1.000][-1561.792 -55.352 882.193 -164.9012 -3.6604 88.4316][0.027315 -0.964661 -0.262074 -0.997586 -0.043050 0.054486 -0.063843 0.259953 -0.963508] 
fr 39977
ts 32051.481215
6d 1 [12 1.000][-1555.333 -45.472 883.635 -165.4894 -2.5702 88.8102][0.020743 -0.967659 -0.251406 -0.998779 -0.031335 0.038200 -0.044843 0.250307 -0.967128] 
fr 39978
ts 32051.497877
6d 1 [12 1.000][-1547.702 -34.767 885.272 -166.0378 -1.6582 89.3603][0.011159 -0.970317 -0.241579 -0.999519 -0.017816 0.025387 -0.028938 0.241180 -0.970049] 
fr 39979
ts 32051.514518
6d 1 [12 1.000][-1539.374 -23.299 887.291 -166.4869 -1.0231 90.1969][-0.003436 -0.972325 -0.233607 -0.999835 -0.000831 0.018164 -0.017855 0.233631 -0.972161] 
fr 39980
ts 32051.531183
6d 1 [12 1.000][-1531.252 -11.250 889.886 -166.9260 -0.3957 91.5050][-0.026263 -0.973784 -0.225955 -0.999631 0.024021 0.012666 -0.006906 0.226204 -0.974055] 
fr 39981
ts 32051.547870
6d 1 [12 1.000][-1522.995 1.274 892.506 -167.2339 -0.1925 93.2746][-0.057121 -0.973730 -0.220424 -0.998362 0.054968 0.015894 -0.003360 0.220970 -0.975275] 
fr 39982
ts 32051.564531
6d 1 [12 1.000][-1514.998 14.579 895.223 -167.4006 -0.1102 95.5204][-0.096200 -0.971433 -0.216940 -0.995360 0.093466 0.022852 -0.001923 0.218132 -0.975917] 
fr 39983
ts 32051.581213
6d 1 [12 1.000][-1507.121 28.595 898.243 -167.5841 0.0057 98.1249][-0.141331 -0.966807 -0.212861 -0.989962 0.138047 0.030291 0.000099 0.215006 -0.976613] 
fr 39984
ts 32051.597875
6d 1 [12 1.000][-1498.952 43.507 901.109 -167.6515 0.2625 100.9037][-0.189156 -0.959044 -0.210843 -0.981936 0.185744 0.036059 0.004581 0.213855 -0.976855] 
fr 39985
ts 32051.614549
6d 1 [12 1.000][-1490.458 59.098 903.663 -167.5961 0.4895 103.8256][-0.238959 -0.947923 -0.210573 -0.970992 0.235171 0.043228 0.008544 0.214794 -0.976622] 
fr 39986
ts 32051.631211
6d 1 [12 1.000][-1481.912 75.877 906.475 -167.8571 1.0631 106.8883][-0.290457 -0.934330 -0.206548 -0.956708 0.287741 0.043753 0.018553 0.210315 -0.977458] 
fr 39987
ts 32051.647875
6d 1 [12 1.000][-1473.108 93.680 909.316 -168.2913 1.7982 110.0024][-0.341891 -0.917947 -0.201205 -0.939216 0.340926 0.040543 0.031380 0.202836 -0.978710] 
fr 39988
ts 32051.664541
6d 1 [12 1.000][-1464.114 112.613 912.345 -168.8932 2.7066 113.2827][-0.394828 -0.897765 -0.195266 -0.917541 0.396221 0.033581 0.047221 0.192423 -0.980175] 
fr 39989
ts 32051.681198
6d 1 [12 1.000][-1454.770 132.217 915.241 -169.7529 4.0096 116.6490][-0.447426 -0.873936 -0.189858 -0.891583 0.452487 0.018290 0.069924 0.177458 -0.981641] 
fr 39990
ts 32051.697863
6d 1 [12 1.000][-1444.410 151.749 917.612 -170.5089 5.0573 119.9944][-0.497970 -0.846952 -0.186276 -0.862702 0.505662 0.007133 0.088151 0.164252 -0.982472] 
fr 39991
ts 32051.714516
6d 1 [12 1.000][-1432.690 170.836 919.362 -171.2746 6.2001 123.2988][-0.545794 -0.817151 -0.185400 -0.830930 0.556345 -0.005941 0.108000 0.150812 -0.982645] 
fr 39992
ts 32051.731178
6d 1 [12 1.000][-1419.575 188.851 920.335 -171.7564 7.2698 126.4706][-0.589633 -0.785068 -0.189742 -0.797697 0.602860 -0.015481 0.126541 0.142229 -0.981712] 
fr 39993
ts 32051.747824
6d 1 [12 1.000][-1405.629 206.100 921.287 -172.1907 8.2801 129.6046][-0.630840 -0.750843 -0.195642 -0.762431 0.646650 -0.023308 0.144013 0.134460 -0.980398] 
fr 39994
ts 32051.764487
6d 1 [12 1.000][-1391.344 222.840 922.037 -172.6000 9.2955 132.8700][-0.671403 -0.712641 -0.203372 -0.723275 0.689918 -0.029773 0.161527 0.127104 -0.978649] 
fr 39995
ts 32051.781175
6d 1 [12 1.000][-1376.359 238.381 921.967 -172.8039 10.5173 136.0249][-0.707552 -0.672422 -0.217300 -0.682681 0.729849 -0.035596 0.182532 0.123161 -0.975456] 
fr 39996
ts 32051.797840
6d 1 [12 1.000][-1360.768 253.352 922.243 -173.0437 11.5548 139.1419][-0.741003 -0.631025 -0.229612 -0.640930 0.766634 -0.038472 0.200306 0.118657 -0.972522] 
fr 39997
ts 32051.814526
6d 1 [12 1.000][-1344.608 267.625 922.701 -173.2403 12.4432 142.2032][-0.771628 -0.588562 -0.241217 -0.598467 0.800240 -0.038126 0.215471 0.114941 -0.969722] 
fr 39998
ts 32051.831188
6d 1 [12 1.000][-1327.419 281.112 923.713 -173.6426 13.2111 145.0524][-0.797983 -0.548561 -0.249605 -0.557667 0.829132 -0.039346 0.228539 0.107799 -0.967548] 
fr 39999
ts 32051.847864
6d 1 [12 1.000][-1309.659 293.960 925.221 -174.2009 13.9883 147.8208][-0.821288 -0.509171 -0.257355 -0.516775 0.855063 -0.042556 0.241723 0.098044 -0.965379] 
fr 40000
ts 32051.864528
6d 1 [12 1.000][-1291.586 306.545 927.442 -174.9863 14.5967 150.6934][-0.843868 -0.468404 -0.261696 -0.473684 0.879457 -0.046675 0.252013 0.084573 -0.964021] 
fr 40001
ts 32051.881198
6d 1 [12 1.000][-1272.961 318.060 929.929 -175.5575 14.9417 153.4210][-0.864080 -0.428227 -0.264552 -0.432304 0.900567 -0.045745 0.257836 0.074840 -0.963286] 
fr 40002
ts 32051.897861
6d 1 [12 1.000][-1253.722 328.370 932.855 -176.2828 15.0543 155.9102][-0.881576 -0.391937 -0.263077 -0.394160 0.917859 -0.046607 0.259734 0.062606 -0.963649] 
fr 40003
ts 32051.914525
6d 1 [12 1.000][-1234.686 337.946 936.527 -177.1258 14.9130 158.3715][-0.898282 -0.356128 -0.257414 -0.356173 0.933180 -0.048125 0.257352 0.048454 -0.965102] 
fr 40004
ts 32051.931186
6d 1 [12 1.000][-1214.961 346.486 940.147 -177.4288 14.4478 160.4201][-0.912379 -0.324239 -0.249868 -0.324524 0.944977 -0.041261 0.249498 0.043442 -0.967400] 
fr 40005
ts 32051.947843
6d 1 [12 1.000][-1196.022 353.912 943.814 -177.8662 14.1335 162.4298][-0.924489 -0.292997 -0.243869 -0.292736 0.955431 -0.038165 0.244182 0.036106 -0.969057] 
fr 40006
ts 32051.964506
6d 1 [12 1.000][-1177.574 359.396 947.136 -178.1640 13.9176 164.1724][-0.933843 -0.265189 -0.240027 -0.264736 0.963695 -0.034745 0.240526 0.031098 -0.970144] 
fr 40007
ts 32051.981151
6d 1 [12 1.000][-1159.774 364.025 950.708 -178.4468 13.6499 165.9029][-0.942491 -0.237272 -0.235400 -0.236686 0.971086 -0.031169 0.235989 0.026339 -0.971399] 
fr 40008
ts 32051.997817
6d 1 [12 1.000][-1141.784 367.920 954.354 -178.5927 13.1928 167.2715][-0.949682 -0.214797 -0.227963 -0.214516 0.976366 -0.026315 0.228228 0.023911 -0.973314] 
fr 40009
ts 32052.014461
6d 1 [12 1.000][-1124.208 372.244 957.334 -178.8667 12.9702 168.8938][-0.956237 -0.188235 -0.224007 -0.187714 0.981935 -0.023818 0.224444 0.019274 -0.974296] 
fr 40010
ts 32052.031123
6d 1 [12 1.000][-1107.946 374.644 960.706 -179.0402 12.6694 170.0349][-0.960933 -0.169406 -0.218884 -0.168835 0.985411 -0.021450 0.219325 0.016344 -0.975515] 
fr 40011
ts 32052.047811
6d 1 [12 1.000][-1093.153 376.082 964.133 -179.2112 12.3638 171.1588][-0.965201 -0.150769 -0.213670 -0.150132 0.988478 -0.019303 0.214118 0.013447 -0.976715] 
fr 40012
ts 32052.064473
6d 1 [12 1.000][-1079.069 377.050 966.777 -179.3808 12.3492 172.2216][-0.967874 -0.133043 -0.213351 -0.132210 0.991054 -0.018237 0.213869 0.010556 -0.976805] 
fr 40013
ts 32052.081155
6d 1 [12 1.000][-1066.411 376.628 969.263 -179.5660 12.5462 173.2654][-0.969386 -0.115633 -0.216610 -0.114470 0.993265 -0.017951 0.217227 0.007394 -0.976093] 
fr 40014
ts 32052.097816
6d 1 [12 1.000][-1054.231 376.174 972.007 -179.8310 12.5980 174.3106][-0.971117 -0.098495 -0.217326 -0.096749 0.995133 -0.018687 0.218109 0.002879 -0.975920] 
fr 40015
ts 32052.114491
6d 1 [12 1.000][-1042.621 374.954 975.422 179.8421 12.4631 175.1632][-0.972958 -0.084910 -0.214809 -0.082331 0.996385 -0.020943 0.215810 -0.002692 -0.976432] 
fr 40016
ts 32052.131152
6d 1 [12 1.000][-1030.683 373.462 979.758 179.5256 11.9506 175.7133][-0.975590 -0.076455 -0.205863 -0.073128 0.997040 -0.023735 0.207068 -0.008101 -0.978293] 
fr 40017
ts 32052.147816
6d 1 [12 1.000][-1018.751 372.273 983.662 179.5297 11.4720 176.2065][-0.977875 -0.067788 -0.197903 -0.064839 0.997667 -0.021348 0.198889 -0.008044 -0.979989] 
fr 40018
ts 32052.164483
6d 1 [12 1.000][-1007.025 371.655 987.482 179.4294 10.9691 176.8753][-0.980270 -0.056399 -0.189444 -0.053513 0.998360 -0.020316 0.190279 -0.009778 -0.981681] 
fr 40019
ts 32052.181141
6d 1 [12 1.000][-995.464 371.199 989.813 179.6241 10.9050 177.5456][-0.981042 -0.044064 -0.188722 -0.042051 0.999008 -0.014656 0.189180 -0.006442 -0.981921] 
fr 40020
ts 32052.197805
6d 1 [12 1.000][-984.665 371.419 993.347 179.6185 10.5790 178.4711][-0.982653 -0.027902 -0.183344 -0.026227 0.999589 -0.011555 0.183592 -0.006546 -0.982981] 
fr 40021
ts 32052.214455
6d 1 [12 1.000][-974.206 371.291 996.315 179.8143 10.3836 179.2921][-0.983548 -0.012938 -0.180182 -0.012152 0.999911 -0.005468 0.180237 -0.003189 -0.983618] 
fr 40022
ts 32052.231122
6d 1 [12 1.000][-964.607 370.225 999.541 -179.8205 10.2133 179.9171][-0.984154 -0.000891 -0.177316 -0.001423 0.999995 0.002876 0.177313 0.003083 -0.984150] 
fr 40023
ts 32052.247768
6d 1 [12 1.000][-955.640 369.909 1002.296 -179.5572 10.1456 -179.1404][-0.984253 0.016363 -0.176009 0.014767 0.999837 0.010370 0.176150 0.007607 -0.984334] 
fr 40024
ts 32052.264428
6d 1 [12 1.000][-947.684 368.308 1004.782 -179.2444 10.0868 -178.6166][-0.984256 0.026450 -0.174756 0.023770 0.999566 0.017412 0.175140 0.012984 -0.984458] 
fr 40025
ts 32052.281121
6d 1 [12 1.000][-940.221 366.318 1007.562 -178.9276 9.8470 -178.2609][-0.984814 0.033542 -0.170341 0.029901 0.999267 0.023896 0.171017 0.018440 -0.985095] 
fr 40026
ts 32052.297783
6d 1 [12 1.000][-933.208 363.853 1010.156 -178.5995 9.6141 -178.2868][-0.985514 0.033968 -0.166155 0.029477 0.999132 0.029421 0.167011 0.024097 -0.985661] 
fr 40027
ts 32052.314467
6d 1 [12 1.000][-926.476 362.149 1012.606 -178.5193 9.3344 -178.1733][-0.986257 0.036056 -0.161236 0.031455 0.999024 0.030996 0.162196 0.025499 -0.986429] 
fr 40028
ts 32052.331130
6d 1 [12 1.000][-919.418 361.655 1014.037 -178.7026 9.2171 -177.9129][-0.986434 0.040033 -0.159204 0.035948 0.998948 0.028459 0.160176 0.022350 -0.986835] 
fr 40029
ts 32052.347804
6d 1 [12 1.000][-912.653 361.321 1015.275 -178.9401 9.0658 -177.6540][-0.986680 0.043839 -0.156652 0.040423 0.998872 0.024932 0.157568 0.018267 -0.987339] 
fr 40030
ts 32052.364469
6d 1 [12 1.000][-905.720 362.408 1015.542 -179.1420 9.0179 -177.1332][-0.986403 0.052353 -0.155781 0.049396 0.998519 0.022794 0.156744 0.014789 -0.987529] 
fr 40031
ts 32052.381141
6d 1 [12 1.000][-899.114 364.024 1015.032 -179.2084 9.0931 -176.4817][-0.985572 0.063541 -0.156879 0.060596 0.997886 0.023486 0.158040 0.013641 -0.987339] 
fr 40032
ts 32052.397804
6d 1 [12 1.000][-893.097 365.005 1014.934 -179.2959 8.9313 -176.0487][-0.985527 0.070806 -0.154023 0.068073 0.997416 0.022956 0.155250 0.012139 -0.987801] 
fr 40033
ts 32052.414463
6d 1 [12 1.000][-887.608 365.901 1015.042 -179.3841 8.6304 -175.6950][-0.985888 0.076670 -0.148820 0.074216 0.997000 0.021983 0.150059 0.010628 -0.988620] 
fr 40034
ts 32052.431129
6d 1 [12 1.000][-882.576 367.107 1014.848 -179.4391 8.3055 -175.2739][-0.986148 0.083798 -0.143146 0.081528 0.996436 0.021656 0.144451 0.009686 -0.989465] 
fr 40035
ts 32052.447787
6d 1 [12 1.000][-877.870 367.518 1014.534 -179.3683 7.9263 -175.0649][-0.986774 0.087537 -0.136432 0.085206 0.996101 0.022846 0.137900 0.010919 -0.990386] 
fr 40036
ts 32052.464449
6d 1 [12 1.000][-873.297 368.169 1014.252 -179.4076 7.4134 -174.9114][-0.987733 0.090020 -0.127595 0.087955 0.995887 0.021741 0.129027 0.010252 -0.991588] 
fr 40037
ts 32052.481094
6d 1 [12 1.000][-869.057 369.514 1012.941 -179.7364 7.1476 -174.5717][-0.987779 0.095169 -0.123431 0.093865 0.995451 0.016351 0.124425 0.004565 -0.992218] 
fr 40038
ts 32052.497760
6d 1 [12 1.000][-865.092 370.519 1011.508 -179.8806 6.7844 -174.5614][-0.988528 0.095024 -0.117404 0.094116 0.995473 0.013270 0.118134 0.002069 -0.992996] 
fr 40039
ts 32052.514403
6d 1 [12 1.000][-862.033 370.610 1010.408 179.8459 6.3164 -174.6913][-0.989666 0.092227 -0.109796 0.091960 0.995734 0.007500 0.110019 -0.002674 -0.993926] 
fr 40040
ts 32052.531067
6d 1 [12 1.000][-859.493 370.366 1009.330 179.6244 5.7722 -175.0235][-0.991179 0.086089 -0.100762 0.086308 0.996266 0.002194 0.100574 -0.006522 -0.994908] 
fr 40041
ts 32052.547750
6d 1 [12 1.000][-857.706 370.113 1008.248 179.4296 5.2468 -175.3139][-0.992481 0.080785 -0.091949 0.081354 0.996682 -0.002452 0.091446 -0.009914 -0.995761] 
fr 40042
ts 32052.564415
6d 1 [12 1.000][-856.449 369.387 1006.733 179.3358 4.8608 -175.7572][-0.993673 0.072999 -0.085354 0.073718 0.997265 -0.005292 0.084735 -0.011551 -0.996337] 
fr 40043
ts 32052.581099
6d 1 [12 1.000][-855.539 370.256 1004.644 178.9186 4.6330 -175.8758][-0.994152 0.070385 -0.081906 0.071683 0.997343 -0.013016 0.080772 -0.018811 -0.996555] 
fr 40044
ts 32052.597760
6d 1 [12 1.000][-855.075 371.515 1001.906 178.7953 4.6235 -175.9402][-0.994245 0.069092 -0.081876 0.070568 0.997390 -0.015266 0.080608 -0.020956 -0.996526] 
fr 40045
ts 32052.614434
6d 1 [12 1.000][-854.818 374.305 998.345 178.1916 4.8071 -175.5860][-0.993527 0.074288 -0.085939 0.076692 0.996741 -0.025018 0.083801 -0.031447 -0.995986] 
fr 40046
ts 32052.631097
6d 1 [12 1.000][-855.144 376.208 994.899 177.9304 5.0615 -175.5457][-0.993092 0.074436 -0.090706 0.077361 0.996577 -0.029157 0.088226 -0.035973 -0.995451] 
fr 40047
ts 32052.647761
6d 1 [12 1.000][-856.290 378.279 991.891 177.4819 5.1875 -175.3971][-0.992692 0.076213 -0.093562 0.079921 0.996131 -0.036545 0.090415 -0.043755 -0.994943] 
fr 40048
ts 32052.664426
6d 1 [12 1.000][-857.668 379.815 988.289 176.9902 5.5787 -175.5015][-0.992198 0.073236 -0.100897 0.078061 0.995945 -0.044731 0.097212 -0.052259 -0.993891] 
fr 40049
ts 32052.681085
6d 1 [12 1.000][-859.188 380.873 985.781 176.6622 5.6683 -175.8083][-0.992449 0.067235 -0.102593 0.072737 0.996054 -0.050859 0.098769 -0.057937 -0.993422] 
fr 40050
ts 32052.697748
6d 1 [12 1.000][-860.929 382.305 982.992 176.2108 5.8467 -176.0325][-0.992414 0.062323 -0.105973 0.068831 0.995888 -0.058894 0.101867 -0.065742 -0.992623] 
fr 40051
ts 32052.714403
6d 1 [12 1.000][-862.521 384.536 979.507 175.6650 6.2569 -176.0347][-0.991664 0.060736 -0.113642 0.068740 0.995322 -0.067892 0.108987 -0.075138 -0.991199] 
fr 40052
ts 32052.731064
6d 1 [12 1.000][-863.958 387.041 976.394 175.1707 6.5421 -176.0060][-0.991076 0.059836 -0.119116 0.069198 0.994698 -0.076076 0.113932 -0.083640 -0.989962] 
fr 40053
ts 32052.747708
6d 1 [12 1.000][-865.744 388.898 973.653 174.8021 6.8676 -176.0783][-0.990500 0.057304 -0.125001 0.067902 0.994297 -0.082240 0.119576 -0.089947 -0.988742] 
fr 40054
ts 32052.764374
6d 1 [12 1.000][-867.273 390.001 971.285 174.4878 7.1483 -176.3656][-0.990232 0.051167 -0.129702 0.062896 0.994132 -0.088013 0.124437 -0.095311 -0.987639] 
fr 40055
ts 32052.781062
6d 1 [12 1.000][-869.346 390.780 969.053 174.0587 7.4831 -176.6472][-0.989786 0.044712 -0.135366 0.057985 0.993714 -0.095757 0.130233 -0.102628 -0.986158] 
fr 40056
ts 32052.797727
6d 1 [12 1.000][-871.315 390.299 968.330 174.0565 7.4984 -177.2551][-0.990311 0.034135 -0.134606 0.047480 0.994130 -0.097214 0.130498 -0.102663 -0.986119] 
fr 40057
ts 32052.814413
6d 1 [12 1.000][-873.370 390.008 967.343 173.9064 7.6270 -177.7407][-0.990383 0.025121 -0.136055 0.039073 0.994132 -0.100869 0.132723 -0.105215 -0.985553] 
fr 40058
ts 32052.831075
6d 1 [12 1.000][-875.039 390.357 966.325 173.8591 7.8195 -178.0458][-0.990125 0.019359 -0.138842 0.033784 0.994180 -0.102299 0.136054 -0.105979 -0.985017] 
fr 40059
ts 32052.847753
6d 1 [12 1.000][-876.479 390.451 965.762 173.7553 7.9471 -178.3483][-0.989985 0.013620 -0.140516 0.028547 0.994087 -0.104769 0.138258 -0.107731 -0.984520] 
fr 40060
ts 32052.864415
6d 1 [12 1.000][-877.628 391.233 965.340 173.6457 8.1001 -178.4448][-0.989659 0.011384 -0.142990 0.026869 0.993914 -0.106835 0.140903 -0.109572 -0.983941] 
fr 40061
ts 32052.881087
6d 1 [12 1.000][-878.299 393.194 964.293 173.5666 8.4436 -178.2047][-0.988675 0.014687 -0.149349 0.030989 0.993730 -0.107422 0.146835 -0.110833 -0.982932] 
fr 40062
ts 32052.897748
6d 1 [12 1.000][-879.169 394.152 963.681 173.6494 8.7894 -178.1753][-0.987755 0.014752 -0.155311 0.031467 0.993898 -0.105720 0.152804 -0.109313 -0.982192] 
fr 40063
ts 32052.914413
6d 1 [12 1.000][-880.253 394.542 963.585 173.6591 9.0518 -178.2335][-0.987077 0.013269 -0.159695 0.030442 0.993946 -0.105571 0.157327 -0.109068 -0.981505] 
fr 40064
ts 32052.931075
6d 1 [12 1.000][-881.280 394.992 964.100 173.6110 9.1944 -178.3354][-0.986735 0.011096 -0.161958 0.028676 0.993886 -0.106618 0.159785 -0.109848 -0.981021] 
fr 40065
ts 32052.947728
6d 1 [12 1.000][-882.293 394.754 964.959 173.7757 9.3199 -178.5568][-0.986486 0.007484 -0.163672 0.024853 0.994232 -0.104332 0.161947 -0.106990 -0.980982] 
fr 40066
ts 32052.964395
6d 1 [12 1.000][-883.316 394.911 965.717 173.8121 9.5672 -178.6160][-0.985804 0.006102 -0.167791 0.023817 0.994316 -0.103768 0.166204 -0.106291 -0.980346] 
fr 40067
ts 32052.981041
6d 1 [12 1.000][-883.974 396.553 966.265 173.7720 9.8091 -178.3189][-0.984957 0.010689 -0.172470 0.028907 0.994212 -0.103470 0.170366 -0.106899 -0.979565] 
fr 40068
ts 32052.997706
6d 1 [12 1.000][-884.499 398.680 966.033 173.7495 10.2805 -177.8239][-0.983236 0.018329 -0.181412 0.037361 0.994076 -0.102061 0.178467 -0.107128 -0.978097] 
fr 40069
ts 32053.014351
6d 1 [12 1.000][-885.149 400.218 966.024 173.9261 10.7779 -177.4678][-0.981400 0.024166 -0.190446 0.043402 0.994289 -0.097492 0.187002 -0.103944 -0.976845] 
fr 40070
ts 32053.031012
6d 1 [12 1.000][-885.917 400.868 966.566 173.9454 11.1535 -177.3447][-0.980059 0.025687 -0.197039 0.045452 0.994299 -0.096451 0.193438 -0.103484 -0.975640] 
fr 40071
ts 32053.047697
6d 1 [12 1.000][-886.847 401.462 967.283 173.9539 11.4438 -177.1683][-0.978923 0.028255 -0.202265 0.048420 0.994256 -0.095453 0.198406 -0.103235 -0.974668] 
fr 40072
ts 32053.064363
6d 1 [12 1.000][-887.852 401.079 968.662 174.1856 11.5590 -177.3054][-0.978635 0.026494 -0.203889 0.046060 0.994710 -0.091822 0.200378 -0.099252 -0.974678] 
fr 40073
ts 32053.081045
6d 1 [12 1.000][-888.614 401.181 970.015 174.2375 11.6656 -177.2932][-0.978252 0.026707 -0.205694 0.046249 0.994795 -0.090793 0.202199 -0.098331 -0.974395] 
fr 40074
ts 32053.097706
6d 1 [12 1.000][-889.144 402.110 970.614 174.4401 11.9853 -177.0784][-0.976929 0.030637 -0.211354 0.049859 0.995027 -0.086226 0.207661 -0.094774 -0.973599] 
fr 40075
ts 32053.114377
6d 1 [12 1.000][-889.657 404.067 970.486 174.4082 12.3879 -176.4622][-0.974856 0.040550 -0.219114 0.060271 0.994635 -0.084079 0.214529 -0.095171 -0.972070] 
fr 40076
ts 32053.131043
6d 1 [12 1.000][-890.570 404.841 970.291 174.4762 12.9614 -176.2614][-0.972447 0.043357 -0.229055 0.063543 0.994646 -0.081497 0.224295 -0.093807 -0.969996] 
fr 40077
ts 32053.147708
6d 1 [12 1.000][-892.122 405.155 970.139 174.5450 13.4943 -176.1682][-0.970220 0.044391 -0.238125 0.064982 0.994728 -0.079327 0.233348 -0.092439 -0.967990] 
fr 40078
ts 32053.164373
6d 1 [12 1.000][-894.270 404.824 969.395 174.5705 14.2351 -176.2153][-0.967181 0.042495 -0.250511 0.063981 0.994878 -0.078256 0.245902 -0.091715 -0.964946] 
fr 40079
ts 32053.181032
6d 1 [12 1.000][-896.802 404.626 968.436 174.4916 15.0115 -176.1135][-0.963653 0.042662 -0.263730 0.065468 0.994778 -0.078295 0.259013 -0.092715 -0.961414] 
fr 40080
ts 32053.197696
6d 1 [12 1.000][-899.852 404.122 967.241 174.3800 15.8437 -176.1789][-0.959871 0.039643 -0.277625 0.064109 0.994763 -0.079607 0.273015 -0.094211 -0.957386] 
fr 40081
ts 32053.214347
6d 1 [12 1.000][-902.464 404.216 965.122 174.1311 16.8882 -176.1359][-0.954698 0.037399 -0.295217 0.064484 0.994499 -0.082546 0.290505 -0.097843 -0.951858] 
fr 40082
ts 32053.231010
6d 1 [12 1.000][-905.131 405.260 963.324 173.8835 17.7564 -175.9160][-0.949944 0.038401 -0.310052 0.067825 0.994097 -0.084684 0.304970 -0.101474 -0.946940] 
fr 40083
ts 32053.247655
6d 1 [12 1.000][-907.850 405.364 961.913 173.6335 18.5222 -175.8253][-0.945685 0.037216 -0.322947 0.069027 0.993760 -0.087611 0.317672 -0.105144 -0.942353] 
fr 40084
ts 32053.264321
6d 1 [12 1.000][-910.255 406.116 959.462 173.4188 19.5576 -175.5863][-0.939511 0.038198 -0.340382 0.072517 0.993417 -0.088679 0.334754 -0.107998 -0.936096] 
fr 40085
ts 32053.281010
6d 1 [12 1.000][-912.857 407.387 956.788 172.9912 20.7028 -175.0997][-0.932008 0.041804 -0.360020 0.079906 0.992584 -0.091603 0.353521 -0.114143 -0.928437] 
fr 40086
ts 32053.297676
6d 1 [12 1.000][-915.717 408.760 952.849 172.7377 22.2334 -174.5958][-0.921536 0.045806 -0.385582 0.087178 0.992073 -0.090500 0.378381 -0.117013 -0.918224] 
fr 40087
ts 32053.314360
6d 1 [12 1.000][-918.915 409.983 948.406 172.2357 23.8906 -174.0210][-0.909347 0.048792 -0.413168 0.095239 0.991141 -0.092565 0.404991 -0.123523 -0.905938] 
fr 40088
ts 32053.331024
6d 1 [12 1.000][-922.660 410.404 944.176 172.1508 25.5513 -173.8680][-0.897037 0.047252 -0.439422 0.096373 0.991255 -0.090143 0.431319 -0.123210 -0.893747] 
fr 40089
ts 32053.347697
6d 1 [12 1.000][-925.945 411.011 939.437 172.0064 27.3251 -173.6203][-0.882915 0.046598 -0.467215 0.098718 0.991244 -0.087690 0.459038 -0.123545 -0.879784] 
fr 40090
ts 32053.364362
6d 1 [12 1.000][-928.986 412.445 935.067 171.6230 28.9060 -173.1128][-0.869097 0.048723 -0.492237 0.104975 0.990637 -0.087289 0.483375 -0.127535 -0.866074] 
fr 40091
ts 32053.381035
6d 1 [12 1.000][-931.323 414.273 930.343 170.9029 30.5490 -172.2953][-0.853421 0.052744 -0.518547 0.115458 0.989282 -0.089395 0.508274 -0.136162 -0.850363] 
fr 40092
ts 32053.397697
6d 1 [12 1.000][-933.540 416.040 926.328 170.3296 32.0288 -171.6052][-0.838698 0.055785 -0.541732 0.123770 0.988234 -0.089855 0.530346 -0.142411 -0.835735] 
fr 40093
ts 32053.414361
6d 1 [12 1.000][-935.637 417.274 923.074 170.0450 33.2640 -171.2599][-0.826442 0.055945 -0.560235 0.127056 0.987915 -0.088776 0.548498 -0.144550 -0.823563] 
fr 40094
ts 32053.431023
6d 1 [12 1.000][-937.424 418.403 920.467 169.5601 34.2465 -170.8390][-0.816080 0.055901 -0.575229 0.131607 0.987137 -0.090780 0.562755 -0.149788 -0.812940] 
fr 40095
ts 32053.447681
6d 1 [12 1.000][-938.910 419.355 918.150 168.9383 35.1507 -170.3390][-0.806045 0.055804 -0.589217 0.137215 0.986040 -0.094323 0.575728 -0.156878 -0.802450] 
fr 40096
ts 32053.464343
6d 1 [12 1.000][-940.566 419.908 916.774 168.9506 35.8934 -170.2335][-0.798368 0.055754 -0.599583 0.137422 0.986299 -0.091269 0.586280 -0.155262 -0.795091] 
fr 40097
ts 32053.480993
6d 1 [12 1.000][-942.034 420.339 915.970 168.9727 36.4403 -170.1520][-0.792622 0.055936 -0.607142 0.137594 0.986505 -0.088741 0.593985 -0.153877 -0.789622] 
fr 40098
ts 32053.497655
6d 1 [12 1.000][-943.302 420.461 915.528 168.9494 36.9152 -170.2069][-0.787875 0.053487 -0.613508 0.135991 0.986739 -0.088615 0.600633 -0.153249 -0.784701] 
fr 40099
ts 32053.514295
6d 1 [12 1.000][-944.656 420.272 915.321 169.0760 37.3257 -170.3686][-0.783993 0.050990 -0.618672 0.133044 0.987264 -0.087227 0.606345 -0.150696 -0.780792] 
fr 40100
ts 32053.530962
6d 1 [12 1.000][-946.168 420.294 914.566 169.1080 37.8677 -170.3123][-0.778173 0.050910 -0.625984 0.132844 0.987500 -0.084829 0.613840 -0.149170 -0.775209] 
fr 40101
ts 32053.547649
6d 1 [12 1.000][-947.901 420.285 912.952 169.2361 38.7402 -170.3381][-0.768927 0.049665 -0.637404 0.130909 0.988085 -0.080932 0.625790 -0.145673 -0.766267] 
fr 40102
ts 32053.564311
6d 1 [12 1.000][-949.910 420.258 911.307 169.1641 39.4616 -170.2288][-0.760850 0.048938 -0.647079 0.131028 0.988200 -0.079330 0.635561 -0.145143 -0.758284] 
fr 40103
ts 32053.580990
6d 1 [12 1.000][-952.007 420.133 909.516 169.2864 40.3008 -170.3507][-0.751869 0.046156 -0.657695 0.127835 0.988822 -0.076745 0.646800 -0.141779 -0.749365] 
fr 40104
ts 32053.597655
6d 1 [12 1.000][-953.942 420.432 907.684 169.1730 41.0300 -170.2340][-0.743435 0.045081 -0.667287 0.127959 0.988882 -0.075754 0.656454 -0.141704 -0.740938] 
fr 40105
ts 32053.614326
6d 1 [12 1.000][-955.159 421.228 905.519 168.4923 41.7939 -169.6932][-0.733517 0.044512 -0.678212 0.133393 0.987875 -0.079436 0.666453 -0.148736 -0.730560] 
fr 40106
ts 32053.630993
6d 1 [12 1.000][-956.360 422.174 903.313 167.9429 42.5820 -169.1799][-0.723219 0.044755 -0.689167 0.138224 0.987087 -0.080951 0.676645 -0.153805 -0.720067] 
fr 40107
ts 32053.647661
6d 1 [12 1.000][-957.556 423.135 901.190 167.5992 43.3890 -168.8071][-0.712885 0.044868 -0.699845 0.141063 0.986728 -0.080431 0.686948 -0.156060 -0.709752] 
fr 40108
ts 32053.664323
6d 1 [12 1.000][-958.975 423.488 899.144 167.4077 44.2237 -168.7200][-0.702780 0.041782 -0.710180 0.140175 0.986836 -0.080656 0.697461 -0.156232 -0.699385] 
fr 40109
ts 32053.680981
6d 1 [12 1.000][-960.335 423.589 897.434 167.0647 44.9294 -168.6169][-0.694051 0.037378 -0.718955 0.139732 0.986654 -0.083596 0.706235 -0.158481 -0.690011] 
fr 40110
ts 32053.697646
6d 1 [12 1.000][-961.777 423.610 896.023 166.8967 45.5976 -168.5197][-0.685694 0.035120 -0.727042 0.139261 0.986714 -0.083677 0.714444 -0.158625 -0.681475] 
fr 40111
ts 32053.714297
6d 1 [12 1.000][-963.137 423.533 894.526 167.0311 46.3742 -168.5637][-0.676247 0.033995 -0.735890 0.136801 0.987355 -0.080101 0.723862 -0.154839 -0.672346] 
fr 40112
ts 32053.730963
6d 1 [12 1.000][-964.116 423.775 893.177 166.8945 47.0831 -168.3652][-0.666946 0.033778 -0.744340 0.137327 0.987431 -0.078238 0.732342 -0.154399 -0.663202] 
fr 40113
ts 32053.747610
6d 1 [12 1.000][-965.272 423.584 892.343 167.1468 47.6750 -168.4828][-0.659777 0.033503 -0.750714 0.134440 0.988151 -0.074056 0.739338 -0.149786 -0.656463] 
fr 40114
ts 32053.764271
6d 1 [12 1.000][-966.454 423.492 891.880 166.9758 48.0784 -168.2985][-0.654229 0.033398 -0.755559 0.135502 0.988035 -0.073656 0.744059 -0.150568 -0.650926] 
fr 40115
ts 32053.780964
6d 1 [12 1.000][-967.442 423.361 891.454 167.1252 48.5425 -168.3835][-0.648504 0.032725 -0.760507 0.133314 0.988517 -0.071143 0.749446 -0.147522 -0.645420] 
fr 40116
ts 32053.797626
6d 1 [12 1.000][-968.159 423.251 890.831 167.1972 49.1234 -168.3796][-0.641019 0.032300 -0.766845 0.131820 0.988901 -0.068538 0.756121 -0.145019 -0.638162] 
fr 40117
ts 32053.814311
6d 1 [12 1.000][-968.812 423.500 890.556 167.0643 49.5073 -168.1677][-0.635554 0.033221 -0.771341 0.133148 0.988821 -0.067121 0.760488 -0.145362 -0.632872] 
fr 40118
ts 32053.830973
6d 1 [12 1.000][-969.547 423.690 890.489 167.0981 49.7852 -168.0844][-0.631743 0.034428 -0.774413 0.133309 0.988955 -0.064783 0.763629 -0.144163 -0.629355] 
fr 40119
ts 32053.847648
6d 1 [12 1.000][-970.219 423.894 890.250 167.2012 50.2395 -168.0175][-0.625644 0.035870 -0.779284 0.132785 0.989262 -0.061070 0.768725 -0.141685 -0.623688] 
fr 40120
ts 32053.864314
6d 1 [12 1.000][-970.699 424.078 889.907 167.0759 50.5800 -167.8398][-0.620752 0.036407 -0.783161 0.133761 0.989193 -0.060037 0.772512 -0.142024 -0.618914] 
fr 40121
ts 32053.880984
6d 1 [12 1.000][-971.023 424.287 889.425 166.6381 50.9041 -167.4487][-0.615550 0.036362 -0.787259 0.137042 0.988655 -0.061488 0.776092 -0.145737 -0.613549] 
fr 40122
ts 32053.897647
6d 1 [12 1.000][-971.419 424.425 888.793 166.5041 51.3630 -167.2737][-0.609046 0.036394 -0.792300 0.137548 0.988657 -0.060320 0.781117 -0.145717 -0.607143] 
fr 40123
ts 32053.914312
6d 1 [12 1.000][-971.876 424.279 888.292 166.6386 51.7548 -167.3623][-0.604031 0.035767 -0.796158 0.135434 0.989069 -0.058318 0.785369 -0.143053 -0.602272] 
fr 40124
ts 32053.930973
6d 1 [12 1.000][-972.303 424.277 887.624 166.6796 52.2562 -167.3696][-0.597319 0.034999 -0.801240 0.133849 0.989386 -0.056566 0.790756 -0.141033 -0.595663] 
fr 40125
ts 32053.947632
6d 1 [12 1.000][-972.387 424.434 886.533 166.5002 52.9007 -167.1247][-0.588033 0.035164 -0.808072 0.134411 0.989412 -0.054755 0.797591 -0.140812 -0.586533] 
fr 40126
ts 32053.964295
6d 1 [12 1.000][-972.425 424.798 885.285 166.2930 53.5255 -166.8579][-0.578896 0.035340 -0.814635 0.135162 0.989398 -0.053128 0.804121 -0.140863 -0.577535] 
fr 40127
ts 32053.980945
6d 1 [12 1.000][-972.554 425.217 884.005 165.8710 54.0521 -166.5056][-0.570842 0.034131 -0.820350 0.136988 0.989090 -0.054172 0.809551 -0.143302 -0.569290] 
fr 40128
ts 32053.997607
6d 1 [12 1.000][-972.531 425.856 882.622 165.0229 54.5818 -165.8320][-0.561912 0.032249 -0.826568 0.141852 0.988194 -0.057877 0.814943 -0.149773 -0.559853] 
fr 40129
ts 32054.014251
6d 1 [12 1.000][-972.419 426.572 881.248 164.4098 55.1191 -165.2905][-0.553130 0.031331 -0.832505 0.145209 0.987622 -0.059311 0.820342 -0.153694 -0.550833] 
fr 40130
