fr 626002
ts 41998.318332
6d 0 
fr 626003
ts 41998.335001
6d 0 
fr 626004
ts 41998.351662
6d 0 
fr 626005
ts 41998.368324
6d 0 
fr 626006
ts 41998.384985
6d 0 
fr 626007
ts 41998.401641
6d 0 
fr 626008
ts 41998.418302
6d 0 
fr 626009
ts 41998.434947
6d 0 
fr 626010
ts 41998.451612
6d 0 
fr 626011
ts 41998.468254
6d 0 
fr 626012
ts 41998.484915
6d 0 
fr 626013
ts 41998.501602
6d 0 
fr 626014
ts 41998.518263
6d 0 
fr 626015
ts 41998.534940
6d 0 
fr 626016
ts 41998.551604
6d 0 
fr 626017
ts 41998.568277
6d 0 
fr 626018
ts 41998.584939
6d 0 
fr 626019
ts 41998.601600
6d 0 
fr 626020
ts 41998.618265
6d 0 
fr 626021
ts 41998.634925
6d 0 
fr 626022
ts 41998.651586
6d 0 
fr 626023
ts 41998.668239
6d 0 
fr 626024
ts 41998.684900
6d 0 
fr 626025
ts 41998.701545
6d 0 
fr 626026
ts 41998.718206
6d 0 
fr 626027
ts 41998.734897
6d 0 
fr 626028
ts 41998.751558
6d 0 
fr 626029
ts 41998.768242
6d 0 
fr 626030
ts 41998.784903
6d 0 
fr 626031
ts 41998.801579
6d 0 
fr 626032
ts 41998.818242
6d 0 
fr 626033
ts 41998.834910
6d 0 
fr 626034
ts 41998.851572
6d 0 
fr 626035
ts 41998.868235
6d 0 
fr 626036
ts 41998.884896
6d 0 
fr 626037
ts 41998.901551
6d 0 
fr 626038
ts 41998.918213
6d 0 
fr 626039
ts 41998.934861
6d 0 
fr 626040
ts 41998.951522
6d 0 
fr 626041
ts 41998.968165
6d 0 
fr 626042
ts 41998.984827
6d 0 
fr 626043
ts 41999.001513
6d 0 
fr 626044
ts 41999.018170
6d 0 
fr 626045
ts 41999.034851
6d 0 
fr 626046
ts 41999.051516
6d 0 
fr 626047
ts 41999.068189
6d 0 
fr 626048
ts 41999.084851
6d 0 
fr 626049
ts 41999.101517
6d 0 
fr 626050
ts 41999.118179
6d 0 
fr 626051
ts 41999.134837
6d 0 
fr 626052
ts 41999.151500
6d 0 
fr 626053
ts 41999.168152
6d 0 
fr 626054
ts 41999.184813
6d 0 
fr 626055
ts 41999.201454
6d 0 
fr 626056
ts 41999.218120
6d 0 
fr 626057
ts 41999.234811
6d 0 
fr 626058
ts 41999.251472
6d 0 
fr 626059
ts 41999.268152
6d 0 
fr 626060
ts 41999.284816
6d 0 
fr 626061
ts 41999.301493
6d 0 
fr 626062
ts 41999.318156
6d 0 
fr 626063
ts 41999.334825
6d 0 
fr 626064
ts 41999.351487
6d 0 
fr 626065
ts 41999.368148
6d 0 
fr 626066
ts 41999.384810
6d 0 
fr 626067
ts 41999.401462
6d 0 
fr 626068
ts 41999.418129
6d 0 
fr 626069
ts 41999.434776
6d 0 
fr 626070
ts 41999.451438
6d 0 
fr 626071
ts 41999.468080
6d 0 
fr 626072
ts 41999.484742
6d 0 
fr 626073
ts 41999.501429
6d 0 
fr 626074
ts 41999.518092
6d 0 
fr 626075
ts 41999.534771
6d 0 
fr 626076
ts 41999.551432
6d 0 
fr 626077
ts 41999.568106
6d 0 
fr 626078
ts 41999.584768
6d 0 
fr 626079
ts 41999.601434
6d 0 
fr 626080
ts 41999.618090
6d 0 
fr 626081
ts 41999.634750
6d 0 
fr 626082
ts 41999.651416
6d 0 
fr 626083
ts 41999.668064
6d 0 
fr 626084
ts 41999.684730
6d 0 
fr 626085
ts 41999.701376
6d 0 
fr 626086
ts 41999.718037
6d 0 
fr 626087
ts 41999.734728
6d 0 
fr 626088
ts 41999.751390
6d 0 
fr 626089
ts 41999.768073
6d 0 
fr 626090
ts 41999.784735
6d 0 
fr 626091
ts 41999.801412
6d 0 
fr 626092
ts 41999.818075
6d 0 
fr 626093
ts 41999.834744
6d 0 
fr 626094
ts 41999.851406
6d 0 
fr 626095
ts 41999.868067
6d 0 
fr 626096
ts 41999.884729
6d 0 
fr 626097
ts 41999.901385
6d 0 
fr 626098
ts 41999.918047
6d 0 
fr 626099
ts 41999.934695
6d 0 
fr 626100
ts 41999.951358
6d 0 
fr 626101
ts 41999.968000
6d 0 
fr 626102
ts 41999.984662
6d 0 
fr 626103
ts 42000.001349
6d 0 
fr 626104
ts 42000.018010
6d 0 
fr 626105
ts 42000.034691
6d 0 
fr 626106
ts 42000.051355
6d 0 
fr 626107
ts 42000.068026
6d 0 
fr 626108
ts 42000.084688
6d 0 
fr 626109
ts 42000.101354
6d 0 
fr 626110
ts 42000.118015
6d 0 
fr 626111
ts 42000.134675
6d 0 
fr 626112
ts 42000.151337
6d 0 
fr 626113
ts 42000.167990
6d 0 
fr 626114
ts 42000.184652
6d 0 
fr 626115
ts 42000.201297
6d 0 
fr 626116
ts 42000.217958
6d 0 
fr 626117
ts 42000.234650
6d 0 
fr 626118
ts 42000.251311
6d 0 
fr 626119
ts 42000.267995
6d 0 
fr 626120
ts 42000.284657
6d 0 
fr 626121
ts 42000.301330
6d 0 
fr 626122
ts 42000.317996
6d 0 
fr 626123
ts 42000.334666
6d 0 
fr 626124
ts 42000.351327
6d 0 
fr 626125
ts 42000.367986
6d 0 
fr 626126
ts 42000.384652
6d 0 
fr 626127
ts 42000.401304
6d 0 
fr 626128
ts 42000.417970
6d 0 
fr 626129
ts 42000.434619
6d 0 
fr 626130
ts 42000.451281
6d 0 
fr 626131
ts 42000.467923
6d 0 
fr 626132
ts 42000.484585
6d 0 
fr 626133
ts 42000.501268
6d 0 
fr 626134
ts 42000.517935
6d 0 
fr 626135
ts 42000.534615
6d 0 
fr 626136
ts 42000.551276
6d 0 
fr 626137
ts 42000.567950
6d 0 
fr 626138
ts 42000.584608
6d 0 
fr 626139
ts 42000.601271
6d 0 
fr 626140
ts 42000.617941
6d 0 
fr 626141
ts 42000.634600
6d 0 
fr 626142
ts 42000.651262
6d 0 
fr 626143
ts 42000.667910
6d 0 
fr 626144
ts 42000.684576
6d 0 
fr 626145
ts 42000.701222
6d 0 
fr 626146
ts 42000.717884
6d 0 
fr 626147
ts 42000.734571
6d 0 
fr 626148
ts 42000.751236
6d 0 
fr 626149
ts 42000.767921
6d 0 
fr 626150
ts 42000.784583
6d 0 
fr 626151
ts 42000.801260
6d 0 
fr 626152
ts 42000.817921
6d 0 
fr 626153
ts 42000.834588
6d 0 
fr 626154
ts 42000.851254
6d 0 
fr 626155
ts 42000.867917
6d 0 
fr 626156
ts 42000.884578
6d 0 
fr 626157
ts 42000.901232
6d 0 
fr 626158
ts 42000.917897
6d 0 
fr 626159
ts 42000.934547
6d 0 
fr 626160
ts 42000.951208
6d 0 
fr 626161
ts 42000.967851
6d 0 
fr 626162
ts 42000.984513
6d 0 
fr 626163
ts 42001.001200
6d 0 
fr 626164
ts 42001.017862
6d 0 
fr 626165
ts 42001.034543
6d 0 
fr 626166
ts 42001.051205
6d 0 
fr 626167
ts 42001.067878
6d 0 
fr 626168
ts 42001.084540
6d 0 
fr 626169
ts 42001.101203
6d 0 
fr 626170
ts 42001.117868
6d 0 
fr 626171
ts 42001.134529
6d 0 
fr 626172
ts 42001.151191
6d 0 
fr 626173
ts 42001.167840
6d 0 
fr 626174
ts 42001.184505
6d 0 
fr 626175
ts 42001.201151
6d 0 
fr 626176
ts 42001.217813
6d 0 
fr 626177
ts 42001.234505
6d 0 
fr 626178
ts 42001.251166
6d 0 
fr 626179
ts 42001.267850
6d 0 
fr 626180
ts 42001.284513
6d 0 
fr 626181
ts 42001.301190
6d 0 
fr 626182
ts 42001.317851
6d 0 
fr 626183
ts 42001.334518
6d 0 
fr 626184
ts 42001.351183
6d 0 
fr 626185
ts 42001.367847
6d 0 
fr 626186
ts 42001.384509
6d 0 
fr 626187
ts 42001.401161
6d 0 
fr 626188
ts 42001.417827
6d 0 
fr 626189
ts 42001.434477
6d 0 
fr 626190
ts 42001.451138
6d 0 
fr 626191
ts 42001.467781
6d 0 
fr 626192
ts 42001.484443
6d 0 
fr 626193
ts 42001.501127
6d 0 
fr 626194
ts 42001.517792
6d 0 
fr 626195
ts 42001.534469
6d 0 
fr 626196
ts 42001.551135
6d 0 
fr 626197
ts 42001.567810
6d 0 
fr 626198
ts 42001.584473
6d 0 
fr 626199
ts 42001.601135
6d 0 
fr 626200
ts 42001.617800
6d 0 
fr 626201
ts 42001.634461
6d 0 
fr 626202
ts 42001.651122
6d 0 
fr 626203
ts 42001.667776
6d 0 
fr 626204
ts 42001.684438
6d 0 
fr 626205
ts 42001.701084
6d 0 
fr 626206
ts 42001.717746
6d 0 
fr 626207
ts 42001.734433
6d 0 
fr 626208
ts 42001.751099
6d 0 
fr 626209
ts 42001.767783
6d 0 
fr 626210
ts 42001.784446
6d 0 
fr 626211
ts 42001.801123
6d 0 
fr 626212
ts 42001.817786
6d 0 
fr 626213
ts 42001.834455
6d 0 
fr 626214
ts 42001.851117
6d 0 
fr 626215
ts 42001.867780
6d 0 
fr 626216
ts 42001.884442
6d 0 
fr 626217
ts 42001.901089
6d 0 
fr 626218
ts 42001.917761
6d 0 
fr 626219
ts 42001.934411
6d 0 
fr 626220
ts 42001.951072
6d 0 
fr 626221
ts 42001.967716
6d 0 
fr 626222
ts 42001.984378
6d 0 
fr 626223
ts 42002.001065
6d 0 
fr 626224
ts 42002.017728
6d 0 
fr 626225
ts 42002.034404
6d 0 
fr 626226
ts 42002.051070
6d 0 
fr 626227
ts 42002.067743
6d 0 
fr 626228
ts 42002.084406
6d 0 
fr 626229
ts 42002.101074
6d 0 
fr 626230
ts 42002.117735
6d 0 
fr 626231
ts 42002.134392
6d 0 
fr 626232
ts 42002.151059
6d 0 
fr 626233
ts 42002.167712
6d 0 
fr 626234
ts 42002.184372
6d 0 
fr 626235
ts 42002.201019
6d 0 
fr 626236
ts 42002.217682
6d 0 
fr 626237
ts 42002.234369
6d 0 
fr 626238
ts 42002.251035
6d 0 
fr 626239
ts 42002.267719
6d 0 
fr 626240
ts 42002.284379
6d 0 
fr 626241
ts 42002.301059
6d 0 
fr 626242
ts 42002.317723
6d 0 
fr 626243
ts 42002.334392
6d 0 
fr 626244
ts 42002.351054
6d 0 
fr 626245
ts 42002.367713
6d 0 
fr 626246
ts 42002.384379
6d 0 
fr 626247
ts 42002.401032
6d 0 
fr 626248
ts 42002.417698
6d 0 
fr 626249
ts 42002.434346
6d 0 
fr 626250
ts 42002.451010
6d 0 
fr 626251
ts 42002.467653
6d 0 
fr 626252
ts 42002.484315
6d 0 
fr 626253
ts 42002.501003
6d 0 
fr 626254
ts 42002.517665
6d 0 
fr 626255
ts 42002.534346
6d 0 
fr 626256
ts 42002.551008
6d 0 
fr 626257
ts 42002.567682
6d 0 
fr 626258
ts 42002.584345
6d 0 
fr 626259
ts 42002.601007
6d 0 
fr 626260
ts 42002.617673
6d 0 
fr 626261
ts 42002.634334
6d 0 
fr 626262
ts 42002.650996
6d 0 
fr 626263
ts 42002.667645
6d 0 
fr 626264
ts 42002.684311
6d 0 
fr 626265
ts 42002.700959
6d 0 
fr 626266
ts 42002.717620
6d 0 
fr 626267
ts 42002.734312
6d 0 
fr 626268
ts 42002.750974
6d 0 
fr 626269
ts 42002.767658
6d 0 
fr 626270
ts 42002.784321
6d 0 
fr 626271
ts 42002.800999
6d 0 
fr 626272
ts 42002.817660
6d 0 
fr 626273
ts 42002.834328
6d 0 
fr 626274
ts 42002.850988
6d 0 
fr 626275
ts 42002.867657
6d 0 
fr 626276
ts 42002.884319
6d 0 
fr 626277
ts 42002.900973
6d 0 
fr 626278
ts 42002.917639
6d 0 
fr 626279
ts 42002.934288
6d 0 
fr 626280
ts 42002.950950
6d 0 
fr 626281
ts 42002.967589
6d 0 
fr 626282
ts 42002.984255
6d 0 
fr 626283
ts 42003.000944
6d 0 
fr 626284
ts 42003.017606
6d 0 
fr 626285
ts 42003.034283
6d 0 
fr 626286
ts 42003.050949
6d 0 
fr 626287
ts 42003.067623
6d 0 
fr 626288
ts 42003.084285
6d 0 
fr 626289
ts 42003.100949
6d 0 
fr 626290
ts 42003.117615
6d 0 
fr 626291
ts 42003.134272
6d 0 
fr 626292
ts 42003.150938
6d 0 
fr 626293
ts 42003.167587
6d 0 
fr 626294
ts 42003.184252
6d 0 
fr 626295
ts 42003.200899
6d 0 
fr 626296
ts 42003.217561
6d 0 
fr 626297
ts 42003.234250
6d 0 
fr 626298
ts 42003.250916
6d 0 
fr 626299
ts 42003.267597
6d 0 
fr 626300
ts 42003.284260
6d 0 
fr 626301
ts 42003.300941
6d 0 
fr 626302
ts 42003.317603
6d 0 
fr 626303
ts 42003.334273
6d 0 
fr 626304
ts 42003.350937
6d 0 
fr 626305
ts 42003.367600
6d 0 
fr 626306
ts 42003.384261
6d 0 
fr 626307
ts 42003.400915
6d 0 
fr 626308
ts 42003.417581
6d 0 
fr 626309
ts 42003.434229
6d 0 
fr 626310
ts 42003.450892
6d 0 
fr 626311
ts 42003.467533
6d 0 
fr 626312
ts 42003.484199
6d 0 
fr 626313
ts 42003.500887
6d 0 
fr 626314
ts 42003.517549
6d 0 
fr 626315
ts 42003.534231
6d 0 
fr 626316
ts 42003.550893
6d 0 
fr 626317
ts 42003.567567
6d 0 
fr 626318
ts 42003.584229
6d 0 
fr 626319
ts 42003.600893
6d 0 
fr 626320
ts 42003.617558
6d 0 
fr 626321
ts 42003.634220
6d 0 
fr 626322
ts 42003.650881
6d 0 
fr 626323
ts 42003.667532
6d 0 
fr 626324
ts 42003.684198
6d 0 
fr 626325
ts 42003.700841
6d 0 
fr 626326
ts 42003.717507
6d 0 
fr 626327
ts 42003.734199
6d 0 
fr 626328
ts 42003.750860
6d 0 
fr 626329
ts 42003.767546
6d 0 
fr 626330
ts 42003.784208
6d 0 
fr 626331
ts 42003.800886
6d 0 
fr 626332
ts 42003.817548
6d 0 
fr 626333
ts 42003.834215
6d 0 
fr 626334
ts 42003.850881
6d 0 
fr 626335
ts 42003.867545
6d 0 
fr 626336
ts 42003.884206
6d 0 
fr 626337
ts 42003.900865
6d 0 
fr 626338
ts 42003.917526
6d 0 
fr 626339
ts 42003.934177
6d 0 
fr 626340
ts 42003.950838
6d 0 
fr 626341
ts 42003.967483
6d 0 
fr 626342
ts 42003.984144
6d 0 
fr 626343
ts 42004.000833
6d 0 
fr 626344
ts 42004.017495
6d 0 
fr 626345
ts 42004.034177
6d 0 
fr 626346
ts 42004.050838
6d 0 
fr 626347
ts 42004.067514
6d 0 
fr 626348
ts 42004.084175
6d 0 
fr 626349
ts 42004.100840
6d 0 
fr 626350
ts 42004.117506
6d 0 
fr 626351
ts 42004.134167
6d 0 
fr 626352
ts 42004.150829
6d 0 
fr 626353
ts 42004.167479
6d 0 
fr 626354
ts 42004.184145
6d 0 
fr 626355
ts 42004.200788
6d 0 
fr 626356
ts 42004.217455
6d 0 
fr 626357
ts 42004.234142
6d 0 
fr 626358
ts 42004.250809
6d 0 
fr 626359
ts 42004.267490
6d 0 
fr 626360
ts 42004.284156
6d 0 
fr 626361
ts 42004.300830
6d 0 
fr 626362
ts 42004.317496
6d 0 
fr 626363
ts 42004.334164
6d 0 
fr 626364
ts 42004.350830
6d 0 
fr 626365
ts 42004.367489
6d 0 
fr 626366
ts 42004.384156
6d 0 
fr 626367
ts 42004.400809
6d 0 
fr 626368
ts 42004.417475
6d 0 
fr 626369
ts 42004.434121
6d 0 
fr 626370
ts 42004.450788
6d 0 
fr 626371
ts 42004.467422
6d 0 
fr 626372
ts 42004.484094
6d 0 
fr 626373
ts 42004.500782
6d 0 
fr 626374
ts 42004.517445
6d 0 
fr 626375
ts 42004.534127
6d 0 
fr 626376
ts 42004.550789
6d 0 
fr 626377
ts 42004.567459
6d 0 
fr 626378
ts 42004.584125
6d 0 
fr 626379
ts 42004.600794
6d 0 
fr 626380
ts 42004.617455
6d 0 
fr 626381
ts 42004.634117
6d 0 
fr 626382
ts 42004.650779
6d 0 
fr 626383
ts 42004.667428
6d 0 
fr 626384
ts 42004.684094
6d 0 
fr 626385
ts 42004.700742
6d 0 
fr 626386
ts 42004.717404
6d 0 
fr 626387
ts 42004.734096
6d 0 
fr 626388
ts 42004.750758
6d 0 
fr 626389
ts 42004.767440
6d 0 
fr 626390
ts 42004.784106
6d 0 
fr 626391
ts 42004.800784
6d 0 
fr 626392
ts 42004.817448
6d 0 
fr 626393
ts 42004.834118
6d 0 
fr 626394
ts 42004.850780
6d 0 
fr 626395
ts 42004.867440
6d 0 
fr 626396
ts 42004.884107
6d 0 
fr 626397
ts 42004.900760
6d 0 
fr 626398
ts 42004.917427
6d 0 
fr 626399
ts 42004.934077
6d 0 
fr 626400
ts 42004.950739
6d 0 
fr 626401
ts 42004.967379
6d 0 
fr 626402
ts 42004.984045
6d 0 
fr 626403
ts 42005.000730
6d 0 
fr 626404
ts 42005.017397
6d 0 
fr 626405
ts 42005.034078
6d 0 
fr 626406
ts 42005.050740
6d 0 
fr 626407
ts 42005.067415
6d 0 
fr 626408
ts 42005.084078
6d 0 
fr 626409
ts 42005.100742
6d 0 
fr 626410
ts 42005.117407
6d 0 
fr 626411
ts 42005.134069
6d 0 
fr 626412
ts 42005.150731
6d 0 
fr 626413
ts 42005.167384
6d 0 
fr 626414
ts 42005.184047
6d 0 
fr 626415
ts 42005.200695
6d 0 
fr 626416
ts 42005.217357
6d 0 
fr 626417
ts 42005.233997
6d 0 
fr 626418
ts 42005.250659
6d 0 
fr 626419
ts 42005.267341
6d 0 
fr 626420
ts 42005.284006
6d 0 
fr 626421
ts 42005.300681
6d 0 
fr 626422
ts 42005.317347
6d 0 
fr 626423
ts 42005.334020
6d 0 
fr 626424
ts 42005.350681
6d 0 
fr 626425
ts 42005.367347
6d 0 
fr 626426
ts 42005.384009
6d 0 
fr 626427
ts 42005.400662
6d 0 
fr 626428
ts 42005.417328
6d 0 
fr 626429
ts 42005.433980
6d 0 
fr 626430
ts 42005.450642
6d 0 
fr 626431
ts 42005.467282
6d 0 
fr 626432
ts 42005.483948
6d 0 
fr 626433
ts 42005.500633
6d 0 
fr 626434
ts 42005.517300
6d 0 
fr 626435
ts 42005.533978
6d 0 
fr 626436
ts 42005.550643
6d 0 
fr 626437
ts 42005.567315
6d 0 
fr 626438
ts 42005.583981
6d 0 
fr 626439
ts 42005.600646
6d 0 
fr 626440
ts 42005.617311
6d 0 
fr 626441
ts 42005.633969
6d 0 
fr 626442
ts 42005.650636
6d 0 
fr 626443
ts 42005.667286
6d 0 
fr 626444
ts 42005.683952
6d 0 
fr 626445
ts 42005.700596
6d 0 
fr 626446
ts 42005.717262
6d 0 
fr 626447
ts 42005.733898
6d 0 
fr 626448
ts 42005.750565
6d 0 
fr 626449
ts 42005.767247
6d 0 
fr 626450
ts 42005.783912
6d 0 
fr 626451
ts 42005.800588
6d 0 
fr 626452
ts 42005.817253
6d 0 
fr 626453
ts 42005.833922
6d 0 
fr 626454
ts 42005.850588
6d 0 
fr 626455
ts 42005.867249
6d 0 
fr 626456
ts 42005.883915
6d 0 
fr 626457
ts 42005.900569
6d 0 
fr 626458
ts 42005.917235
6d 0 
fr 626459
ts 42005.933883
6d 0 
fr 626460
ts 42005.950548
6d 0 
fr 626461
ts 42005.967192
6d 0 
fr 626462
ts 42005.983855
6d 0 
fr 626463
ts 42006.000541
6d 0 
fr 626464
ts 42006.017207
6d 0 
fr 626465
ts 42006.033885
6d 0 
fr 626466
ts 42006.050546
6d 0 
fr 626467
ts 42006.067224
6d 0 
fr 626468
ts 42006.083890
6d 0 
fr 626469
ts 42006.100555
6d 0 
fr 626470
ts 42006.117220
6d 0 
fr 626471
ts 42006.133878
6d 0 
fr 626472
ts 42006.150544
6d 0 
fr 626473
ts 42006.167195
6d 0 
fr 626474
ts 42006.183861
6d 0 
fr 626475
ts 42006.200505
6d 0 
fr 626476
ts 42006.217171
6d 0 
fr 626477
ts 42006.233808
6d 0 
fr 626478
ts 42006.250474
6d 0 
fr 626479
ts 42006.267157
6d 0 
fr 626480
ts 42006.283818
6d 0 
fr 626481
ts 42006.300498
6d 0 
fr 626482
ts 42006.317164
6d 0 
fr 626483
ts 42006.333832
6d 0 
fr 626484
ts 42006.350498
6d 0 
fr 626485
ts 42006.367160
6d 0 
fr 626486
ts 42006.383826
6d 0 
fr 626487
ts 42006.400481
6d 0 
fr 626488
ts 42006.417147
6d 0 
fr 626489
ts 42006.433794
6d 0 
fr 626490
ts 42006.450460
6d 0 
fr 626491
ts 42006.467101
6d 0 
fr 626492
ts 42006.483767
6d 0 
fr 626493
ts 42006.500453
6d 0 
fr 626494
ts 42006.517119
6d 0 
fr 626495
ts 42006.533798
6d 0 
fr 626496
ts 42006.550464
6d 0 
fr 626497
ts 42006.567136
6d 0 
fr 626498
ts 42006.583802
6d 0 
fr 626499
ts 42006.600467
6d 0 
fr 626500
ts 42006.617133
6d 0 
fr 626501
ts 42006.633791
6d 0 
fr 626502
ts 42006.650457
6d 0 
fr 626503
ts 42006.667108
6d 0 
fr 626504
ts 42006.683772
6d 0 
fr 626505
ts 42006.700419
6d 0 
fr 626506
ts 42006.717085
6d 0 
fr 626507
ts 42006.733725
6d 0 
fr 626508
ts 42006.750388
6d 0 
fr 626509
ts 42006.767071
6d 0 
fr 626510
ts 42006.783738
6d 0 
fr 626511
ts 42006.800413
6d 0 
fr 626512
ts 42006.817078
6d 0 
fr 626513
ts 42006.833747
6d 0 
fr 626514
ts 42006.850414
6d 0 
fr 626515
ts 42006.867080
6d 0 
fr 626516
ts 42006.883742
6d 0 
fr 626517
ts 42006.900396
6d 0 
fr 626518
ts 42006.917063
6d 0 
fr 626519
ts 42006.933710
6d 0 
fr 626520
ts 42006.950377
6d 0 
fr 626521
ts 42006.967017
6d 0 
fr 626522
ts 42006.983684
6d 0 
fr 626523
ts 42007.000370
6d 0 
fr 626524
ts 42007.017037
6d 0 
fr 626525
ts 42007.033715
6d 0 
fr 626526
ts 42007.050381
6d 0 
fr 626527
ts 42007.067054
6d 0 
fr 626528
ts 42007.083721
6d 0 
fr 626529
ts 42007.100385
6d 0 
fr 626530
ts 42007.117051
6d 0 
fr 626531
ts 42007.133713
6d 0 
fr 626532
ts 42007.150375
6d 0 
fr 626533
ts 42007.167027
6d 0 
fr 626534
ts 42007.183693
6d 0 
fr 626535
ts 42007.200337
6d 0 
fr 626536
ts 42007.217004
6d 0 
fr 626537
ts 42007.233641
6d 0 
fr 626538
ts 42007.250307
6d 0 
fr 626539
ts 42007.266994
6d 0 
fr 626540
ts 42007.283657
6d 0 
fr 626541
ts 42007.300332
6d 0 
fr 626542
ts 42007.316999
6d 0 
fr 626543
ts 42007.333670
6d 0 
fr 626544
ts 42007.350333
6d 0 
fr 626545
ts 42007.366995
6d 0 
fr 626546
ts 42007.383662
6d 0 
fr 626547
ts 42007.400316
6d 0 
fr 626548
ts 42007.416983
6d 0 
fr 626549
ts 42007.433635
6d 0 
fr 626550
ts 42007.450297
6d 0 
fr 626551
ts 42007.466938
6d 0 
fr 626552
ts 42007.483604
6d 0 
fr 626553
ts 42007.500290
6d 0 
fr 626554
ts 42007.516957
6d 0 
fr 626555
ts 42007.533636
6d 0 
fr 626556
ts 42007.550302
6d 0 
fr 626557
ts 42007.566979
6d 0 
fr 626558
ts 42007.583638
6d 0 
fr 626559
ts 42007.600306
6d 0 
fr 626560
ts 42007.616973
6d 0 
fr 626561
ts 42007.633635
6d 0 
fr 626562
ts 42007.650297
6d 0 
fr 626563
ts 42007.666953
6d 0 
fr 626564
ts 42007.683615
6d 0 
fr 626565
ts 42007.700260
6d 0 
fr 626566
ts 42007.716926
6d 0 
fr 626567
ts 42007.733564
6d 0 
fr 626568
ts 42007.750230
6d 0 
fr 626569
ts 42007.766913
6d 0 
fr 626570
ts 42007.783579
6d 0 
fr 626571
ts 42007.800255
6d 0 
fr 626572
ts 42007.816921
6d 0 
fr 626573
ts 42007.833591
6d 0 
fr 626574
ts 42007.850256
6d 0 
fr 626575
ts 42007.866923
6d 0 
fr 626576
ts 42007.883585
6d 0 
fr 626577
ts 42007.900245
6d 0 
fr 626578
ts 42007.916906
6d 0 
fr 626579
ts 42007.933559
6d 0 
fr 626580
ts 42007.950221
6d 0 
fr 626581
ts 42007.966867
6d 0 
fr 626582
ts 42007.983528
6d 1 [12 1.000][-1447.716 -886.683 1154.212 -25.7656 -12.8383 77.5723][0.209828 0.900264 -0.381440 -0.952155 0.099487 -0.288969 -0.222200 0.423824 0.878066] 
fr 626583
ts 42008.000219
6d 1 [12 1.000][-1364.668 -1030.690 1195.098 -33.5961 -11.4777 82.8358][0.122219 0.840188 -0.528344 -0.972351 -0.005366 -0.233462 -0.198987 0.542269 0.816302] 
fr 626584
ts 42008.016882
6d 1 [12 1.000][-1335.908 -1058.113 1211.520 -36.2923 -11.2261 81.5043][0.144909 0.814188 -0.562228 -0.970103 0.005108 -0.242638 -0.194681 0.580579 0.790586] 
fr 626585
ts 42008.033561
6d 1 [12 1.000][-1320.642 -1056.723 1220.915 -37.8232 -11.4815 78.6460][0.192931 0.798479 -0.570271 -0.960810 0.035834 -0.274882 -0.199052 0.600956 0.774100] 
fr 626586
ts 42008.050227
6d 1 [12 1.000][-1308.167 -1048.293 1227.819 -39.0012 -11.7085 75.4080][0.246693 0.784241 -0.569306 -0.947608 0.072193 -0.311170 -0.202932 0.616242 0.760963] 
fr 626587
ts 42008.066904
6d 1 [12 1.000][-1295.795 -1038.234 1233.738 -40.0756 -11.6815 72.3247][0.297333 0.768650 -0.566365 -0.933059 0.108134 -0.343087 -0.202471 0.630463 0.749347] 
fr 626588
ts 42008.083566
6d 1 [12 1.000][-1283.113 -1028.348 1238.852 -41.0016 -11.6277 69.3958][0.344688 0.752950 -0.560585 -0.916824 0.141808 -0.373260 -0.201551 0.642617 0.739203] 
fr 626589
ts 42008.100232
6d 1 [12 1.000][-1270.591 -1018.906 1243.364 -41.7069 -11.6030 66.4838][0.390854 0.737948 -0.550151 -0.898209 0.175181 -0.403153 -0.201130 0.651724 0.731302] 
fr 626590
ts 42008.116898
6d 1 [12 1.000][-1257.439 -1010.677 1246.979 -41.7929 -11.6808 64.0839][0.428003 0.729552 -0.533449 -0.880808 0.204491 -0.427036 -0.202460 0.652639 0.730118] 
fr 626591
ts 42008.133557
6d 1 [12 1.000][-1243.773 -1001.343 1250.793 -42.1846 -11.6140 61.6767][0.464732 0.716418 -0.520355 -0.862262 0.232553 -0.449915 -0.201317 0.657772 0.725815] 
fr 626592
ts 42008.150223
6d 1 [12 1.000][-1230.683 -991.504 1253.055 -42.4064 -12.0104 59.1428][0.501673 0.705837 -0.500118 -0.839657 0.258248 -0.477792 -0.208089 0.659622 0.722217] 
fr 626593
ts 42008.166875
6d 1 [12 1.000][-1217.320 -982.534 1255.369 -42.3997 -12.4609 56.9336][0.532759 0.698241 -0.478150 -0.818297 0.280980 -0.501438 -0.215774 0.658415 0.721063] 
fr 626594
ts 42008.183541
6d 1 [12 1.000][-1202.722 -975.439 1257.918 -41.7976 -12.7791 55.3740][0.554143 0.697229 -0.454751 -0.802496 0.302296 -0.514410 -0.221192 0.649992 0.727038] 
fr 626595
ts 42008.200186
6d 1 [12 1.000][-1187.323 -969.868 1260.593 -40.9293 -13.2219 54.3776][0.567002 0.701415 -0.431886 -0.791325 0.318242 -0.522041 -0.228723 0.637761 0.735491] 
fr 626596
ts 42008.216852
6d 1 [12 1.000][-1171.409 -965.622 1263.465 -39.9024 -13.7749 53.7066][0.574895 0.708722 -0.408911 -0.782815 0.330975 -0.526931 -0.238108 0.623032 0.745074] 
fr 626597
ts 42008.233490
6d 1 [12 1.000][-1154.772 -962.184 1266.664 -38.7474 -14.1742 53.3935][0.578162 0.717467 -0.388548 -0.778311 0.342044 -0.526534 -0.244870 0.606833 0.756169] 
fr 626598
ts 42008.250156
6d 1 [12 1.000][-1137.879 -958.659 1270.230 -37.7630 -14.2317 53.1757][0.580968 0.723055 -0.373722 -0.775911 0.353312 -0.522622 -0.245844 0.593601 0.766289] 
fr 626599
ts 42008.266841
6d 1 [12 1.000][-1120.839 -954.836 1274.046 -36.9907 -13.8639 52.9281][0.585255 0.724204 -0.364699 -0.774636 0.366456 -0.515412 -0.239617 0.584156 0.775464] 
fr 626600
ts 42008.283506
6d 1 [12 1.000][-1104.241 -950.839 1277.487 -36.1703 -13.1693 52.3003][0.595441 0.720957 -0.354501 -0.770418 0.387272 -0.506435 -0.227830 0.574666 0.786036] 
fr 626601
ts 42008.300182
6d 1 [12 1.000][-1087.840 -946.232 1280.849 -35.6192 -11.9517 51.4309][0.609943 0.710769 -0.350397 -0.764909 0.412515 -0.494718 -0.207086 0.569771 0.795284] 
fr 626602
ts 42008.316849
6d 1 [12 1.000][-1070.691 -940.394 1284.197 -35.4773 -10.3016 50.5600][0.625029 0.694845 -0.355708 -0.759841 0.437174 -0.481166 -0.178829 0.571024 0.801219] 
fr 626603
ts 42008.333518
6d 1 [12 1.000][-1053.164 -933.819 1288.212 -35.6347 -8.2962 49.6237][0.641026 0.673615 -0.367870 -0.753834 0.462461 -0.466759 -0.144290 0.576518 0.804243] 
fr 626604
ts 42008.350183
6d 1 [12 1.000][-1035.229 -925.947 1292.591 -36.1038 -5.7953 48.6379][0.657438 0.645724 -0.388349 -0.746712 0.489250 -0.450618 -0.100975 0.586238 0.803821] 
fr 626605
ts 42008.366846
6d 1 [12 1.000][-1017.078 -917.087 1297.101 -36.8285 -3.1877 47.6255][0.672931 0.613789 -0.412827 -0.737612 0.514847 -0.436876 -0.055607 0.598494 0.799195] 
fr 626606
ts 42008.383512
6d 1 [12 1.000][-999.116 -907.847 1300.794 -37.7921 -0.8785 46.6338][0.686579 0.580939 -0.437172 -0.726894 0.535795 -0.429591 -0.015331 0.612726 0.790147] 
fr 626607
ts 42008.400168
6d 1 [12 1.000][-981.320 -898.369 1304.376 -38.7022 1.4734 46.0626][0.693643 0.550813 -0.464181 -0.719860 0.553080 -0.419410 0.025713 0.625066 0.780148] 
fr 626608
ts 42008.416834
6d 1 [12 1.000][-964.105 -888.235 1306.898 -39.9096 3.4415 45.8012][0.695892 0.523073 -0.492065 -0.715633 0.562365 -0.414265 0.060030 0.640422 0.765674] 
fr 626609
ts 42008.433483
6d 1 [12 1.000][-947.802 -878.482 1309.034 -40.9023 4.8391 45.7334][0.695509 0.502694 -0.513386 -0.713548 0.567119 -0.411370 0.084358 0.652437 0.753133] 
fr 626610
ts 42008.450148
6d 1 [12 1.000][-932.366 -868.718 1310.735 -41.6745 5.7910 45.9102][0.692234 0.489806 -0.530001 -0.714585 0.567891 -0.408495 0.100899 0.661505 0.743122] 
fr 626611
ts 42008.466791
6d 1 [12 1.000][-917.931 -859.697 1312.317 -42.6792 6.3093 46.2645][0.687143 0.479680 -0.545658 -0.718163 0.562066 -0.410273 0.109896 0.673787 0.730708] 
fr 626612
ts 42008.483456
6d 1 [12 1.000][-904.749 -850.509 1313.347 -43.3266 6.0930 45.7162][0.694269 0.469926 -0.545124 -0.711846 0.560057 -0.423807 0.106142 0.682280 0.723345] 
fr 626613
ts 42008.500144
6d 1 [12 1.000][-891.911 -842.182 1314.917 -43.4210 5.6346 45.2833][0.700203 0.468637 -0.538605 -0.707161 0.558998 -0.432949 0.098183 0.684033 0.722813] 
fr 626614
ts 42008.516809
6d 1 [12 1.000][-879.835 -834.546 1316.735 -43.2948 5.0112 44.7372][0.707628 0.469741 -0.527832 -0.701166 0.559173 -0.442371 0.087350 0.683132 0.725053] 
fr 626615
ts 42008.533490
6d 1 [12 1.000][-867.979 -827.635 1319.734 -42.8228 4.3512 44.0280][0.716928 0.472682 -0.512431 -0.693006 0.563200 -0.450053 0.075869 0.677774 0.731346] 
fr 626616
ts 42008.550155
6d 1 [12 1.000][-856.463 -821.058 1322.971 -42.1593 3.7690 42.9748][0.730071 0.473033 -0.493189 -0.680202 0.572437 -0.457865 0.065734 0.669742 0.739678] 
fr 626617
ts 42008.566828
6d 1 [12 1.000][-844.661 -814.166 1326.456 -41.4824 3.3770 41.6433][0.745999 0.468652 -0.473130 -0.663337 0.585771 -0.465678 0.058905 0.661239 0.747859] 
fr 626618
ts 42008.583494
6d 1 [12 1.000][-831.740 -806.313 1329.827 -41.0644 3.2628 40.1968][0.762594 0.458065 -0.456756 -0.644368 0.600039 -0.474070 0.056916 0.655842 0.752749] 
fr 626619
ts 42008.600165
6d 1 [12 1.000][-818.999 -797.852 1333.233 -40.9425 3.0553 38.6698][0.779650 0.444707 -0.440886 -0.623943 0.611584 -0.486477 0.053299 0.654370 0.754294] 
fr 626620
ts 42008.616827
6d 1 [12 1.000][-805.961 -788.988 1336.830 -40.8196 2.9360 37.1549][0.795959 0.430385 -0.425698 -0.603180 0.623372 -0.497575 0.051220 0.652822 0.755778] 
fr 626621
ts 42008.633486
6d 1 [12 1.000][-793.431 -779.990 1340.790 -40.9077 2.7308 35.6658][0.811509 0.415307 -0.411064 -0.582395 0.632199 -0.511020 0.047644 0.654098 0.754908] 
fr 626622
ts 42008.650150
6d 1 [12 1.000][-780.934 -770.602 1344.660 -41.1221 2.4784 34.1895][0.826410 0.399784 -0.396509 -0.561406 0.639107 -0.525705 0.043243 0.657050 0.752606] 
fr 626623
ts 42008.666804
6d 1 [12 1.000][-768.498 -760.880 1348.434 -41.3793 2.1815 32.7372][0.840550 0.384613 -0.381507 -0.540395 0.644772 -0.540595 0.038065 0.660562 0.749806] 
fr 626624
ts 42008.683470
6d 1 [12 1.000][-756.373 -750.441 1351.644 -41.9858 1.5771 31.1088][0.855864 0.368279 -0.363137 -0.516469 0.645926 -0.562174 0.027523 0.668693 0.743029] 
fr 626625
ts 42008.700115
6d 1 [12 1.000][-743.943 -739.535 1354.621 -42.5167 0.8346 29.6939][0.868592 0.356573 -0.344097 -0.495313 0.645167 -0.581743 0.014566 0.675733 0.737003] 
fr 626626
ts 42008.716782
6d 1 [12 1.000][-732.147 -728.913 1357.163 -43.3222 -0.2479 28.2031][0.881269 0.346435 -0.321476 -0.472595 0.639732 -0.606133 -0.004327 0.686094 0.727500] 
fr 626627
ts 42008.733420
6d 1 [12 1.000][-720.418 -718.294 1359.562 -44.1112 -1.3042 26.6762][0.893326 0.336497 -0.297889 -0.448832 0.634454 -0.629300 -0.022761 0.695872 0.717805] 
fr 626628
ts 42008.750086
6d 1 [12 1.000][-708.632 -708.274 1361.965 -44.6567 -2.3626 25.1362][0.904531 0.328384 -0.272008 -0.424411 0.631661 -0.648752 -0.041223 0.702259 0.710727] 
fr 626629
ts 42008.766770
6d 1 [12 1.000][-696.487 -698.613 1364.463 -45.3007 -3.3242 23.5610][0.915092 0.318943 -0.246742 -0.399053 0.628273 -0.667854 -0.057986 0.709612 0.702203] 
fr 626630
ts 42008.783435
6d 1 [12 1.000][-683.999 -689.154 1366.631 -45.8311 -4.1564 21.8738][0.925566 0.307839 -0.220370 -0.371584 0.627244 -0.684464 -0.072479 0.715402 0.694943] 
fr 626631
ts 42008.800113
6d 1 [12 1.000][-671.171 -679.701 1368.949 -46.5796 -4.7722 20.1216][0.935710 0.293195 -0.196174 -0.342821 0.624606 -0.701671 -0.083195 0.723813 0.684963] 
fr 626632
ts 42008.816780
6d 1 [12 1.000][-658.022 -670.166 1371.583 -47.2417 -5.0007 18.3367][0.945611 0.274337 -0.174813 -0.313403 0.624301 -0.715561 -0.087169 0.731429 0.676323] 
fr 626633
ts 42008.833448
6d 1 [12 1.000][-644.657 -661.122 1374.090 -47.7427 -5.0890 16.5206][0.954938 0.254163 -0.153277 -0.283239 0.626032 -0.726539 -0.088704 0.737214 0.669811] 
fr 626634
ts 42008.850114
6d 1 [12 1.000][-631.272 -652.283 1376.857 -48.1907 -4.7972 14.6011][0.964315 0.228376 -0.133947 -0.251204 0.629410 -0.735350 -0.083629 0.742756 0.664319] 
fr 626635
ts 42008.866777
6d 1 [12 1.000][-617.531 -643.288 1379.755 -48.6031 -4.2319 12.8264][0.972389 0.200775 -0.118950 -0.221392 0.632482 -0.742262 -0.073793 0.748102 0.659468] 
fr 626636
ts 42008.883443
6d 1 [12 1.000][-603.908 -634.412 1382.843 -48.9925 -3.4780 11.1955][0.979164 0.172306 -0.107468 -0.193800 0.634783 -0.747992 -0.060665 0.753234 0.654949] 
fr 626637
ts 42008.900099
6d 1 [12 1.000][-590.689 -625.710 1386.135 -49.4666 -2.6763 9.7940][0.984351 0.145521 -0.099382 -0.169921 0.634383 -0.754112 -0.046693 0.759198 0.649183] 
fr 626638
ts 42008.916765
6d 1 [12 1.000][-578.096 -617.551 1389.890 -49.8505 -1.7843 8.4706][0.988612 0.118517 -0.092735 -0.147230 0.634245 -0.758984 -0.031136 0.763994 0.644471] 
fr 626639
ts 42008.933414
6d 1 [12 1.000][-565.703 -610.000 1394.195 -49.9874 -0.8990 7.2630][0.991854 0.093206 -0.086822 -0.126409 0.636278 -0.761033 -0.015690 0.765809 0.642877] 
fr 626640
ts 42008.950080
6d 1 [12 1.000][-553.994 -603.150 1399.191 -49.7525 0.1165 6.1109][0.994316 0.067235 -0.082558 -0.106453 0.642584 -0.758784 0.002034 0.763260 0.646089] 
fr 626641
ts 42008.966722
6d 1 [12 1.000][-543.050 -596.943 1404.725 -49.1985 0.9755 5.0244][0.996013 0.044390 -0.077378 -0.087567 0.652058 -0.753095 0.017025 0.756869 0.653345] 
fr 626642
ts 42008.983387
6d 1 [12 1.000][-532.856 -591.620 1410.407 -48.4958 1.5470 4.0107][0.997187 0.026181 -0.070227 -0.069918 0.662466 -0.745822 0.026996 0.748634 0.662434] 
fr 626643
ts 42009.000075
6d 1 [12 1.000][-523.320 -586.798 1416.299 -47.5855 1.9792 3.0681][0.997971 0.010639 -0.062775 -0.053490 0.674887 -0.735980 0.034536 0.737844 0.674087] 
fr 626644
ts 42009.016741
6d 1 [12 1.000][-514.210 -582.361 1422.372 -46.5939 2.3501 2.2905][0.998361 -0.002303 -0.057191 -0.039933 0.687807 -0.724794 0.041005 0.725890 0.686587] 
fr 626645
ts 42009.033422
6d 1 [12 1.000][-505.552 -578.175 1428.471 -45.4704 2.6901 1.5988][0.998509 -0.013880 -0.052791 -0.027870 0.701938 -0.711692 0.046934 0.712103 0.700505] 
fr 626646
ts 42009.050087
6d 1 [12 1.000][-497.322 -574.134 1434.541 -44.2891 2.9377 0.9647][0.998544 -0.023729 -0.048437 -0.016815 0.716326 -0.697563 0.051249 0.697362 0.714885] 
fr 626647
ts 42009.066761
6d 1 [12 1.000][-489.614 -569.696 1440.409 -43.2149 3.1998 0.4024][0.998416 -0.033102 -0.045488 -0.007012 0.729041 -0.684434 0.055819 0.683669 0.727655] 
fr 626648
ts 42009.083427
6d 1 [12 1.000][-482.538 -564.966 1446.409 -42.1679 3.4894 -0.0119][0.998146 -0.041013 -0.044971 0.000208 0.741172 -0.671315 0.060864 0.670061 0.739807] 
fr 626649
ts 42009.100093
6d 1 [12 1.000][-476.134 -559.599 1452.132 -41.3984 3.8118 -0.6626][0.997721 -0.052634 -0.042217 0.011539 0.749571 -0.661823 0.066479 0.659828 0.748470] 
fr 626650
ts 42009.116759
6d 1 [12 1.000][-470.194 -553.780 1457.722 -40.6300 4.2185 -1.4909][0.996953 -0.067630 -0.038867 0.025947 0.757427 -0.652404 0.073561 0.649407 0.756874] 
fr 626651
ts 42009.133419
6d 1 [12 1.000][-464.652 -547.287 1463.172 -39.7824 4.6282 -2.5112][0.995782 -0.085252 -0.033913 0.043671 0.765479 -0.641977 0.080689 0.637788 0.765974] 
fr 626652
ts 42009.150084
6d 1 [12 1.000][-459.880 -540.745 1468.623 -39.0335 4.8530 -3.6628][0.994380 -0.102794 -0.025348 0.063656 0.771788 -0.632686 0.084600 0.627517 0.773993] 
fr 626653
ts 42009.166741
6d 1 [12 1.000][-455.558 -533.934 1474.495 -38.1455 5.0264 -4.7595][0.992720 -0.119183 -0.017418 0.082654 0.779242 -0.621249 0.087615 0.615286 0.783420] 
fr 626654
ts 42009.183403
6d 1 [12 1.000][-451.838 -527.007 1480.991 -37.0650 5.0543 -5.8953][0.990843 -0.134777 -0.008022 0.102311 0.788278 -0.606753 0.088100 0.600377 0.794850] 
fr 626655
ts 42009.200049
6d 1 [12 1.000][-448.515 -519.745 1487.706 -36.2448 4.9905 -6.7620][0.989279 -0.146036 -0.000055 0.117299 0.794832 -0.595384 0.086991 0.588995 0.803441] 
fr 626656
ts 42009.216714
6d 1 [12 1.000][-445.328 -511.639 1495.102 -35.4898 5.1248 -7.5075][0.987465 -0.157796 0.003746 0.130133 0.800464 -0.585083 0.089325 0.578237 0.810965] 
fr 626657
ts 42009.233353
6d 1 [12 1.000][-442.309 -502.526 1503.034 -35.0786 5.4261 -8.1158][0.985549 -0.169332 0.004521 0.140541 0.802496 -0.579869 0.094562 0.572125 0.814697] 
fr 626658
ts 42009.250019
6d 1 [12 1.000][-439.439 -491.993 1511.119 -34.9157 5.7273 -8.8483][0.983167 -0.182569 0.007185 0.153050 0.801451 -0.578146 0.099793 0.569513 0.815902] 
fr 626659
ts 42009.266704
6d 1 [12 1.000][-436.715 -480.407 1519.485 -35.2532 6.0079 -9.6795][0.980349 -0.196854 0.012793 0.167213 0.794827 -0.583344 0.104665 0.574020 0.812124] 
fr 626660
ts 42009.283369
6d 1 [12 1.000][-434.615 -468.921 1528.523 -35.3940 6.0961 -10.3538][0.978154 -0.207018 0.018936 0.178710 0.790860 -0.585323 0.106196 0.575920 0.810579] 
fr 626661
ts 42009.300046
6d 1 [12 1.000][-432.620 -456.874 1537.938 -35.6695 6.0768 -10.9643][0.976229 -0.215117 0.026474 0.189128 0.785824 -0.588821 0.105862 0.579832 0.807829] 
fr 626662
ts 42009.316713
6d 1 [12 1.000][-431.189 -444.902 1547.835 -36.1546 5.8524 -11.4366][0.975036 -0.219061 0.036285 0.197249 0.779468 -0.594577 0.101966 0.586891 0.803219] 
fr 626663
ts 42009.333382
6d 1 [12 1.000][-429.821 -432.356 1558.215 -36.6013 5.5717 -12.0043][0.973511 -0.223595 0.047768 0.207002 0.773208 -0.599416 0.097092 0.593426 0.799011] 
fr 626664
ts 42009.350048
6d 1 [12 1.000][-428.407 -418.731 1568.997 -37.3138 5.3419 -12.6575][0.971460 -0.229336 0.060583 0.218170 0.763633 -0.607673 0.093098 0.603548 0.791873] 
fr 626665
ts 42009.366711
6d 1 [12 1.000][-426.670 -404.303 1580.326 -38.2410 5.3601 -13.1275][0.969609 -0.234692 0.069128 0.226125 0.751757 -0.619459 0.093415 0.616264 0.781980] 
fr 626666
ts 42009.383377
6d 1 [12 1.000][-424.742 -389.169 1592.524 -39.5165 5.7148 -13.3586][0.968107 -0.239885 0.072275 0.229897 0.735929 -0.636833 0.099577 0.633138 0.767607] 
fr 626667
ts 42009.400033
6d 1 [12 1.000][-422.237 -373.025 1605.629 -40.9423 6.3861 -13.6322][0.965799 -0.248865 0.072795 0.234225 0.716911 -0.656640 0.111228 0.651233 0.750683] 
fr 626668
ts 42009.416699
6d 1 [12 1.000][-420.098 -357.530 1619.796 -42.4774 7.1079 -13.7198][0.964001 -0.256103 0.071504 0.235351 0.696681 -0.677676 0.123739 0.670109 0.731876] 
fr 626669
ts 42009.433349
6d 1 [12 1.000][-417.969 -343.065 1634.883 -44.0040 7.8943 -13.7532][0.962124 -0.263684 0.069202 0.235488 0.675984 -0.698278 0.137346 0.688125 0.712474] 
fr 626670
ts 42009.450015
6d 1 [12 1.000][-416.503 -331.135 1651.223 -45.3242 8.5215 -13.6372][0.961080 -0.268170 0.066410 0.233169 0.658429 -0.715614 0.148180 0.703247 0.695332] 
fr 626671
ts 42009.466657
6d 1 [12 1.000][-415.139 -320.616 1668.326 -46.4648 8.9920 -13.5761][0.960113 -0.271828 0.065525 0.231853 0.642957 -0.729966 0.156296 0.716042 0.680335] 
fr 626672
ts 42009.483323
6d 1 [12 1.000][-414.188 -311.445 1685.959 -47.4464 9.3457 -13.5975][0.959070 -0.275265 0.066441 0.231979 0.629201 -0.741817 0.162391 0.726867 0.667303] 
fr 626673
ts 42009.500010
6d 1 [12 1.000][-413.805 -304.033 1704.352 -48.2044 9.5450 -13.5169][0.958840 -0.275978 0.066799 0.230497 0.619120 -0.750708 0.165822 0.735205 0.657249] 
fr 626674
ts 42009.516677
6d 1 [12 1.000][-413.950 -298.497 1723.380 -48.6235 9.6926 -13.5675][0.958218 -0.277877 0.067851 0.231243 0.612920 -0.755550 0.168363 0.739671 0.651568] 
fr 626675
ts 42009.533357
6d 1 [12 1.000][-414.132 -294.706 1743.032 -48.6751 9.7553 -13.7171][0.957431 -0.280199 0.069383 0.233699 0.611321 -0.756089 0.169440 0.740118 0.650780] 
fr 626676
ts 42009.550023
6d 1 [12 1.000][-414.768 -292.811 1763.020 -48.2919 9.6980 -14.1469][0.955815 -0.284559 0.073782 0.240916 0.614421 -0.751297 0.168455 0.735876 0.655827] 
fr 626677
ts 42009.566696
6d 1 [12 1.000][-415.429 -292.728 1783.321 -47.6740 9.6875 -14.5303][0.954211 -0.289368 0.075809 0.247315 0.620597 -0.744106 0.168274 0.728783 0.663746] 
fr 626678
ts 42009.583363
6d 1 [12 1.000][-416.400 -294.297 1803.374 -46.6868 9.6352 -14.9351][0.952588 -0.294466 0.076586 0.254090 0.631426 -0.732625 0.167375 0.717350 0.676309] 
fr 626679
ts 42009.600029
6d 1 [12 1.000][-417.658 -297.536 1822.577 -45.4425 9.4506 -15.2557][0.951667 -0.297492 0.076347 0.259557 0.646114 -0.717751 0.164196 0.702876 0.692102] 
fr 626680
ts 42009.616695
6d 1 [12 1.000][-419.256 -302.507 1841.188 -44.0483 9.3408 -15.4932][0.950884 -0.300742 0.073302 0.263582 0.662492 -0.701163 0.162307 0.686046 0.709223] 
fr 626681
ts 42009.633354
6d 1 [12 1.000][-421.150 -309.005 1858.658 -42.3433 9.1450 -15.8363][0.949817 -0.304689 0.070798 0.269421 0.681855 -0.680063 0.158933 0.665010 0.729727] 
fr 626682
ts 42009.650021
6d 1 [12 1.000][-423.538 -316.734 1874.768 -40.3738 8.7955 -16.3893][0.948085 -0.309986 0.071019 0.278844 0.702931 -0.654320 0.152909 0.640154 0.752876] 
fr 626683
ts 42009.666673
6d 1 [12 1.000][-426.146 -325.512 1889.103 -38.2090 8.3122 -17.1176][0.945663 -0.316733 0.073492 0.291241 0.724634 -0.624567 0.144566 0.612034 0.777506] 
fr 626684
ts 42009.683340
6d 1 [12 1.000][-428.779 -334.509 1901.290 -36.2875 7.8592 -18.0909][0.941637 -0.327228 0.079009 0.307608 0.741080 -0.596806 0.136740 0.586278 0.798486] 
fr 626685
ts 42009.699985
6d 1 [12 1.000][-430.991 -343.945 1911.490 -34.3032 7.3617 -18.9323][0.938106 -0.336323 0.082732 0.321776 0.757949 -0.567427 0.128132 0.558927 0.819257] 
fr 626686
ts 42009.716652
6d 1 [12 1.000][-433.064 -353.275 1919.308 -32.4470 6.7728 -19.7526][0.934593 -0.344750 0.087655 0.335601 0.772850 -0.538585 0.117933 0.532775 0.837999] 
fr 626687
ts 42009.733290
6d 1 [12 1.000][-435.435 -362.791 1925.577 -30.6617 6.0756 -20.2181][0.933113 -0.347928 0.090808 0.343653 0.788538 -0.510010 0.105841 0.507103 0.855362] 
fr 626688
ts 42009.749956
