fr 12643
ts 33240.175319
6d 1 [12 1.000][-1941.717 -69.980 715.003 -172.5891 0.4558 104.5531][-0.251270 -0.959572 -0.126828 -0.967884 0.250172 0.024775 0.007956 0.128980 -0.991615] 
fr 12644
ts 33240.191981
6d 1 [12 1.000][-1941.717 -69.980 715.003 -172.5891 0.4558 104.5531][-0.251270 -0.959572 -0.126828 -0.967884 0.250172 0.024775 0.007956 0.128980 -0.991615] 
fr 12645
ts 33240.208651
6d 1 [12 1.000][-1941.717 -69.980 715.003 -172.5891 0.4558 104.5531][-0.251270 -0.959572 -0.126828 -0.967884 0.250172 0.024775 0.007956 0.128980 -0.991615] 
fr 12646
ts 33240.225315
6d 1 [12 1.000][-1941.717 -69.980 715.003 -172.5891 0.4558 104.5531][-0.251270 -0.959572 -0.126828 -0.967884 0.250172 0.024775 0.007956 0.128980 -0.991615] 
fr 12647
ts 33240.241979
6d 1 [12 1.000][-1941.717 -69.980 715.003 -172.5891 0.4558 104.5531][-0.251270 -0.959572 -0.126828 -0.967884 0.250172 0.024775 0.007956 0.128980 -0.991615] 
fr 12648
ts 33240.258644
6d 1 [12 1.000][-1941.690 -69.979 715.059 -172.5889 0.4539 104.5531][-0.251269 -0.959573 -0.126823 -0.967885 0.250167 0.024807 0.007923 0.128983 -0.991615] 
fr 12649
ts 33240.275302
6d 1 [12 1.000][-1941.705 -69.977 715.037 -172.5871 0.4453 104.5530][-0.251267 -0.959574 -0.126816 -0.967887 0.250145 0.024960 0.007771 0.129015 -0.991612] 
fr 12650
ts 33240.291965
6d 1 [12 1.000][-1941.705 -69.977 715.037 -172.5871 0.4453 104.5530][-0.251267 -0.959574 -0.126816 -0.967887 0.250145 0.024960 0.007771 0.129015 -0.991612] 
fr 12651
ts 33240.308617
6d 1 [12 1.000][-1941.705 -69.977 715.037 -172.5871 0.4453 104.5530][-0.251267 -0.959574 -0.126816 -0.967887 0.250145 0.024960 0.007771 0.129015 -0.991612] 
fr 12652
ts 33240.325279
6d 1 [12 1.000][-1941.705 -69.977 715.037 -172.5871 0.4453 104.5530][-0.251267 -0.959574 -0.126816 -0.967887 0.250145 0.024960 0.007771 0.129015 -0.991612] 
fr 12653
ts 33240.341920
6d 1 [12 1.000][-1941.705 -69.977 715.037 -172.5871 0.4453 104.5530][-0.251267 -0.959574 -0.126816 -0.967887 0.250145 0.024960 0.007771 0.129015 -0.991612] 
fr 12654
ts 33240.358586
6d 1 [12 1.000][-1941.705 -69.977 715.037 -172.5871 0.4453 104.5530][-0.251267 -0.959574 -0.126816 -0.967887 0.250145 0.024960 0.007771 0.129015 -0.991612] 
fr 12655
ts 33240.375277
6d 1 [12 1.000][-1941.705 -69.977 715.037 -172.5871 0.4453 104.5530][-0.251267 -0.959574 -0.126816 -0.967887 0.250145 0.024960 0.007771 0.129015 -0.991612] 
fr 12656
ts 33240.391938
6d 1 [12 1.000][-1941.705 -69.977 715.037 -172.5871 0.4453 104.5530][-0.251267 -0.959574 -0.126816 -0.967887 0.250145 0.024960 0.007771 0.129015 -0.991612] 
fr 12657
ts 33240.408622
6d 1 [12 1.000][-1941.705 -69.977 715.037 -172.5871 0.4453 104.5530][-0.251267 -0.959574 -0.126816 -0.967887 0.250145 0.024960 0.007771 0.129015 -0.991612] 
fr 12658
ts 33240.425284
6d 1 [12 1.000][-1941.705 -69.977 715.037 -172.5871 0.4453 104.5530][-0.251267 -0.959574 -0.126816 -0.967887 0.250145 0.024960 0.007771 0.129015 -0.991612] 
fr 12659
ts 33240.441957
6d 1 [12 1.000][-1941.705 -69.977 715.037 -172.5871 0.4453 104.5530][-0.251267 -0.959574 -0.126816 -0.967887 0.250145 0.024960 0.007771 0.129015 -0.991612] 
fr 12660
ts 33240.458622
6d 1 [12 1.000][-1941.705 -69.977 715.037 -172.5871 0.4453 104.5530][-0.251267 -0.959574 -0.126816 -0.967887 0.250145 0.024960 0.007771 0.129015 -0.991612] 
fr 12661
ts 33240.475292
6d 1 [12 1.000][-1941.705 -69.977 715.037 -172.5871 0.4453 104.5530][-0.251267 -0.959574 -0.126816 -0.967887 0.250145 0.024960 0.007771 0.129015 -0.991612] 
fr 12662
ts 33240.491954
6d 1 [12 1.000][-1941.705 -69.977 715.037 -172.5871 0.4453 104.5530][-0.251267 -0.959574 -0.126816 -0.967887 0.250145 0.024960 0.007771 0.129015 -0.991612] 
fr 12663
ts 33240.508616
6d 1 [12 1.000][-1941.705 -69.977 715.037 -172.5871 0.4453 104.5530][-0.251267 -0.959574 -0.126816 -0.967887 0.250145 0.024960 0.007771 0.129015 -0.991612] 
fr 12664
ts 33240.525278
6d 1 [12 1.000][-1941.705 -69.977 715.037 -172.5871 0.4453 104.5530][-0.251267 -0.959574 -0.126816 -0.967887 0.250145 0.024960 0.007771 0.129015 -0.991612] 
fr 12665
ts 33240.541935
6d 1 [12 1.000][-1941.705 -69.977 715.037 -172.5871 0.4453 104.5530][-0.251267 -0.959574 -0.126816 -0.967887 0.250145 0.024960 0.007771 0.129015 -0.991612] 
fr 12666
ts 33240.558595
6d 1 [12 1.000][-1941.705 -69.977 715.037 -172.5871 0.4453 104.5530][-0.251267 -0.959574 -0.126816 -0.967887 0.250145 0.024960 0.007771 0.129015 -0.991612] 
fr 12667
ts 33240.575245
6d 1 [12 1.000][-1941.705 -69.977 715.037 -172.5871 0.4453 104.5530][-0.251267 -0.959574 -0.126816 -0.967887 0.250145 0.024960 0.007771 0.129015 -0.991612] 
fr 12668
ts 33240.591905
6d 1 [12 1.000][-1941.705 -69.977 715.037 -172.5871 0.4453 104.5530][-0.251267 -0.959574 -0.126816 -0.967887 0.250145 0.024960 0.007771 0.129015 -0.991612] 
fr 12669
ts 33240.608549
6d 1 [12 1.000][-1941.705 -69.977 715.037 -172.5871 0.4453 104.5530][-0.251267 -0.959574 -0.126816 -0.967887 0.250145 0.024960 0.007771 0.129015 -0.991612] 
fr 12670
ts 33240.625210
6d 1 [12 1.000][-1941.701 -69.995 715.079 -172.5878 0.4446 104.5529][-0.251266 -0.959577 -0.126800 -0.967887 0.250143 0.024968 0.007759 0.129002 -0.991614] 
fr 12671
ts 33240.641897
6d 1 [12 1.000][-1941.700 -69.997 715.048 -172.5914 0.4429 104.5523][-0.251256 -0.959588 -0.126734 -0.967890 0.250131 0.024980 0.007730 0.128940 -0.991622] 
fr 12672
ts 33240.658559
6d 1 [12 1.000][-1941.700 -69.997 715.048 -172.5914 0.4429 104.5523][-0.251256 -0.959588 -0.126734 -0.967890 0.250131 0.024980 0.007730 0.128940 -0.991622] 
fr 12673
ts 33240.675240
6d 1 [12 1.000][-1941.700 -69.997 715.048 -172.5914 0.4429 104.5523][-0.251256 -0.959588 -0.126734 -0.967890 0.250131 0.024980 0.007730 0.128940 -0.991622] 
fr 12674
ts 33240.691901
6d 1 [12 1.000][-1941.700 -70.018 715.129 -172.5920 0.4430 104.5519][-0.251250 -0.959591 -0.126724 -0.967891 0.250125 0.024975 0.007731 0.128930 -0.991624] 
fr 12675
ts 33240.708575
6d 1 [12 1.000][-1941.699 -70.018 715.074 -172.5941 0.4424 104.5507][-0.251230 -0.959601 -0.126687 -0.967897 0.250105 0.024972 0.007722 0.128893 -0.991628] 
fr 12676
ts 33240.725236
6d 1 [12 1.000][-1941.699 -70.018 715.074 -172.5941 0.4424 104.5507][-0.251230 -0.959601 -0.126687 -0.967897 0.250105 0.024972 0.007722 0.128893 -0.991628] 
fr 12677
ts 33240.741903
6d 1 [12 1.000][-1941.699 -70.018 715.074 -172.5941 0.4424 104.5507][-0.251230 -0.959601 -0.126687 -0.967897 0.250105 0.024972 0.007722 0.128893 -0.991628] 
fr 12678
ts 33240.758566
6d 1 [12 1.000][-1941.699 -70.018 715.074 -172.5941 0.4424 104.5507][-0.251230 -0.959601 -0.126687 -0.967897 0.250105 0.024972 0.007722 0.128893 -0.991628] 
fr 12679
ts 33240.775220
6d 1 [12 1.000][-1941.717 -69.996 714.995 -172.5938 0.4441 104.5508][-0.251231 -0.959599 -0.126699 -0.967896 0.250110 0.024946 0.007751 0.128898 -0.991628] 
fr 12680
ts 33240.791885
6d 1 [12 1.000][-1941.723 -69.977 715.040 -172.5946 0.4456 104.5516][-0.251244 -0.959596 -0.126693 -0.967892 0.250126 0.024918 0.007778 0.128886 -0.991629] 
fr 12681
ts 33240.808537
6d 1 [12 1.000][-1941.720 -69.986 715.047 -172.5952 0.4571 104.5531][-0.251269 -0.959585 -0.126731 -0.967885 0.250176 0.024727 0.007978 0.128874 -0.991629] 
fr 12682
ts 33240.825200
6d 1 [12 1.000][-1941.720 -69.986 715.047 -172.5952 0.4571 104.5531][-0.251269 -0.959585 -0.126731 -0.967885 0.250176 0.024727 0.007978 0.128874 -0.991629] 
fr 12683
ts 33240.841846
6d 1 [12 1.000][-1941.720 -69.986 715.047 -172.5952 0.4571 104.5531][-0.251269 -0.959585 -0.126731 -0.967885 0.250176 0.024727 0.007978 0.128874 -0.991629] 
fr 12684
ts 33240.858507
6d 1 [12 1.000][-1941.720 -69.986 715.047 -172.5952 0.4571 104.5531][-0.251269 -0.959585 -0.126731 -0.967885 0.250176 0.024727 0.007978 0.128874 -0.991629] 
fr 12685
ts 33240.875199
6d 1 [12 1.000][-1941.720 -69.986 715.047 -172.5952 0.4571 104.5531][-0.251269 -0.959585 -0.126731 -0.967885 0.250176 0.024727 0.007978 0.128874 -0.991629] 
fr 12686
ts 33240.891860
6d 1 [12 1.000][-1941.720 -69.986 715.047 -172.5952 0.4571 104.5531][-0.251269 -0.959585 -0.126731 -0.967885 0.250176 0.024727 0.007978 0.128874 -0.991629] 
fr 12687
ts 33240.908544
6d 1 [12 1.000][-1941.720 -69.986 715.047 -172.5952 0.4571 104.5531][-0.251269 -0.959585 -0.126731 -0.967885 0.250176 0.024727 0.007978 0.128874 -0.991629] 
fr 12688
ts 33240.925205
6d 1 [12 1.000][-1941.720 -69.986 715.047 -172.5952 0.4571 104.5531][-0.251269 -0.959585 -0.126731 -0.967885 0.250176 0.024727 0.007978 0.128874 -0.991629] 
fr 12689
ts 33240.941883
6d 1 [12 1.000][-1941.720 -69.986 715.047 -172.5952 0.4571 104.5531][-0.251269 -0.959585 -0.126731 -0.967885 0.250176 0.024727 0.007978 0.128874 -0.991629] 
fr 12690
ts 33240.958545
6d 1 [12 1.000][-1941.720 -69.986 715.047 -172.5952 0.4571 104.5531][-0.251269 -0.959585 -0.126731 -0.967885 0.250176 0.024727 0.007978 0.128874 -0.991629] 
fr 12691
ts 33240.975210
6d 1 [12 1.000][-1941.720 -69.986 715.047 -172.5952 0.4571 104.5531][-0.251269 -0.959585 -0.126731 -0.967885 0.250176 0.024727 0.007978 0.128874 -0.991629] 
fr 12692
ts 33240.991876
6d 1 [12 1.000][-1941.720 -69.986 715.047 -172.5952 0.4571 104.5531][-0.251269 -0.959585 -0.126731 -0.967885 0.250176 0.024727 0.007978 0.128874 -0.991629] 
fr 12693
ts 33241.008539
6d 1 [12 1.000][-1941.720 -69.986 715.047 -172.5952 0.4571 104.5531][-0.251269 -0.959585 -0.126731 -0.967885 0.250176 0.024727 0.007978 0.128874 -0.991629] 
fr 12694
ts 33241.025200
6d 1 [12 1.000][-1941.720 -69.986 715.047 -172.5952 0.4571 104.5531][-0.251269 -0.959585 -0.126731 -0.967885 0.250176 0.024727 0.007978 0.128874 -0.991629] 
fr 12695
ts 33241.041857
6d 1 [12 1.000][-1941.720 -69.986 715.047 -172.5952 0.4571 104.5531][-0.251269 -0.959585 -0.126731 -0.967885 0.250176 0.024727 0.007978 0.128874 -0.991629] 
fr 12696
ts 33241.058519
6d 1 [12 1.000][-1941.721 -70.029 715.020 -172.5950 0.4566 104.5534][-0.251275 -0.959583 -0.126732 -0.967883 0.250181 0.024736 0.007969 0.128878 -0.991628] 
fr 12697
ts 33241.075167
6d 1 [12 1.000][-1941.724 -69.958 715.015 -172.5956 0.4566 104.5574][-0.251341 -0.959567 -0.126721 -0.967866 0.250247 0.024743 0.007969 0.128868 -0.991630] 
fr 12698
ts 33241.091831
6d 1 [12 1.000][-1941.724 -69.958 715.015 -172.5956 0.4566 104.5574][-0.251341 -0.959567 -0.126721 -0.967866 0.250247 0.024743 0.007969 0.128868 -0.991630] 
fr 12699
ts 33241.108472
6d 1 [12 1.000][-1941.730 -69.999 715.029 -172.5956 0.4567 104.5574][-0.251342 -0.959567 -0.126721 -0.967866 0.250248 0.024741 0.007971 0.128867 -0.991630] 
fr 12700
ts 33241.125133
6d 1 [12 1.000][-1941.733 -70.008 715.033 -172.5956 0.4565 104.5575][-0.251344 -0.959567 -0.126720 -0.967865 0.250250 0.024745 0.007967 0.128868 -0.991630] 
fr 12701
ts 33241.141821
6d 1 [12 1.000][-1941.729 -69.991 715.047 -172.5954 0.4545 104.5577][-0.251348 -0.959566 -0.126715 -0.967864 0.250249 0.024781 0.007932 0.128871 -0.991630] 
fr 12702
ts 33241.158484
6d 1 [12 1.000][-1941.728 -69.991 715.074 -172.5955 0.4538 104.5576][-0.251345 -0.959568 -0.126711 -0.967865 0.250245 0.024791 0.007920 0.128870 -0.991630] 
fr 12703
ts 33241.175164
6d 1 [12 1.000][-1941.731 -69.994 715.080 -172.5951 0.4544 104.5571][-0.251336 -0.959569 -0.126720 -0.967867 0.250237 0.024781 0.007931 0.128877 -0.991629] 
fr 12704
ts 33241.191826
6d 1 [12 1.000][-1941.737 -69.979 715.065 -172.5956 0.4544 104.5559][-0.251316 -0.959575 -0.126712 -0.967873 0.250217 0.024777 0.007930 0.128868 -0.991630] 
fr 12705
ts 33241.208499
6d 1 [12 1.000][-1941.740 -69.946 715.077 -172.5956 0.4554 104.5558][-0.251315 -0.959575 -0.126717 -0.967873 0.250218 0.024759 0.007949 0.128868 -0.991630] 
fr 12706
ts 33241.225160
6d 1 [12 1.000][-1941.748 -69.939 715.083 -172.5965 0.4572 104.5561][-0.251319 -0.959575 -0.126710 -0.967871 0.250227 0.024726 0.007980 0.128853 -0.991632] 
fr 12707
ts 33241.241824
6d 1 [12 1.000][-1941.752 -69.939 715.092 -172.5971 0.4598 104.5561][-0.251320 -0.959574 -0.126711 -0.967871 0.250234 0.024680 0.008025 0.128842 -0.991633] 
fr 12708
ts 33241.258489
6d 1 [12 1.000][-1941.762 -69.939 715.100 -172.5972 0.4607 104.5580][-0.251351 -0.959566 -0.126712 -0.967863 0.250267 0.024668 0.008041 0.128840 -0.991633] 
fr 12709
ts 33241.275149
6d 1 [12 1.000][-1941.765 -69.957 715.097 -172.5985 0.4693 104.5580][-0.251352 -0.959564 -0.126728 -0.967861 0.250288 0.024519 0.008191 0.128818 -0.991634] 
fr 12710
ts 33241.291809
6d 1 [12 1.000][-1941.765 -70.031 715.121 -172.5988 0.4690 104.5581][-0.251353 -0.959564 -0.126721 -0.967861 0.250287 0.024523 0.008185 0.128812 -0.991635] 
fr 12711
ts 33241.308460
6d 1 [12 1.000][-1941.773 -69.992 715.142 -172.6008 0.4705 104.5590][-0.251368 -0.959564 -0.126694 -0.967857 0.250307 0.024491 0.008212 0.128778 -0.991639] 
fr 12712
ts 33241.325125
6d 1 [12 1.000][-1941.775 -70.009 715.155 -172.6015 0.4704 104.5588][-0.251365 -0.959566 -0.126682 -0.967858 0.250304 0.024488 0.008211 0.128766 -0.991641] 
fr 12713
ts 33241.341770
6d 1 [12 1.000][-1941.778 -69.984 715.163 -172.6050 0.4709 104.5580][-0.251352 -0.959577 -0.126626 -0.967861 0.250293 0.024465 0.008218 0.128705 -0.991649] 
fr 12714
ts 33241.358433
6d 1 [12 1.000][-1941.778 -69.984 715.163 -172.6050 0.4709 104.5580][-0.251352 -0.959577 -0.126626 -0.967861 0.250293 0.024465 0.008218 0.128705 -0.991649] 
fr 12715
ts 33241.375124
6d 1 [12 1.000][-1941.778 -69.984 715.163 -172.6050 0.4709 104.5580][-0.251352 -0.959577 -0.126626 -0.967861 0.250293 0.024465 0.008218 0.128705 -0.991649] 
fr 12716
ts 33241.391785
6d 1 [12 1.000][-1941.778 -69.984 715.163 -172.6050 0.4709 104.5580][-0.251352 -0.959577 -0.126626 -0.967861 0.250293 0.024465 0.008218 0.128705 -0.991649] 
fr 12717
ts 33241.408470
6d 1 [12 1.000][-1941.779 -70.010 715.140 -172.6055 0.4717 104.5573][-0.251340 -0.959581 -0.126621 -0.967864 0.250284 0.024447 0.008233 0.128697 -0.991650] 
fr 12718
ts 33241.425132
6d 1 [12 1.000][-1941.785 -70.022 715.144 -172.6065 0.4721 104.5569][-0.251333 -0.959585 -0.126606 -0.967866 0.250278 0.024435 0.008239 0.128679 -0.991652] 
fr 12719
ts 33241.441809
6d 1 [12 1.000][-1941.784 -70.056 715.164 -172.6077 0.4731 104.5564][-0.251324 -0.959589 -0.126589 -0.967868 0.250272 0.024412 0.008256 0.128657 -0.991655] 
fr 12720
ts 33241.458470
6d 1 [12 1.000][-1941.782 -70.040 715.160 -172.6125 0.4804 104.5526][-0.251261 -0.959612 -0.126543 -0.967883 0.250227 0.024260 0.008384 0.128575 -0.991664] 
fr 12721
ts 33241.475136
6d 1 [12 1.000][-1941.782 -70.040 715.160 -172.6125 0.4804 104.5526][-0.251261 -0.959612 -0.126543 -0.967883 0.250227 0.024260 0.008384 0.128575 -0.991664] 
fr 12722
ts 33241.491804
6d 1 [12 1.000][-1941.782 -70.040 715.160 -172.6125 0.4804 104.5526][-0.251261 -0.959612 -0.126543 -0.967883 0.250227 0.024260 0.008384 0.128575 -0.991664] 
fr 12723
ts 33241.508465
6d 1 [12 1.000][-1941.782 -70.040 715.160 -172.6125 0.4804 104.5526][-0.251261 -0.959612 -0.126543 -0.967883 0.250227 0.024260 0.008384 0.128575 -0.991664] 
fr 12724
ts 33241.525128
6d 1 [12 1.000][-1941.782 -70.040 715.160 -172.6125 0.4804 104.5526][-0.251261 -0.959612 -0.126543 -0.967883 0.250227 0.024260 0.008384 0.128575 -0.991664] 
fr 12725
ts 33241.541784
6d 1 [12 1.000][-1941.782 -70.040 715.160 -172.6125 0.4804 104.5526][-0.251261 -0.959612 -0.126543 -0.967883 0.250227 0.024260 0.008384 0.128575 -0.991664] 
fr 12726
ts 33241.558445
6d 1 [12 1.000][-1941.782 -70.040 715.160 -172.6125 0.4804 104.5526][-0.251261 -0.959612 -0.126543 -0.967883 0.250227 0.024260 0.008384 0.128575 -0.991664] 
fr 12727
ts 33241.575091
6d 1 [12 1.000][-1941.767 -70.044 715.126 -172.6115 0.4785 104.5528][-0.251263 -0.959610 -0.126551 -0.967883 0.250225 0.024296 0.008352 0.128591 -0.991663] 
fr 12728
ts 33241.591757
6d 1 [12 1.000][-1941.766 -70.041 715.134 -172.6105 0.4768 104.5531][-0.251268 -0.959608 -0.126561 -0.967882 0.250226 0.024330 0.008322 0.128610 -0.991660] 
fr 12729
ts 33241.608399
6d 1 [12 1.000][-1941.772 -70.036 715.125 -172.6090 0.4762 104.5538][-0.251280 -0.959601 -0.126584 -0.967879 0.250236 0.024349 0.008311 0.128636 -0.991657] 
fr 12730
ts 33241.625061
6d 1 [12 1.000][-1941.777 -70.043 715.143 -172.6090 0.4789 104.5541][-0.251286 -0.959598 -0.126595 -0.967877 0.250247 0.024303 0.008359 0.128636 -0.991657] 
fr 12731
ts 33241.641745
6d 1 [12 1.000][-1941.771 -70.045 715.203 -172.6083 0.4763 104.5534][-0.251273 -0.959602 -0.126596 -0.967881 0.250228 0.024348 0.008313 0.128648 -0.991655] 
fr 12732
ts 33241.658411
6d 1 [12 1.000][-1941.783 -70.048 715.144 -172.6027 0.4725 104.5557][-0.251312 -0.959581 -0.126673 -0.967871 0.250257 0.024442 0.008247 0.128745 -0.991643] 
fr 12733
ts 33241.675091
6d 1 [12 1.000][-1941.783 -70.048 715.144 -172.6027 0.4725 104.5557][-0.251312 -0.959581 -0.126673 -0.967871 0.250257 0.024442 0.008247 0.128745 -0.991643] 
fr 12734
ts 33241.691753
6d 1 [12 1.000][-1941.783 -70.048 715.144 -172.6027 0.4725 104.5557][-0.251312 -0.959581 -0.126673 -0.967871 0.250257 0.024442 0.008247 0.128745 -0.991643] 
fr 12735
ts 33241.708427
6d 1 [12 1.000][-1941.785 -69.993 715.150 -172.6038 0.4749 104.5559][-0.251315 -0.959582 -0.126664 -0.967870 0.250265 0.024397 0.008289 0.128726 -0.991646] 
fr 12736
ts 33241.725090
6d 1 [12 1.000][-1941.780 -69.992 715.147 -172.6048 0.4765 104.5564][-0.251323 -0.959581 -0.126655 -0.967867 0.250278 0.024367 0.008317 0.128709 -0.991648] 
fr 12737
ts 33241.741753
6d 1 [12 1.000][-1941.783 -70.006 715.137 -172.6121 0.4918 104.5578][-0.251347 -0.959582 -0.126598 -0.967859 0.250338 0.024082 0.008583 0.128582 -0.991662] 
fr 12738
ts 33241.758418
6d 1 [12 1.000][-1941.783 -70.006 715.137 -172.6121 0.4918 104.5578][-0.251347 -0.959582 -0.126598 -0.967859 0.250338 0.024082 0.008583 0.128582 -0.991662] 
fr 12739
ts 33241.775076
6d 1 [12 1.000][-1941.783 -70.006 715.137 -172.6121 0.4918 104.5578][-0.251347 -0.959582 -0.126598 -0.967859 0.250338 0.024082 0.008583 0.128582 -0.991662] 
fr 12740
ts 33241.791739
6d 1 [12 1.000][-1941.783 -70.006 715.137 -172.6121 0.4918 104.5578][-0.251347 -0.959582 -0.126598 -0.967859 0.250338 0.024082 0.008583 0.128582 -0.991662] 
fr 12741
ts 33241.808392
6d 1 [12 1.000][-1941.771 -70.048 715.166 -172.6119 0.4912 104.5569][-0.251333 -0.959586 -0.126598 -0.967863 0.250322 0.024091 0.008573 0.128584 -0.991662] 
fr 12742
ts 33241.825053
6d 1 [12 1.000][-1941.769 -70.021 715.161 -172.6128 0.4871 104.5511][-0.251234 -0.959616 -0.126569 -0.967889 0.250216 0.024143 0.008501 0.128570 -0.991664] 
fr 12743
ts 33241.841700
6d 1 [12 1.000][-1941.769 -70.021 715.161 -172.6128 0.4871 104.5511][-0.251234 -0.959616 -0.126569 -0.967889 0.250216 0.024143 0.008501 0.128570 -0.991664] 
fr 12744
ts 33241.858362
6d 1 [12 1.000][-1941.769 -70.021 715.161 -172.6128 0.4871 104.5511][-0.251234 -0.959616 -0.126569 -0.967889 0.250216 0.024143 0.008501 0.128570 -0.991664] 
fr 12745
ts 33241.875052
6d 1 [12 1.000][-1941.769 -70.021 715.161 -172.6128 0.4871 104.5511][-0.251234 -0.959616 -0.126569 -0.967889 0.250216 0.024143 0.008501 0.128570 -0.991664] 
fr 12746
ts 33241.891715
6d 1 [12 1.000][-1941.767 -69.928 715.187 -172.6132 0.4878 104.5507][-0.251228 -0.959618 -0.126565 -0.967890 0.250212 0.024129 0.008513 0.128563 -0.991665] 
fr 12747
ts 33241.908399
6d 1 [12 1.000][-1941.911 -70.400 714.769 -172.6111 0.4905 104.5490][-0.251198 -0.959619 -0.126612 -0.967898 0.250187 0.024089 0.008560 0.128599 -0.991660] 
fr 12748
ts 33241.925061
6d 1 [12 1.000][-1942.124 -70.821 714.524 -172.5818 0.5040 104.5379][-0.251011 -0.959595 -0.127166 -0.967944 0.250019 0.023965 0.008797 0.129105 -0.991592] 
fr 12749
ts 33241.941738
6d 1 [12 1.000][-1942.203 -71.268 714.118 -172.5125 0.5213 104.5077][-0.250500 -0.959562 -0.128415 -0.968074 0.249522 0.023912 0.009098 0.130305 -0.991432] 
fr 12750
ts 33241.958402
6d 1 [12 1.000][-1942.609 -71.485 713.641 -172.3926 0.5276 104.5363][-0.250983 -0.959163 -0.130437 -0.967948 0.249965 0.024393 0.009208 0.132379 -0.991156] 
fr 12751
ts 33241.975071
6d 1 [12 1.000][-1943.280 -71.309 713.418 -172.2570 0.5477 104.6898][-0.253575 -0.958166 -0.132729 -0.967269 0.252520 0.025003 0.009560 0.134724 -0.990837] 
fr 12752
ts 33241.991732
6d 1 [12 1.000][-1943.680 -70.702 713.297 -172.1404 0.5875 104.8082][-0.255570 -0.957347 -0.134800 -0.966736 0.254538 0.025129 0.010254 0.136738 -0.990554] 
fr 12753
ts 33242.008396
6d 1 [12 1.000][-1943.801 -69.487 713.944 -172.1742 0.6168 104.9018][-0.257149 -0.956991 -0.134325 -0.966312 0.256185 0.024710 0.010765 0.136154 -0.990629] 
fr 12754
ts 33242.025057
6d 1 [12 1.000][-1942.268 -67.490 715.581 -172.5694 0.6010 104.5453][-0.251132 -0.959480 -0.127793 -0.967896 0.250350 0.022412 0.010489 0.129318 -0.991548] 
fr 12755
ts 33242.041713
6d 1 [12 1.000][-1939.350 -64.275 718.536 -173.3322 0.0273 103.8949][-0.240141 -0.964159 -0.112829 -0.970738 0.238570 0.027425 0.000476 0.116113 -0.993236] 
fr 12756
ts 33242.058376
6d 1 [12 1.000][-1937.010 -58.714 724.000 -174.7888 -0.3394 103.2759][-0.229636 -0.969376 -0.087045 -0.973258 0.228168 0.026599 -0.005924 0.090825 -0.995849] 
fr 12757
ts 33242.075022
6d 1 [12 1.000][-1935.516 -51.398 731.400 -176.6710 -0.5548 102.7443][-0.220590 -0.973842 -0.054507 -0.975319 0.219679 0.022238 -0.009683 0.058067 -0.998266] 
fr 12758
ts 33242.091686
6d 1 [12 1.000][-1935.182 -42.698 739.897 -178.7994 -0.1102 102.2120][-0.211529 -0.977166 -0.020073 -0.977370 0.211444 0.006312 -0.001923 0.020954 -0.999779] 
fr 12759
ts 33242.108331
6d 1 [12 1.000][-1934.865 -32.385 748.986 178.6653 0.5836 101.4553][-0.198593 -0.979861 0.020806 -0.980029 0.198317 -0.014605 0.010185 -0.023291 -0.999677] 
fr 12760
ts 33242.124992
6d 1 [12 1.000][-1934.366 -20.831 758.786 175.7085 1.4115 100.5138][-0.182417 -0.980791 0.069093 -0.982913 0.180149 -0.037807 0.024633 -0.074809 -0.996894] 
fr 12761
ts 33242.141679
6d 1 [12 1.000][-1934.705 -8.344 769.061 172.2960 2.4869 99.6469][-0.167417 -0.977936 0.124954 -0.984931 0.160328 -0.064856 0.043391 -0.133929 -0.990041] 
fr 12762
ts 33242.158342
6d 1 [12 1.000][-1935.181 4.272 778.973 168.7996 3.8393 98.7253][-0.151358 -0.971574 0.182029 -0.986209 0.135953 -0.094389 0.066959 -0.193805 -0.978752] 
fr 12763
ts 33242.175024
6d 1 [12 1.000][-1933.971 17.443 788.772 165.2340 4.7937 98.0016][-0.138714 -0.960525 0.241143 -0.986800 0.113511 -0.115500 0.083568 -0.253981 -0.963592] 
fr 12764
ts 33242.191685
6d 1 [12 1.000][-1929.079 30.976 799.539 161.4651 4.8450 97.2116][-0.125085 -0.944000 0.305314 -0.988544 0.092387 -0.119350 0.084460 -0.316746 -0.944743] 
fr 12765
ts 33242.208359
6d 1 [12 1.000][-1921.568 45.591 810.510 157.6467 4.1631 96.5378][-0.113558 -0.921986 0.370199 -0.990876 0.077872 -0.110007 0.072597 -0.379313 -0.922416] 
fr 12766
ts 33242.225020
6d 1 [12 1.000][-1912.631 61.052 821.253 153.8203 3.1614 96.0023][-0.104409 -0.895039 0.433594 -0.993004 0.069644 -0.095354 0.055149 -0.440516 -0.896049] 
fr 12767
ts 33242.241685
6d 1 [12 1.000][-1896.550 80.897 830.878 150.2380 1.5616 95.5543][-0.096753 -0.865328 0.491779 -0.994935 0.070558 -0.071592 0.027252 -0.496215 -0.867772] 
fr 12768
ts 33242.258349
6d 1 [12 1.000][-1883.962 97.030 840.827 146.9780 0.0717 95.3725][-0.093630 -0.834842 0.542469 -0.995606 0.077826 -0.052070 0.001252 -0.544961 -0.838461] 
fr 12769
ts 33242.275010
6d 1 [12 1.000][-1871.877 110.047 850.905 143.9662 -0.9718 94.6947][-0.081834 -0.805140 0.587412 -0.996502 0.076130 -0.034478 -0.016960 -0.588178 -0.808553] 
fr 12770
ts 33242.291671
6d 1 [12 1.000][-1860.445 123.069 864.583 140.9540 -3.4136 94.3119][-0.075052 -0.771623 0.631637 -0.995400 0.095794 -0.001250 -0.059543 -0.628826 -0.775263] 
fr 12771
ts 33242.308325
6d 1 [12 1.000][-1845.429 136.975 877.028 138.5293 -5.2512 94.0566][-0.070446 -0.743130 0.665429 -0.993308 0.113465 0.021557 -0.091523 -0.659457 -0.746150] 
fr 12772
ts 33242.324986
6d 1 [12 1.000][-1829.304 149.480 890.727 136.6156 -7.3750 94.2183][-0.072948 -0.718308 0.691890 -0.989041 0.141390 0.042512 -0.128363 -0.681207 -0.720750] 
fr 12773
ts 33242.341633
6d 1 [12 1.000][-1812.285 161.326 905.135 135.2078 -9.3354 94.5204][-0.077770 -0.698452 0.711419 -0.983686 0.169861 0.059232 -0.162213 -0.695207 -0.700267] 
fr 12774
ts 33242.358294
6d 1 [12 1.000][-1794.984 172.408 920.658 134.2443 -11.2321 95.1374][-0.087829 -0.682421 0.725663 -0.976906 0.201453 0.071211 -0.194783 -0.702650 -0.684355] 
fr 12775
ts 33242.374986
6d 1 [12 1.000][-1777.226 182.624 937.621 133.6577 -12.9912 95.9009][-0.100177 -0.669970 0.735598 -0.969241 0.232751 0.079989 -0.224802 -0.704959 -0.672679] 
fr 12776
ts 33242.391647
6d 1 [12 1.000][-1759.216 192.275 955.723 133.4304 -14.7160 96.9870][-0.117654 -0.659927 0.742060 -0.960014 0.266735 0.085002 -0.254028 -0.702388 -0.664922] 
fr 12777
ts 33242.408328
6d 1 [12 1.000][-1741.717 201.111 974.889 133.7425 -16.0492 98.3793][-0.140046 -0.654932 0.742598 -0.950766 0.298357 0.083830 -0.276462 -0.694296 -0.664471] 
fr 12778
ts 33242.424994
6d 1 [12 1.000][-1724.625 208.990 995.418 134.5175 -17.0424 100.0622][-0.167045 -0.653831 0.737970 -0.941382 0.328261 0.077745 -0.293079 -0.681725 -0.670340] 
fr 12779
ts 33242.441672
6d 1 [12 1.000][-1707.546 216.381 1017.230 135.4440 -17.9659 101.9336][-0.196695 -0.652416 0.731891 -0.930682 0.359076 0.069965 -0.308451 -0.667396 -0.677820] 
fr 12780
ts 33242.458333
6d 1 [12 1.000][-1690.140 223.513 1040.387 136.5255 -18.5316 104.0588][-0.230321 -0.650824 0.723450 -0.919749 0.388405 0.056598 -0.317827 -0.652357 -0.688053] 
fr 12781
ts 33242.475005
6d 1 [12 1.000][-1672.445 229.959 1064.903 137.6341 -18.9496 106.3722][-0.266600 -0.647214 0.714170 -0.907453 0.418221 0.040258 -0.324737 -0.637342 -0.698814] 
fr 12782
ts 33242.491667
6d 1 [12 1.000][-1654.903 234.782 1090.233 139.4263 -19.2244 109.1787][-0.310197 -0.647055 0.696489 -0.891830 0.451809 0.022546 -0.329269 -0.614156 -0.717213] 
fr 12783
ts 33242.508326
6d 1 [12 1.000][-1637.971 238.063 1116.060 141.6091 -19.1541 112.3768][-0.359621 -0.647201 0.672164 -0.873509 0.486807 0.001384 -0.328109 -0.586643 -0.740401] 
fr 12784
ts 33242.524991
6d 1 [12 1.000][-1621.558 239.373 1141.922 144.2612 -18.8532 115.7834][-0.411635 -0.648781 0.640031 -0.852136 0.523015 -0.017883 -0.323144 -0.552755 -0.768141] 
fr 12785
ts 33242.541646
6d 1 [12 1.000][-1605.928 239.416 1167.950 146.8504 -18.4244 119.2354][-0.463364 -0.646190 0.606409 -0.827891 0.559721 -0.036161 -0.316053 -0.518797 -0.794330] 
fr 12786
ts 33242.558309
6d 1 [12 1.000][-1591.053 237.849 1194.234 149.8463 -17.9834 122.8245][-0.515585 -0.642554 0.566830 -0.799281 0.599041 -0.047954 -0.308742 -0.477781 -0.822438] 
fr 12787
ts 33242.574956
6d 1 [12 1.000][-1577.690 234.435 1220.505 152.9423 -17.3374 126.6993][-0.570463 -0.633017 0.523317 -0.765356 0.640891 -0.059068 -0.297998 -0.434220 -0.850088] 
fr 12788
ts 33242.591622
6d 1 [12 1.000][-1565.256 229.609 1246.192 156.0146 -16.3433 130.7701][-0.626638 -0.617242 0.475749 -0.726734 0.683265 -0.070750 -0.281393 -0.390077 -0.876731] 
fr 12789
ts 33242.608264
6d 1 [12 1.000][-1554.220 223.121 1271.197 159.3037 -15.0732 135.0054][-0.682843 -0.596419 0.421912 -0.682714 0.726519 -0.077923 -0.260052 -0.341254 -0.903282] 
fr 12790
ts 33242.624928
6d 1 [12 1.000][-1544.003 216.163 1295.323 162.4072 -13.4737 138.8753][-0.732547 -0.573890 0.366094 -0.639599 0.764365 -0.081603 -0.232998 -0.293931 -0.926993] 
fr 12791
ts 33242.641615
6d 1 [12 1.000][-1534.899 207.394 1318.789 165.3646 -11.7893 142.5637][-0.777280 -0.547165 0.310558 -0.595057 0.799646 -0.080457 -0.204314 -0.247337 -0.947143] 
fr 12792
ts 33242.658276
6d 1 [12 1.000][-1526.564 197.085 1342.082 168.2885 -10.3736 146.1007][-0.816452 -0.515787 0.259558 -0.548619 0.833125 -0.070142 -0.180066 -0.199666 -0.963177] 
fr 12793
ts 33242.674958
6d 1 [12 1.000][-1519.011 185.516 1364.964 171.1016 -9.0605 149.2301][-0.848508 -0.484504 0.212815 -0.505208 0.861349 -0.053313 -0.157478 -0.152753 -0.975637] 
fr 12794
ts 33242.691619
6d 1 [12 1.000][-1512.273 172.306 1386.937 174.0658 -7.8745 152.0645][-0.875145 -0.453453 0.168825 -0.464059 0.885377 -0.027499 -0.137004 -0.102411 -0.985262] 
fr 12795
ts 33242.708294
6d 1 [12 1.000][-1506.231 157.542 1408.093 177.0779 -6.7986 154.5209][-0.896394 -0.424175 0.128657 -0.427157 0.904165 0.004839 -0.118380 -0.050619 -0.991677] 
fr 12796
ts 33242.724954
6d 1 [12 1.000][-1501.427 141.898 1427.842 -179.7765 -5.6835 156.7552][-0.914310 -0.395012 0.089454 -0.392720 0.918668 0.042668 -0.099033 0.003882 -0.995077] 
fr 12797
ts 33242.741619
6d 1 [12 1.000][-1498.793 125.927 1446.860 -177.1707 -4.4527 158.6880][-0.928803 -0.366574 0.054299 -0.362350 0.929087 0.074168 -0.077637 0.049212 -0.995766] 
fr 12798
ts 33242.758285
6d 1 [12 1.000][-1497.570 110.096 1464.679 -174.7947 -3.2559 160.3002][-0.939952 -0.340553 0.022668 -0.336548 0.935852 0.104481 -0.056795 0.090578 -0.994269] 
fr 12799
ts 33242.774942
6d 1 [12 1.000][-1497.918 94.107 1481.160 -172.4701 -2.1099 161.6098][-0.948286 -0.317345 -0.006707 -0.315273 0.939225 0.135866 -0.036817 0.130954 -0.990705] 
fr 12800
ts 33242.791607
6d 1 [12 1.000][-1499.716 76.860 1495.665 -169.7860 -1.1204 162.2758][-0.952351 -0.302914 -0.035655 -0.304378 0.936382 0.174767 -0.019553 0.177292 -0.983964] 
fr 12801
ts 33242.808260
6d 1 [12 1.000][-1503.725 60.267 1508.738 -167.3667 -0.0420 162.8093][-0.955326 -0.288550 -0.063957 -0.295553 0.932151 0.209151 -0.000733 0.218710 -0.975790] 
fr 12802
ts 33242.824922
6d 1 [12 1.000][-1510.121 44.748 1519.978 -165.3657 1.2628 163.1652][-0.956911 -0.274888 -0.093580 -0.289543 0.927705 0.235646 0.022039 0.252587 -0.967323] 
fr 12803
ts 33242.841569
6d 1 [12 1.000][-1518.463 31.043 1528.270 -163.3670 2.9683 163.2984][-0.956529 -0.261165 -0.129785 -0.287002 0.921997 0.259905 0.051783 0.285856 -0.956873] 
fr 12804
ts 33242.858231
6d 1 [12 1.000][-1527.879 17.140 1536.041 -161.7040 4.2981 162.8218][-0.952704 -0.257937 -0.160699 -0.294514 0.914042 0.278907 0.074945 0.313044 -0.946777] 
fr 12805
ts 33242.874921
6d 1 [12 1.000][-1538.481 3.602 1542.966 -160.4497 5.5343 161.9584][-0.946400 -0.261166 -0.190052 -0.308264 0.906010 0.290033 0.096442 0.333074 -0.937956] 
fr 12806
ts 33242.891584
6d 1 [12 1.000][-1549.972 -9.256 1548.504 -159.2731 6.6027 160.7036][-0.937562 -0.270660 -0.218453 -0.328264 0.896183 0.298494 0.114983 0.351566 -0.929075] 
fr 12807
ts 33242.908268
6d 1 [12 1.000][-1561.806 -22.626 1552.887 -158.1514 7.3423 159.0811][-0.926428 -0.286974 -0.243675 -0.354118 0.883973 0.305274 0.127796 0.369104 -0.920560] 
fr 12808
ts 33242.924930
6d 1 [12 1.000][-1573.344 -36.852 1555.776 -156.9066 7.6806 157.0618][-0.912664 -0.310230 -0.266086 -0.386241 0.867560 0.313301 0.133650 0.388712 -0.911614] 
fr 12809
ts 33242.941608
6d 1 [12 1.000][-1584.226 -51.880 1557.877 -155.3855 7.2658 154.6820][-0.896690 -0.341165 -0.282053 -0.424208 0.844334 0.327335 0.126472 0.413167 -0.901830] 
fr 12810
ts 33242.958270
6d 1 [12 1.000][-1594.645 -66.106 1558.789 -154.1055 6.7076 152.1815][-0.878377 -0.374703 -0.296735 -0.463477 0.819438 0.337209 0.116803 0.433726 -0.893442] 
fr 12811
ts 33242.974937
6d 1 [12 1.000][-1604.384 -80.023 1558.678 -153.0826 5.9179 149.4051][-0.856200 -0.413647 -0.309545 -0.506253 0.791286 0.342892 0.103103 0.450293 -0.886908] 
fr 12812
ts 33242.991602
6d 1 [12 1.000][-1613.224 -94.143 1558.685 -152.2225 4.5577 146.3792][-0.830087 -0.459051 -0.316588 -0.551944 0.757265 0.349152 0.079462 0.464565 -0.881966] 
fr 12813
ts 33243.008267
6d 1 [12 1.000][-1621.767 -106.691 1556.709 -151.4821 3.5098 143.3334][-0.800619 -0.501259 -0.328251 -0.596038 0.722254 0.350838 0.061220 0.476537 -0.877020] 
fr 12814
ts 33243.024928
6d 1 [12 1.000][-1629.969 -117.211 1552.880 -150.5989 2.3797 140.3631][-0.769438 -0.540061 -0.341026 -0.637370 0.683920 0.354983 0.041522 0.490497 -0.870453] 
fr 12815
ts 33243.041586
6d 1 [12 1.000][-1638.184 -126.518 1547.945 -149.9359 1.5005 137.4673][-0.736639 -0.575398 -0.355360 -0.675779 0.646622 0.353839 0.026186 0.500796 -0.865169] 
fr 12816
ts 33243.058248
6d 1 [12 1.000][-1645.717 -135.005 1542.322 -149.3436 0.3252 134.5725][-0.701800 -0.610773 -0.366652 -0.712352 0.605788 0.354368 0.005675 0.509881 -0.860226] 
fr 12817
ts 33243.074897
6d 1 [12 1.000][-1652.861 -141.459 1536.096 -149.2726 -0.7018 131.9004][-0.667787 -0.643992 -0.373276 -0.744251 0.569420 0.349071 -0.012248 0.510916 -0.859543] 
fr 12818
ts 33243.091559
6d 1 [12 1.000][-1659.401 -146.598 1529.893 -149.5889 -1.9329 129.2966][-0.632974 -0.678218 -0.373316 -0.773438 0.532984 0.343105 -0.033728 0.505913 -0.861925] 
fr 12819
ts 33243.108203
6d 1 [12 1.000][-1665.981 -149.447 1523.634 -150.3510 -2.8454 126.8903][-0.599545 -0.709813 -0.369745 -0.798800 0.502051 0.331457 -0.049641 0.494075 -0.868001] 
fr 12820
ts 33243.124863
6d 1 [12 1.000][-1672.802 -150.360 1517.602 -151.6628 -3.3140 124.6084][-0.567015 -0.740011 -0.361771 -0.821676 0.477322 0.311468 -0.057809 0.473865 -0.878698] 
fr 12821
ts 33243.141553
6d 1 [12 1.000][-1680.233 -149.781 1511.985 -153.3682 -3.4207 122.5461][-0.537020 -0.767914 -0.349167 -0.841457 0.458356 0.286113 -0.059668 0.447457 -0.892313] 
fr 12822
ts 33243.158214
6d 1 [12 1.000][-1688.391 -147.528 1505.643 -155.2816 -3.0290 120.7213][-0.510149 -0.792183 -0.334954 -0.858461 0.445059 0.254885 -0.052842 0.417574 -0.907105] 
fr 12823
ts 33243.174896
6d 1 [12 1.000][-1696.472 -144.063 1498.128 -156.9734 -2.5995 119.2593][-0.488260 -0.811576 -0.320852 -0.871519 0.434343 0.227600 -0.045355 0.390756 -0.919376] 
fr 12824
ts 33243.191557
6d 1 [12 1.000][-1703.755 -140.258 1489.461 -158.4500 -2.3929 117.9389][-0.468120 -0.828878 -0.306307 -0.882678 0.422229 0.206404 -0.041752 0.366992 -0.929287] 
fr 12825
ts 33243.208232
6d 1 [12 1.000][-1710.290 -135.949 1479.728 -159.6806 -2.1571 116.7880][-0.450370 -0.843021 -0.294079 -0.892048 0.410976 0.188012 -0.037639 0.347007 -0.937107] 
fr 12826
ts 33243.224893
6d 1 [12 1.000][-1716.253 -130.888 1469.741 -160.9392 -2.0635 115.8245][-0.435333 -0.855903 -0.279133 -0.899549 0.401147 0.172893 -0.036007 0.326360 -0.944560] 
fr 12827
ts 33243.241558
6d 1 [12 1.000][-1721.875 -125.413 1459.130 -162.0097 -1.8227 115.1163][-0.424242 -0.865350 -0.266812 -0.904990 0.394810 0.158487 -0.031807 0.308699 -0.950628] 
fr 12828
ts 33243.258223
6d 1 [12 1.000][-1726.906 -119.166 1447.972 -162.8920 -1.7697 114.7200][-0.417985 -0.871968 -0.254873 -0.907929 0.391428 0.149830 -0.030883 0.294034 -0.955296] 
fr 12829
ts 33243.274880
6d 1 [12 1.000][-1731.602 -112.676 1436.634 -163.7571 -1.7127 114.7381][-0.418284 -0.875476 -0.242033 -0.907824 0.394175 0.143113 -0.029888 0.279585 -0.959656] 
fr 12830
ts 33243.291545
6d 1 [12 1.000][-1735.642 -105.830 1424.474 -164.4084 -1.8236 114.8840][-0.420569 -0.877379 -0.230928 -0.906702 0.397540 0.140903 -0.031822 0.268643 -0.962714] 
fr 12831
ts 33243.308199
6d 1 [12 1.000][-1739.442 -98.542 1412.049 -165.0608 -2.0151 115.0789][-0.423603 -0.878954 -0.219091 -0.905165 0.401329 0.140041 -0.035162 0.257635 -0.965602] 
fr 12832
ts 33243.324860
6d 1 [12 1.000][-1743.170 -90.565 1399.219 -165.7537 -2.1405 115.2764][-0.426687 -0.880375 -0.207072 -0.903628 0.405542 0.137813 -0.037351 0.245919 -0.968570] 
fr 12833
ts 33243.341506
6d 1 [12 1.000][-1747.442 -81.849 1385.860 -166.4652 -2.2153 115.6637][-0.432764 -0.880237 -0.194673 -0.900678 0.412906 0.135233 -0.038655 0.233862 -0.971501] 
fr 12834
ts 33243.358169
6d 1 [12 1.000][-1752.243 -73.015 1371.733 -167.1137 -2.2339 116.0906][-0.439458 -0.879304 -0.183581 -0.897417 0.420909 0.132206 -0.038979 0.222847 -0.974074] 
fr 12835
ts 33243.374861
6d 1 [12 1.000][-1757.421 -63.847 1356.931 -167.8658 -2.1954 116.5715][-0.446986 -0.877997 -0.171247 -0.893720 0.430118 0.127523 -0.038308 0.210048 -0.976940] 
fr 12836
ts 33243.391523
6d 1 [12 1.000][-1763.166 -54.640 1341.341 -168.6661 -1.9692 117.1019][-0.455305 -0.875914 -0.159598 -0.889672 0.440678 0.119525 -0.034362 0.196410 -0.979920] 
fr 12837
ts 33243.408208
6d 1 [12 1.000][-1769.518 -44.974 1324.980 -169.5671 -1.5211 117.7327][-0.465184 -0.872731 -0.148135 -0.884816 0.453400 0.107374 -0.026544 0.181021 -0.983121] 
fr 12838
ts 33243.424870
6d 1 [12 1.000][-1775.969 -35.463 1308.082 -170.5687 -1.2301 118.1787][-0.472115 -0.871225 -0.134444 -0.881276 0.462740 0.096048 -0.021467 0.163828 -0.986255] 
fr 12839
ts 33243.441547
6d 1 [12 1.000][-1782.667 -25.756 1290.506 -171.7249 -0.8965 118.4582][-0.476459 -0.871085 -0.119157 -0.879058 0.469576 0.082196 -0.015647 0.143909 -0.989467] 
fr 12840
ts 33243.458209
6d 1 [12 1.000][-1789.390 -16.381 1272.974 -173.1402 -0.5270 118.4734][-0.476731 -0.873269 -0.100640 -0.879001 0.472373 0.064970 -0.009197 0.119436 -0.992799] 
fr 12841
ts 33243.474881
6d 1 [12 1.000][-1796.071 -6.772 1255.299 -174.8252 -0.2499 118.2683][-0.473597 -0.877336 -0.077380 -0.880731 0.471324 0.046542 -0.004362 0.090193 -0.995915] 
fr 12842
ts 33243.491540
6d 1 [12 1.000][-1801.900 1.714 1237.467 -176.3524 -0.4375 117.7632][-0.465804 -0.883314 -0.052746 -0.884855 0.464445 0.036378 -0.007635 0.063617 -0.997945] 
fr 12843
ts 33243.508206
6d 1 [12 1.000][-1807.849 9.630 1218.715 -177.9331 -0.5722 117.1819][-0.456794 -0.889147 -0.027524 -0.889517 0.456199 0.025353 -0.009986 0.036064 -0.999300] 
fr 12844
ts 33243.524869
6d 1 [12 1.000][-1813.547 16.202 1199.058 -179.2841 -0.9774 116.4261][-0.444978 -0.895534 -0.003598 -0.895379 0.444817 0.020835 -0.017058 0.012493 -0.999776] 
fr 12845
ts 33243.541525
6d 1 [12 1.000][-1819.115 21.893 1178.961 179.2925 -1.3078 115.4456][-0.429541 -0.902804 0.020956 -0.902759 0.429875 0.015302 -0.022823 -0.012345 -0.999663] 
fr 12846
ts 33243.558187
6d 1 [12 1.000][-1824.805 26.735 1158.434 177.8890 -1.6076 114.2674][-0.410834 -0.910594 0.045104 -0.911278 0.411659 0.010419 -0.028055 -0.036821 -0.998928] 
fr 12847
ts 33243.574838
6d 1 [12 1.000][-1830.673 30.698 1137.581 176.4803 -1.9107 112.9279][-0.389356 -0.918461 0.069505 -0.920484 0.390723 0.006734 -0.033342 -0.061357 -0.997559] 
fr 12848
ts 33243.591500
6d 1 [12 1.000][-1837.022 33.795 1116.149 175.1266 -2.0327 111.4645][-0.365694 -0.926177 0.091994 -0.930059 0.367406 0.001803 -0.035470 -0.084901 -0.995758] 
fr 12849
ts 33243.608142
6d 1 [12 1.000][-1844.104 35.757 1094.159 173.9740 -1.9774 110.0386][-0.342449 -0.933030 0.110383 -0.938903 0.344162 -0.003735 -0.034505 -0.104918 -0.993882] 
fr 12850
ts 33243.624805
6d 1 [12 1.000][-1852.062 36.390 1072.171 172.9263 -1.5692 108.6122][-0.319042 -0.939410 0.125380 -0.947345 0.319929 -0.013549 -0.027384 -0.123101 -0.992016] 
fr 12851
ts 33243.641493
6d 1 [12 1.000][-1861.036 36.658 1050.311 171.8874 -0.8587 107.2165][-0.295950 -0.945008 0.139188 -0.955086 0.295042 -0.027597 -0.014987 -0.141104 -0.989881] 
fr 12852
ts 33243.658154
6d 1 [12 1.000][-1870.444 35.917 1028.931 170.8691 0.2268 105.7602][-0.271610 -0.950382 0.151664 -0.962399 0.267566 -0.046863 0.003958 -0.158690 -0.987321] 
fr 12853
ts 33243.674837
6d 1 [12 1.000][-1879.717 34.344 1007.801 170.0862 1.3731 104.3884][-0.248422 -0.955195 0.160901 -0.968356 0.240786 -0.065647 0.023963 -0.172118 -0.984785] 
fr 12854
ts 33243.691498
6d 1 [12 1.000][-1888.887 31.579 987.408 169.4744 2.3148 103.2751][-0.229439 -0.958596 0.168675 -0.972485 0.218582 -0.080596 0.040390 -0.182526 -0.982371] 
fr 12855
ts 33243.708173
6d 1 [12 1.000][-1897.474 27.788 967.747 169.1750 3.2435 102.2530][-0.211890 -0.962086 0.171738 -0.975654 0.198069 -0.094166 0.056580 -0.187509 -0.980632] 
fr 12856
ts 33243.724836
6d 1 [12 1.000][-1905.265 23.647 948.918 169.0098 3.8763 101.2689][-0.194967 -0.965253 0.173998 -0.978477 0.179190 -0.102337 0.067602 -0.190205 -0.979414] 
fr 12857
ts 33243.741499
6d 1 [12 1.000][-1912.706 19.066 931.049 168.9911 4.4970 100.4188][-0.180286 -0.968121 0.173895 -0.980484 0.162789 -0.110228 0.078406 -0.190374 -0.978576] 
fr 12858
ts 33243.758164
