fr 89575
ts 34522.194781
6d 1 [12 1.000][-1904.540 -76.627 715.535 -172.7448 1.0731 104.7317][-0.254249 -0.958782 -0.126862 -0.966958 0.254545 0.014146 0.018729 0.126267 -0.991819] 
fr 89576
ts 34522.211442
6d 1 [12 1.000][-1904.540 -76.627 715.535 -172.7448 1.0731 104.7317][-0.254249 -0.958782 -0.126862 -0.966958 0.254545 0.014146 0.018729 0.126267 -0.991819] 
fr 89577
ts 34522.228102
6d 1 [12 1.000][-1904.540 -76.627 715.535 -172.7448 1.0731 104.7317][-0.254249 -0.958782 -0.126862 -0.966958 0.254545 0.014146 0.018729 0.126267 -0.991819] 
fr 89578
ts 34522.244764
6d 1 [12 1.000][-1904.540 -76.627 715.535 -172.7448 1.0731 104.7317][-0.254249 -0.958782 -0.126862 -0.966958 0.254545 0.014146 0.018729 0.126267 -0.991819] 
fr 89579
ts 34522.261413
6d 1 [12 1.000][-1904.540 -76.627 715.535 -172.7448 1.0731 104.7317][-0.254249 -0.958782 -0.126862 -0.966958 0.254545 0.014146 0.018729 0.126267 -0.991819] 
fr 89580
ts 34522.278078
6d 1 [12 1.000][-1904.540 -76.627 715.535 -172.7448 1.0731 104.7317][-0.254249 -0.958782 -0.126862 -0.966958 0.254545 0.014146 0.018729 0.126267 -0.991819] 
fr 89581
ts 34522.294726
6d 1 [12 1.000][-1904.540 -76.627 715.535 -172.7448 1.0731 104.7317][-0.254249 -0.958782 -0.126862 -0.966958 0.254545 0.014146 0.018729 0.126267 -0.991819] 
fr 89582
ts 34522.311388
6d 1 [12 1.000][-1904.540 -76.627 715.535 -172.7448 1.0731 104.7317][-0.254249 -0.958782 -0.126862 -0.966958 0.254545 0.014146 0.018729 0.126267 -0.991819] 
fr 89583
ts 34522.328078
6d 1 [12 1.000][-1904.540 -76.627 715.535 -172.7448 1.0731 104.7317][-0.254249 -0.958782 -0.126862 -0.966958 0.254545 0.014146 0.018729 0.126267 -0.991819] 
fr 89584
ts 34522.344741
6d 1 [12 1.000][-1904.540 -76.627 715.535 -172.7448 1.0731 104.7317][-0.254249 -0.958782 -0.126862 -0.966958 0.254545 0.014146 0.018729 0.126267 -0.991819] 
fr 89585
ts 34522.361426
6d 1 [12 1.000][-1904.540 -76.627 715.535 -172.7448 1.0731 104.7317][-0.254249 -0.958782 -0.126862 -0.966958 0.254545 0.014146 0.018729 0.126267 -0.991819] 
fr 89586
ts 34522.378087
6d 1 [12 1.000][-1904.540 -76.627 715.535 -172.7448 1.0731 104.7317][-0.254249 -0.958782 -0.126862 -0.966958 0.254545 0.014146 0.018729 0.126267 -0.991819] 
fr 89587
ts 34522.394765
6d 1 [12 1.000][-1904.540 -76.627 715.535 -172.7448 1.0731 104.7317][-0.254249 -0.958782 -0.126862 -0.966958 0.254545 0.014146 0.018729 0.126267 -0.991819] 
fr 89588
ts 34522.411428
6d 1 [12 1.000][-1904.540 -76.627 715.535 -172.7448 1.0731 104.7317][-0.254249 -0.958782 -0.126862 -0.966958 0.254545 0.014146 0.018729 0.126267 -0.991819] 
fr 89589
ts 34522.428098
6d 1 [12 1.000][-1904.540 -76.627 715.535 -172.7448 1.0731 104.7317][-0.254249 -0.958782 -0.126862 -0.966958 0.254545 0.014146 0.018729 0.126267 -0.991819] 
fr 89590
ts 34522.444759
6d 1 [12 1.000][-1904.541 -76.643 715.495 -172.7451 1.0736 104.7311][-0.254238 -0.958786 -0.126860 -0.966960 0.254535 0.014136 0.018737 0.126262 -0.991820] 
fr 89591
ts 34522.461423
6d 1 [12 1.000][-1904.539 -76.650 715.548 -172.7520 1.0725 104.7268][-0.254166 -0.958821 -0.126740 -0.966980 0.254463 0.014114 0.018718 0.126142 -0.991836] 
fr 89592
ts 34522.478086
6d 1 [12 1.000][-1904.539 -76.650 715.548 -172.7520 1.0725 104.7268][-0.254166 -0.958821 -0.126740 -0.966980 0.254463 0.014114 0.018718 0.126142 -0.991836] 
fr 89593
ts 34522.494742
6d 1 [12 1.000][-1904.539 -76.650 715.548 -172.7520 1.0725 104.7268][-0.254166 -0.958821 -0.126740 -0.966980 0.254463 0.014114 0.018718 0.126142 -0.991836] 
fr 89594
ts 34522.511404
6d 1 [12 1.000][-1904.539 -76.650 715.548 -172.7520 1.0725 104.7268][-0.254166 -0.958821 -0.126740 -0.966980 0.254463 0.014114 0.018718 0.126142 -0.991836] 
fr 89595
ts 34522.528050
6d 1 [12 1.000][-1904.539 -76.636 715.576 -172.7523 1.0719 104.7266][-0.254163 -0.958822 -0.126732 -0.966981 0.254459 0.014122 0.018708 0.126137 -0.991836] 
fr 89596
ts 34522.544715
6d 1 [12 1.000][-1904.541 -76.630 715.564 -172.7529 1.0663 104.7253][-0.254141 -0.958833 -0.126697 -0.966988 0.254425 0.014211 0.018609 0.126126 -0.991840] 
fr 89597
ts 34522.561359
6d 1 [12 1.000][-1904.541 -76.630 715.564 -172.7529 1.0663 104.7253][-0.254141 -0.958833 -0.126697 -0.966988 0.254425 0.014211 0.018609 0.126126 -0.991840] 
fr 89598
ts 34522.578020
6d 1 [12 1.000][-1904.541 -76.630 715.564 -172.7529 1.0663 104.7253][-0.254141 -0.958833 -0.126697 -0.966988 0.254425 0.014211 0.018609 0.126126 -0.991840] 
fr 89599
ts 34522.594708
6d 1 [12 1.000][-1904.541 -76.630 715.564 -172.7529 1.0663 104.7253][-0.254141 -0.958833 -0.126697 -0.966988 0.254425 0.014211 0.018609 0.126126 -0.991840] 
fr 89600
ts 34522.611371
6d 1 [12 1.000][-1904.541 -76.630 715.564 -172.7529 1.0663 104.7253][-0.254141 -0.958833 -0.126697 -0.966988 0.254425 0.014211 0.018609 0.126126 -0.991840] 
fr 89601
ts 34522.628048
6d 1 [12 1.000][-1904.541 -76.630 715.564 -172.7529 1.0663 104.7253][-0.254141 -0.958833 -0.126697 -0.966988 0.254425 0.014211 0.018609 0.126126 -0.991840] 
fr 89602
ts 34522.644713
6d 1 [12 1.000][-1904.541 -76.630 715.564 -172.7529 1.0663 104.7253][-0.254141 -0.958833 -0.126697 -0.966988 0.254425 0.014211 0.018609 0.126126 -0.991840] 
fr 89603
ts 34522.661384
6d 1 [12 1.000][-1904.541 -76.630 715.564 -172.7529 1.0663 104.7253][-0.254141 -0.958833 -0.126697 -0.966988 0.254425 0.014211 0.018609 0.126126 -0.991840] 
fr 89604
ts 34522.678050
6d 1 [12 1.000][-1904.555 -76.644 715.569 -172.7533 1.0668 104.7264][-0.254159 -0.958828 -0.126694 -0.966983 0.254444 0.014204 0.018618 0.126121 -0.991840] 
fr 89605
ts 34522.694717
6d 1 [12 1.000][-1904.553 -76.626 715.575 -172.7566 1.0698 104.7349][-0.254302 -0.958796 -0.126650 -0.966945 0.254593 0.014158 0.018670 0.126064 -0.991846] 
fr 89606
ts 34522.711378
6d 1 [12 1.000][-1904.553 -76.626 715.575 -172.7566 1.0698 104.7349][-0.254302 -0.958796 -0.126650 -0.966945 0.254593 0.014158 0.018670 0.126064 -0.991846] 
fr 89607
ts 34522.728039
6d 1 [12 1.000][-1904.553 -76.626 715.575 -172.7566 1.0698 104.7349][-0.254302 -0.958796 -0.126650 -0.966945 0.254593 0.014158 0.018670 0.126064 -0.991846] 
fr 89608
ts 34522.744703
6d 1 [12 1.000][-1904.553 -76.626 715.575 -172.7566 1.0698 104.7349][-0.254302 -0.958796 -0.126650 -0.966945 0.254593 0.014158 0.018670 0.126064 -0.991846] 
fr 89609
ts 34522.761354
6d 1 [12 1.000][-1904.553 -76.626 715.575 -172.7566 1.0698 104.7349][-0.254302 -0.958796 -0.126650 -0.966945 0.254593 0.014158 0.018670 0.126064 -0.991846] 
fr 89610
ts 34522.778016
6d 1 [12 1.000][-1904.553 -76.626 715.575 -172.7566 1.0698 104.7349][-0.254302 -0.958796 -0.126650 -0.966945 0.254593 0.014158 0.018670 0.126064 -0.991846] 
fr 89611
ts 34522.794664
6d 1 [12 1.000][-1904.553 -76.626 715.575 -172.7566 1.0698 104.7349][-0.254302 -0.958796 -0.126650 -0.966945 0.254593 0.014158 0.018670 0.126064 -0.991846] 
fr 89612
ts 34522.811324
6d 1 [12 1.000][-1904.553 -76.626 715.575 -172.7566 1.0698 104.7349][-0.254302 -0.958796 -0.126650 -0.966945 0.254593 0.014158 0.018670 0.126064 -0.991846] 
fr 89613
ts 34522.828017
6d 1 [12 1.000][-1904.553 -76.626 715.575 -172.7566 1.0698 104.7349][-0.254302 -0.958796 -0.126650 -0.966945 0.254593 0.014158 0.018670 0.126064 -0.991846] 
fr 89614
ts 34522.844679
6d 1 [12 1.000][-1904.553 -76.626 715.575 -172.7566 1.0698 104.7349][-0.254302 -0.958796 -0.126650 -0.966945 0.254593 0.014158 0.018670 0.126064 -0.991846] 
fr 89615
ts 34522.861364
6d 1 [12 1.000][-1904.553 -76.626 715.575 -172.7566 1.0698 104.7349][-0.254302 -0.958796 -0.126650 -0.966945 0.254593 0.014158 0.018670 0.126064 -0.991846] 
fr 89616
ts 34522.878025
6d 1 [12 1.000][-1904.553 -76.626 715.575 -172.7566 1.0698 104.7349][-0.254302 -0.958796 -0.126650 -0.966945 0.254593 0.014158 0.018670 0.126064 -0.991846] 
fr 89617
ts 34522.894704
6d 1 [12 1.000][-1904.553 -76.626 715.575 -172.7566 1.0698 104.7349][-0.254302 -0.958796 -0.126650 -0.966945 0.254593 0.014158 0.018670 0.126064 -0.991846] 
fr 89618
ts 34522.911365
6d 1 [12 1.000][-1904.553 -76.626 715.575 -172.7566 1.0698 104.7349][-0.254302 -0.958796 -0.126650 -0.966945 0.254593 0.014158 0.018670 0.126064 -0.991846] 
fr 89619
ts 34522.928036
6d 1 [12 1.000][-1904.553 -76.626 715.575 -172.7566 1.0698 104.7349][-0.254302 -0.958796 -0.126650 -0.966945 0.254593 0.014158 0.018670 0.126064 -0.991846] 
fr 89620
ts 34522.944697
6d 1 [12 1.000][-1904.553 -76.626 715.575 -172.7566 1.0698 104.7349][-0.254302 -0.958796 -0.126650 -0.966945 0.254593 0.014158 0.018670 0.126064 -0.991846] 
fr 89621
ts 34522.961358
6d 1 [12 1.000][-1904.553 -76.626 715.575 -172.7566 1.0698 104.7349][-0.254302 -0.958796 -0.126650 -0.966945 0.254593 0.014158 0.018670 0.126064 -0.991846] 
fr 89622
ts 34522.978023
6d 1 [12 1.000][-1904.553 -76.626 715.575 -172.7566 1.0698 104.7349][-0.254302 -0.958796 -0.126650 -0.966945 0.254593 0.014158 0.018670 0.126064 -0.991846] 
fr 89623
ts 34522.994681
6d 1 [12 1.000][-1904.553 -76.626 715.575 -172.7566 1.0698 104.7349][-0.254302 -0.958796 -0.126650 -0.966945 0.254593 0.014158 0.018670 0.126064 -0.991846] 
fr 89624
ts 34523.011342
6d 1 [12 1.000][-1904.553 -76.626 715.575 -172.7566 1.0698 104.7349][-0.254302 -0.958796 -0.126650 -0.966945 0.254593 0.014158 0.018670 0.126064 -0.991846] 
fr 89625
ts 34523.027992
6d 1 [12 1.000][-1904.553 -76.626 715.575 -172.7566 1.0698 104.7349][-0.254302 -0.958796 -0.126650 -0.966945 0.254593 0.014158 0.018670 0.126064 -0.991846] 
fr 89626
ts 34523.044654
6d 1 [12 1.000][-1904.553 -76.626 715.575 -172.7566 1.0698 104.7349][-0.254302 -0.958796 -0.126650 -0.966945 0.254593 0.014158 0.018670 0.126064 -0.991846] 
fr 89627
ts 34523.061298
6d 1 [12 1.000][-1904.553 -76.626 715.575 -172.7566 1.0698 104.7349][-0.254302 -0.958796 -0.126650 -0.966945 0.254593 0.014158 0.018670 0.126064 -0.991846] 
fr 89628
ts 34523.077959
6d 1 [12 1.000][-1904.553 -76.626 715.575 -172.7566 1.0698 104.7349][-0.254302 -0.958796 -0.126650 -0.966945 0.254593 0.014158 0.018670 0.126064 -0.991846] 
fr 89629
ts 34523.094649
6d 1 [12 1.000][-1904.553 -76.626 715.575 -172.7566 1.0698 104.7349][-0.254302 -0.958796 -0.126650 -0.966945 0.254593 0.014158 0.018670 0.126064 -0.991846] 
fr 89630
ts 34523.111310
6d 1 [12 1.000][-1904.553 -76.626 715.575 -172.7566 1.0698 104.7349][-0.254302 -0.958796 -0.126650 -0.966945 0.254593 0.014158 0.018670 0.126064 -0.991846] 
fr 89631
ts 34523.127991
6d 1 [12 1.000][-1904.553 -76.626 715.575 -172.7566 1.0698 104.7349][-0.254302 -0.958796 -0.126650 -0.966945 0.254593 0.014158 0.018670 0.126064 -0.991846] 
fr 89632
ts 34523.144653
6d 1 [12 1.000][-1904.553 -76.626 715.575 -172.7566 1.0698 104.7349][-0.254302 -0.958796 -0.126650 -0.966945 0.254593 0.014158 0.018670 0.126064 -0.991846] 
fr 89633
ts 34523.161328
6d 1 [12 1.000][-1904.553 -76.626 715.575 -172.7566 1.0698 104.7349][-0.254302 -0.958796 -0.126650 -0.966945 0.254593 0.014158 0.018670 0.126064 -0.991846] 
fr 89634
ts 34523.177990
6d 1 [12 1.000][-1904.553 -76.626 715.575 -172.7566 1.0698 104.7349][-0.254302 -0.958796 -0.126650 -0.966945 0.254593 0.014158 0.018670 0.126064 -0.991846] 
fr 89635
ts 34523.194653
6d 1 [12 1.000][-1904.553 -76.626 715.575 -172.7566 1.0698 104.7349][-0.254302 -0.958796 -0.126650 -0.966945 0.254593 0.014158 0.018670 0.126064 -0.991846] 
fr 89636
ts 34523.211319
6d 1 [12 1.000][-1904.553 -76.626 715.575 -172.7566 1.0698 104.7349][-0.254302 -0.958796 -0.126650 -0.966945 0.254593 0.014158 0.018670 0.126064 -0.991846] 
fr 89637
ts 34523.227980
6d 1 [12 1.000][-1904.553 -76.626 715.575 -172.7566 1.0698 104.7349][-0.254302 -0.958796 -0.126650 -0.966945 0.254593 0.014158 0.018670 0.126064 -0.991846] 
fr 89638
ts 34523.244643
6d 1 [12 1.000][-1904.553 -76.626 715.575 -172.7566 1.0698 104.7349][-0.254302 -0.958796 -0.126650 -0.966945 0.254593 0.014158 0.018670 0.126064 -0.991846] 
fr 89639
ts 34523.261295
6d 1 [12 1.000][-1904.553 -76.626 715.575 -172.7566 1.0698 104.7349][-0.254302 -0.958796 -0.126650 -0.966945 0.254593 0.014158 0.018670 0.126064 -0.991846] 
fr 89640
ts 34523.277958
6d 1 [12 1.000][-1904.553 -76.626 715.575 -172.7566 1.0698 104.7349][-0.254302 -0.958796 -0.126650 -0.966945 0.254593 0.014158 0.018670 0.126064 -0.991846] 
fr 89641
ts 34523.294603
6d 1 [12 1.000][-1904.544 -76.653 715.601 -172.7564 1.0700 104.7348][-0.254301 -0.958796 -0.126654 -0.966945 0.254593 0.014154 0.018675 0.126067 -0.991846] 
fr 89642
ts 34523.311266
6d 1 [12 1.000][-1904.540 -76.636 715.609 -172.7562 1.0694 104.7343][-0.254292 -0.958798 -0.126655 -0.966947 0.254582 0.014163 0.018664 0.126071 -0.991846] 
fr 89643
ts 34523.327958
6d 1 [12 1.000][-1904.544 -76.639 715.602 -172.7558 1.0680 104.7345][-0.254296 -0.958797 -0.126654 -0.966947 0.254583 0.014189 0.018640 0.126076 -0.991845] 
fr 89644
ts 34523.344619
6d 1 [12 1.000][-1904.547 -76.631 715.578 -172.7543 1.0693 104.7341][-0.254290 -0.958795 -0.126685 -0.966948 0.254580 0.014174 0.018662 0.126102 -0.991842] 
fr 89645
ts 34523.361305
6d 1 [12 1.000][-1904.547 -76.631 715.578 -172.7543 1.0693 104.7341][-0.254290 -0.958795 -0.126685 -0.966948 0.254580 0.014174 0.018662 0.126102 -0.991842] 
fr 89646
ts 34523.377966
6d 1 [12 1.000][-1904.547 -76.631 715.578 -172.7543 1.0693 104.7341][-0.254290 -0.958795 -0.126685 -0.966948 0.254580 0.014174 0.018662 0.126102 -0.991842] 
fr 89647
ts 34523.394646
6d 1 [12 1.000][-1904.551 -76.629 715.519 -172.7544 1.0707 104.7341][-0.254290 -0.958794 -0.126690 -0.966948 0.254583 0.014149 0.018687 0.126101 -0.991841] 
fr 89648
ts 34523.411306
6d 1 [12 1.000][-1904.549 -76.636 715.533 -172.7541 1.0722 104.7339][-0.254286 -0.958794 -0.126702 -0.966948 0.254582 0.014126 0.018713 0.126106 -0.991840] 
fr 89649
ts 34523.427977
6d 1 [12 1.000][-1904.550 -76.639 715.551 -172.7546 1.0814 104.7336][-0.254280 -0.958791 -0.126734 -0.966946 0.254596 0.013969 0.018873 0.126097 -0.991838] 
fr 89650
ts 34523.444639
6d 1 [12 1.000][-1904.550 -76.639 715.551 -172.7546 1.0814 104.7336][-0.254280 -0.958791 -0.126734 -0.966946 0.254596 0.013969 0.018873 0.126097 -0.991838] 
fr 89651
ts 34523.461303
6d 1 [12 1.000][-1904.550 -76.639 715.551 -172.7546 1.0814 104.7336][-0.254280 -0.958791 -0.126734 -0.966946 0.254596 0.013969 0.018873 0.126097 -0.991838] 
fr 89652
ts 34523.477966
6d 1 [12 1.000][-1904.550 -76.639 715.551 -172.7546 1.0814 104.7336][-0.254280 -0.958791 -0.126734 -0.966946 0.254596 0.013969 0.018873 0.126097 -0.991838] 
fr 89653
ts 34523.494622
6d 1 [12 1.000][-1904.550 -76.639 715.551 -172.7546 1.0814 104.7336][-0.254280 -0.958791 -0.126734 -0.966946 0.254596 0.013969 0.018873 0.126097 -0.991838] 
fr 89654
ts 34523.511285
6d 1 [12 1.000][-1904.550 -76.639 715.551 -172.7546 1.0814 104.7336][-0.254280 -0.958791 -0.126734 -0.966946 0.254596 0.013969 0.018873 0.126097 -0.991838] 
fr 89655
ts 34523.527934
6d 1 [12 1.000][-1904.550 -76.639 715.551 -172.7546 1.0814 104.7336][-0.254280 -0.958791 -0.126734 -0.966946 0.254596 0.013969 0.018873 0.126097 -0.991838] 
fr 89656
ts 34523.544597
6d 1 [12 1.000][-1904.550 -76.639 715.551 -172.7546 1.0814 104.7336][-0.254280 -0.958791 -0.126734 -0.966946 0.254596 0.013969 0.018873 0.126097 -0.991838] 
fr 89657
ts 34523.561239
6d 1 [12 1.000][-1904.550 -76.639 715.551 -172.7546 1.0814 104.7336][-0.254280 -0.958791 -0.126734 -0.966946 0.254596 0.013969 0.018873 0.126097 -0.991838] 
fr 89658
ts 34523.577902
6d 1 [12 1.000][-1904.550 -76.639 715.551 -172.7546 1.0814 104.7336][-0.254280 -0.958791 -0.126734 -0.966946 0.254596 0.013969 0.018873 0.126097 -0.991838] 
fr 89659
ts 34523.594590
6d 1 [12 1.000][-1904.550 -76.639 715.551 -172.7546 1.0814 104.7336][-0.254280 -0.958791 -0.126734 -0.966946 0.254596 0.013969 0.018873 0.126097 -0.991838] 
fr 89660
ts 34523.611252
6d 1 [12 1.000][-1904.550 -76.639 715.551 -172.7546 1.0814 104.7336][-0.254280 -0.958791 -0.126734 -0.966946 0.254596 0.013969 0.018873 0.126097 -0.991838] 
fr 89661
ts 34523.627930
6d 1 [12 1.000][-1904.550 -76.639 715.551 -172.7546 1.0814 104.7336][-0.254280 -0.958791 -0.126734 -0.966946 0.254596 0.013969 0.018873 0.126097 -0.991838] 
fr 89662
ts 34523.644596
6d 1 [12 1.000][-1904.550 -76.639 715.551 -172.7546 1.0814 104.7336][-0.254280 -0.958791 -0.126734 -0.966946 0.254596 0.013969 0.018873 0.126097 -0.991838] 
fr 89663
ts 34523.661269
6d 1 [12 1.000][-1904.550 -76.639 715.551 -172.7546 1.0814 104.7336][-0.254280 -0.958791 -0.126734 -0.966946 0.254596 0.013969 0.018873 0.126097 -0.991838] 
fr 89664
ts 34523.677932
6d 1 [12 1.000][-1904.550 -76.639 715.551 -172.7546 1.0814 104.7336][-0.254280 -0.958791 -0.126734 -0.966946 0.254596 0.013969 0.018873 0.126097 -0.991838] 
fr 89665
ts 34523.694596
6d 1 [12 1.000][-1904.550 -76.639 715.551 -172.7546 1.0814 104.7336][-0.254280 -0.958791 -0.126734 -0.966946 0.254596 0.013969 0.018873 0.126097 -0.991838] 
fr 89666
ts 34523.711262
6d 1 [12 1.000][-1904.550 -76.639 715.551 -172.7546 1.0814 104.7336][-0.254280 -0.958791 -0.126734 -0.966946 0.254596 0.013969 0.018873 0.126097 -0.991838] 
fr 89667
ts 34523.727922
6d 1 [12 1.000][-1904.550 -76.639 715.551 -172.7546 1.0814 104.7336][-0.254280 -0.958791 -0.126734 -0.966946 0.254596 0.013969 0.018873 0.126097 -0.991838] 
fr 89668
ts 34523.744586
6d 1 [12 1.000][-1904.550 -76.639 715.551 -172.7546 1.0814 104.7336][-0.254280 -0.958791 -0.126734 -0.966946 0.254596 0.013969 0.018873 0.126097 -0.991838] 
fr 89669
ts 34523.761239
6d 1 [12 1.000][-1904.550 -76.639 715.551 -172.7546 1.0814 104.7336][-0.254280 -0.958791 -0.126734 -0.966946 0.254596 0.013969 0.018873 0.126097 -0.991838] 
fr 89670
ts 34523.777900
6d 1 [12 1.000][-1904.536 -76.679 715.585 -172.7543 1.0777 104.7335][-0.254278 -0.958793 -0.126723 -0.966948 0.254586 0.014031 0.018809 0.126102 -0.991839] 
fr 89671
ts 34523.794542
6d 1 [12 1.000][-1904.541 -76.676 715.579 -172.7543 1.0526 104.7312][-0.254241 -0.958817 -0.126613 -0.966966 0.254495 0.014446 0.018371 0.126103 -0.991847] 
fr 89672
ts 34523.811208
6d 1 [12 1.000][-1904.541 -76.676 715.579 -172.7543 1.0526 104.7312][-0.254241 -0.958817 -0.126613 -0.966966 0.254495 0.014446 0.018371 0.126103 -0.991847] 
fr 89673
ts 34523.827901
6d 1 [12 1.000][-1904.541 -76.676 715.579 -172.7543 1.0526 104.7312][-0.254241 -0.958817 -0.126613 -0.966966 0.254495 0.014446 0.018371 0.126103 -0.991847] 
fr 89674
ts 34523.844563
6d 1 [12 1.000][-1904.541 -76.676 715.579 -172.7543 1.0526 104.7312][-0.254241 -0.958817 -0.126613 -0.966966 0.254495 0.014446 0.018371 0.126103 -0.991847] 
fr 89675
ts 34523.861249
6d 1 [12 1.000][-1904.541 -76.676 715.579 -172.7543 1.0526 104.7312][-0.254241 -0.958817 -0.126613 -0.966966 0.254495 0.014446 0.018371 0.126103 -0.991847] 
fr 89676
ts 34523.877910
6d 1 [12 1.000][-1904.541 -76.676 715.579 -172.7543 1.0526 104.7312][-0.254241 -0.958817 -0.126613 -0.966966 0.254495 0.014446 0.018371 0.126103 -0.991847] 
fr 89677
ts 34523.894584
6d 1 [12 1.000][-1904.541 -76.676 715.579 -172.7543 1.0526 104.7312][-0.254241 -0.958817 -0.126613 -0.966966 0.254495 0.014446 0.018371 0.126103 -0.991847] 
fr 89678
ts 34523.911250
6d 1 [12 1.000][-1904.541 -76.676 715.579 -172.7543 1.0526 104.7312][-0.254241 -0.958817 -0.126613 -0.966966 0.254495 0.014446 0.018371 0.126103 -0.991847] 
fr 89679
ts 34523.927921
6d 1 [12 1.000][-1904.541 -76.676 715.579 -172.7543 1.0526 104.7312][-0.254241 -0.958817 -0.126613 -0.966966 0.254495 0.014446 0.018371 0.126103 -0.991847] 
fr 89680
ts 34523.944583
6d 1 [12 1.000][-1904.541 -76.676 715.579 -172.7543 1.0526 104.7312][-0.254241 -0.958817 -0.126613 -0.966966 0.254495 0.014446 0.018371 0.126103 -0.991847] 
fr 89681
ts 34523.961248
6d 1 [12 1.000][-1904.541 -76.676 715.579 -172.7543 1.0526 104.7312][-0.254241 -0.958817 -0.126613 -0.966966 0.254495 0.014446 0.018371 0.126103 -0.991847] 
fr 89682
ts 34523.977909
6d 1 [12 1.000][-1904.541 -76.676 715.579 -172.7543 1.0526 104.7312][-0.254241 -0.958817 -0.126613 -0.966966 0.254495 0.014446 0.018371 0.126103 -0.991847] 
fr 89683
ts 34523.994567
6d 1 [12 1.000][-1904.541 -76.676 715.579 -172.7543 1.0526 104.7312][-0.254241 -0.958817 -0.126613 -0.966966 0.254495 0.014446 0.018371 0.126103 -0.991847] 
fr 89684
ts 34524.011228
6d 1 [12 1.000][-1904.541 -76.676 715.579 -172.7543 1.0526 104.7312][-0.254241 -0.958817 -0.126613 -0.966966 0.254495 0.014446 0.018371 0.126103 -0.991847] 
fr 89685
ts 34524.027880
6d 1 [12 1.000][-1904.541 -76.676 715.579 -172.7543 1.0526 104.7312][-0.254241 -0.958817 -0.126613 -0.966966 0.254495 0.014446 0.018371 0.126103 -0.991847] 
fr 89686
ts 34524.044541
6d 1 [12 1.000][-1904.547 -76.656 715.535 -172.7537 1.0554 104.7312][-0.254242 -0.958814 -0.126635 -0.966965 0.254501 0.014403 0.018419 0.126114 -0.991845] 
fr 89687
ts 34524.061182
6d 1 [12 1.000][-1904.547 -76.662 715.536 -172.7495 1.0781 104.7313][-0.254242 -0.958792 -0.126804 -0.966958 0.254550 0.014042 0.018815 0.126185 -0.991828] 
fr 89688
ts 34524.077846
6d 1 [12 1.000][-1904.547 -76.662 715.536 -172.7495 1.0781 104.7313][-0.254242 -0.958792 -0.126804 -0.966958 0.254550 0.014042 0.018815 0.126185 -0.991828] 
fr 89689
ts 34524.094535
6d 1 [12 1.000][-1904.547 -76.662 715.536 -172.7495 1.0781 104.7313][-0.254242 -0.958792 -0.126804 -0.966958 0.254550 0.014042 0.018815 0.126185 -0.991828] 
fr 89690
ts 34524.111197
6d 1 [12 1.000][-1904.547 -76.662 715.536 -172.7495 1.0781 104.7313][-0.254242 -0.958792 -0.126804 -0.966958 0.254550 0.014042 0.018815 0.126185 -0.991828] 
fr 89691
ts 34524.127880
6d 1 [12 1.000][-1904.547 -76.662 715.536 -172.7495 1.0781 104.7313][-0.254242 -0.958792 -0.126804 -0.966958 0.254550 0.014042 0.018815 0.126185 -0.991828] 
fr 89692
ts 34524.144540
6d 1 [12 1.000][-1904.547 -76.662 715.536 -172.7495 1.0781 104.7313][-0.254242 -0.958792 -0.126804 -0.966958 0.254550 0.014042 0.018815 0.126185 -0.991828] 
fr 89693
ts 34524.161216
6d 1 [12 1.000][-1904.547 -76.662 715.536 -172.7495 1.0781 104.7313][-0.254242 -0.958792 -0.126804 -0.966958 0.254550 0.014042 0.018815 0.126185 -0.991828] 
fr 89694
ts 34524.177878
6d 1 [12 1.000][-1904.547 -76.662 715.536 -172.7495 1.0781 104.7313][-0.254242 -0.958792 -0.126804 -0.966958 0.254550 0.014042 0.018815 0.126185 -0.991828] 
fr 89695
ts 34524.194546
6d 1 [12 1.000][-1904.547 -76.662 715.536 -172.7495 1.0781 104.7313][-0.254242 -0.958792 -0.126804 -0.966958 0.254550 0.014042 0.018815 0.126185 -0.991828] 
fr 89696
ts 34524.211207
6d 1 [12 1.000][-1904.547 -76.662 715.536 -172.7495 1.0781 104.7313][-0.254242 -0.958792 -0.126804 -0.966958 0.254550 0.014042 0.018815 0.126185 -0.991828] 
fr 89697
ts 34524.227864
6d 1 [12 1.000][-1904.547 -76.662 715.536 -172.7495 1.0781 104.7313][-0.254242 -0.958792 -0.126804 -0.966958 0.254550 0.014042 0.018815 0.126185 -0.991828] 
fr 89698
ts 34524.244532
6d 1 [12 1.000][-1904.547 -76.662 715.536 -172.7495 1.0781 104.7313][-0.254242 -0.958792 -0.126804 -0.966958 0.254550 0.014042 0.018815 0.126185 -0.991828] 
fr 89699
ts 34524.261185
6d 1 [12 1.000][-1904.547 -76.662 715.536 -172.7495 1.0781 104.7313][-0.254242 -0.958792 -0.126804 -0.966958 0.254550 0.014042 0.018815 0.126185 -0.991828] 
fr 89700
ts 34524.277847
6d 1 [12 1.000][-1904.547 -76.662 715.536 -172.7495 1.0781 104.7313][-0.254242 -0.958792 -0.126804 -0.966958 0.254550 0.014042 0.018815 0.126185 -0.991828] 
fr 89701
ts 34524.294490
6d 1 [12 1.000][-1904.547 -76.662 715.536 -172.7495 1.0781 104.7313][-0.254242 -0.958792 -0.126804 -0.966958 0.254550 0.014042 0.018815 0.126185 -0.991828] 
fr 89702
ts 34524.311155
6d 1 [12 1.000][-1904.547 -76.662 715.536 -172.7495 1.0781 104.7313][-0.254242 -0.958792 -0.126804 -0.966958 0.254550 0.014042 0.018815 0.126185 -0.991828] 
fr 89703
ts 34524.327848
6d 1 [12 1.000][-1904.547 -76.662 715.536 -172.7495 1.0781 104.7313][-0.254242 -0.958792 -0.126804 -0.966958 0.254550 0.014042 0.018815 0.126185 -0.991828] 
fr 89704
ts 34524.344509
6d 1 [12 1.000][-1904.547 -76.662 715.536 -172.7495 1.0781 104.7313][-0.254242 -0.958792 -0.126804 -0.966958 0.254550 0.014042 0.018815 0.126185 -0.991828] 
fr 89705
ts 34524.361194
6d 1 [12 1.000][-1904.547 -76.662 715.536 -172.7495 1.0781 104.7313][-0.254242 -0.958792 -0.126804 -0.966958 0.254550 0.014042 0.018815 0.126185 -0.991828] 
fr 89706
ts 34524.377857
6d 1 [12 1.000][-1904.547 -76.662 715.536 -172.7495 1.0781 104.7313][-0.254242 -0.958792 -0.126804 -0.966958 0.254550 0.014042 0.018815 0.126185 -0.991828] 
fr 89707
ts 34524.394535
6d 1 [12 1.000][-1904.547 -76.662 715.536 -172.7495 1.0781 104.7313][-0.254242 -0.958792 -0.126804 -0.966958 0.254550 0.014042 0.018815 0.126185 -0.991828] 
fr 89708
ts 34524.411196
6d 1 [12 1.000][-1904.547 -76.662 715.536 -172.7495 1.0781 104.7313][-0.254242 -0.958792 -0.126804 -0.966958 0.254550 0.014042 0.018815 0.126185 -0.991828] 
fr 89709
ts 34524.427868
6d 1 [12 1.000][-1904.547 -76.662 715.536 -172.7495 1.0781 104.7313][-0.254242 -0.958792 -0.126804 -0.966958 0.254550 0.014042 0.018815 0.126185 -0.991828] 
fr 89710
ts 34524.444530
6d 1 [12 1.000][-1904.547 -76.662 715.536 -172.7495 1.0781 104.7313][-0.254242 -0.958792 -0.126804 -0.966958 0.254550 0.014042 0.018815 0.126185 -0.991828] 
fr 89711
ts 34524.461195
6d 1 [12 1.000][-1904.547 -76.662 715.536 -172.7495 1.0781 104.7313][-0.254242 -0.958792 -0.126804 -0.966958 0.254550 0.014042 0.018815 0.126185 -0.991828] 
fr 89712
ts 34524.477856
6d 1 [12 1.000][-1904.547 -76.662 715.536 -172.7495 1.0781 104.7313][-0.254242 -0.958792 -0.126804 -0.966958 0.254550 0.014042 0.018815 0.126185 -0.991828] 
fr 89713
ts 34524.494510
6d 1 [12 1.000][-1904.547 -76.662 715.536 -172.7495 1.0781 104.7313][-0.254242 -0.958792 -0.126804 -0.966958 0.254550 0.014042 0.018815 0.126185 -0.991828] 
fr 89714
ts 34524.511176
6d 1 [12 1.000][-1904.547 -76.662 715.536 -172.7495 1.0781 104.7313][-0.254242 -0.958792 -0.126804 -0.966958 0.254550 0.014042 0.018815 0.126185 -0.991828] 
fr 89715
ts 34524.527827
6d 1 [12 1.000][-1904.547 -76.662 715.536 -172.7495 1.0781 104.7313][-0.254242 -0.958792 -0.126804 -0.966958 0.254550 0.014042 0.018815 0.126185 -0.991828] 
fr 89716
ts 34524.544489
6d 1 [12 1.000][-1904.547 -76.662 715.536 -172.7495 1.0781 104.7313][-0.254242 -0.958792 -0.126804 -0.966958 0.254550 0.014042 0.018815 0.126185 -0.991828] 
fr 89717
ts 34524.561133
6d 1 [12 1.000][-1904.547 -76.662 715.536 -172.7495 1.0781 104.7313][-0.254242 -0.958792 -0.126804 -0.966958 0.254550 0.014042 0.018815 0.126185 -0.991828] 
fr 89718
ts 34524.577793
6d 1 [12 1.000][-1904.547 -76.662 715.536 -172.7495 1.0781 104.7313][-0.254242 -0.958792 -0.126804 -0.966958 0.254550 0.014042 0.018815 0.126185 -0.991828] 
fr 89719
ts 34524.594483
6d 1 [12 1.000][-1904.547 -76.662 715.536 -172.7495 1.0781 104.7313][-0.254242 -0.958792 -0.126804 -0.966958 0.254550 0.014042 0.018815 0.126185 -0.991828] 
fr 89720
ts 34524.611146
6d 1 [12 1.000][-1904.547 -76.662 715.536 -172.7495 1.0781 104.7313][-0.254242 -0.958792 -0.126804 -0.966958 0.254550 0.014042 0.018815 0.126185 -0.991828] 
fr 89721
ts 34524.627826
6d 1 [12 1.000][-1904.547 -76.662 715.536 -172.7495 1.0781 104.7313][-0.254242 -0.958792 -0.126804 -0.966958 0.254550 0.014042 0.018815 0.126185 -0.991828] 
fr 89722
ts 34524.644489
6d 1 [12 1.000][-1904.547 -76.662 715.536 -172.7495 1.0781 104.7313][-0.254242 -0.958792 -0.126804 -0.966958 0.254550 0.014042 0.018815 0.126185 -0.991828] 
fr 89723
ts 34524.661164
6d 1 [12 1.000][-1904.547 -76.662 715.536 -172.7495 1.0781 104.7313][-0.254242 -0.958792 -0.126804 -0.966958 0.254550 0.014042 0.018815 0.126185 -0.991828] 
fr 89724
ts 34524.677826
6d 1 [12 1.000][-1904.547 -76.662 715.536 -172.7495 1.0781 104.7313][-0.254242 -0.958792 -0.126804 -0.966958 0.254550 0.014042 0.018815 0.126185 -0.991828] 
fr 89725
ts 34524.694490
6d 1 [12 1.000][-1904.547 -76.662 715.536 -172.7495 1.0781 104.7313][-0.254242 -0.958792 -0.126804 -0.966958 0.254550 0.014042 0.018815 0.126185 -0.991828] 
fr 89726
ts 34524.711157
6d 1 [12 1.000][-1904.547 -76.662 715.536 -172.7495 1.0781 104.7313][-0.254242 -0.958792 -0.126804 -0.966958 0.254550 0.014042 0.018815 0.126185 -0.991828] 
fr 89727
ts 34524.727817
6d 1 [12 1.000][-1904.547 -76.662 715.536 -172.7495 1.0781 104.7313][-0.254242 -0.958792 -0.126804 -0.966958 0.254550 0.014042 0.018815 0.126185 -0.991828] 
fr 89728
ts 34524.744481
6d 1 [12 1.000][-1904.547 -76.662 715.536 -172.7495 1.0781 104.7313][-0.254242 -0.958792 -0.126804 -0.966958 0.254550 0.014042 0.018815 0.126185 -0.991828] 
fr 89729
ts 34524.761134
6d 1 [12 1.000][-1904.547 -76.662 715.536 -172.7495 1.0781 104.7313][-0.254242 -0.958792 -0.126804 -0.966958 0.254550 0.014042 0.018815 0.126185 -0.991828] 
fr 89730
ts 34524.777795
6d 1 [12 1.000][-1904.547 -76.662 715.536 -172.7495 1.0781 104.7313][-0.254242 -0.958792 -0.126804 -0.966958 0.254550 0.014042 0.018815 0.126185 -0.991828] 
fr 89731
ts 34524.794443
6d 1 [12 1.000][-1904.547 -76.662 715.536 -172.7495 1.0781 104.7313][-0.254242 -0.958792 -0.126804 -0.966958 0.254550 0.014042 0.018815 0.126185 -0.991828] 
fr 89732
ts 34524.811104
6d 1 [12 1.000][-1904.522 -76.665 715.586 -172.7496 1.0754 104.7312][-0.254239 -0.958794 -0.126791 -0.966959 0.254542 0.014086 0.018768 0.126183 -0.991829] 
fr 89733
ts 34524.827793
6d 1 [12 1.000][-1904.527 -76.662 715.600 -172.7504 1.0733 104.7312][-0.254241 -0.958797 -0.126770 -0.966960 0.254539 0.014118 0.018731 0.126170 -0.991832] 
fr 89734
ts 34524.844457
6d 1 [12 1.000][-1904.530 -76.661 715.575 -172.7509 1.0561 104.7306][-0.254231 -0.958810 -0.126686 -0.966968 0.254491 0.014403 0.018431 0.126163 -0.991838] 
fr 89735
ts 34524.861144
6d 1 [12 1.000][-1904.530 -76.661 715.575 -172.7509 1.0561 104.7306][-0.254231 -0.958810 -0.126686 -0.966968 0.254491 0.014403 0.018431 0.126163 -0.991838] 
fr 89736
ts 34524.877805
6d 1 [12 1.000][-1904.529 -76.627 715.563 -172.7515 1.0577 104.7304][-0.254229 -0.958811 -0.126683 -0.966968 0.254492 0.014372 0.018460 0.126152 -0.991839] 
fr 89737
ts 34524.894483
6d 1 [12 1.000][-1904.530 -76.641 715.534 -172.7515 1.0594 104.7304][-0.254228 -0.958811 -0.126690 -0.966968 0.254496 0.014343 0.018489 0.126151 -0.991839] 
