fr 81310
ts 34384.464291
6d 0 
fr 81311
ts 34384.480942
6d 1 [12 1.000][-1955.538 -69.318 719.115 -173.2879 -0.5695 103.6206][-0.235480 -0.965489 -0.111269 -0.971828 0.232749 0.037118 -0.009940 0.116875 -0.993097] 
fr 81312
ts 34384.497604
6d 1 [12 1.000][-1955.534 -69.409 719.200 -173.2985 -0.4902 103.6203][-0.235478 -0.965472 -0.111414 -0.971842 0.232908 0.035739 -0.008556 0.116693 -0.993131] 
fr 81313
ts 34384.514246
6d 1 [12 1.000][-1955.542 -69.509 719.272 -173.3115 -0.4601 103.6193][-0.235462 -0.965487 -0.111318 -0.971850 0.232958 0.035177 -0.008031 0.116468 -0.993162] 
fr 81314
ts 34384.530909
6d 1 [12 1.000][-1955.544 -69.523 719.312 -173.3300 -0.4205 103.6177][-0.235435 -0.965511 -0.111169 -0.971862 0.233019 0.034431 -0.007339 0.116148 -0.993205] 
fr 81315
ts 34384.547599
6d 1 [12 1.000][-1955.734 -69.093 719.214 -173.3256 -0.4862 103.6374][-0.235768 -0.965454 -0.110962 -0.971772 0.233220 0.035594 -0.008486 0.116222 -0.993187] 
fr 81316
ts 34384.564260
6d 1 [12 1.000][-1955.706 -69.041 719.161 -173.3210 -0.5028 103.6933][-0.236716 -0.965224 -0.110938 -0.971539 0.234127 0.036000 -0.008775 0.116303 -0.993175] 
fr 81317
ts 34384.580942
6d 1 [12 1.000][-1955.678 -69.160 719.271 -173.3243 -0.5610 103.6852][-0.236576 -0.965292 -0.110649 -0.971564 0.233877 0.036952 -0.009792 0.116245 -0.993172] 
fr 81318
ts 34384.597604
6d 0 
fr 81319
ts 34384.614278
6d 0 
fr 81320
ts 34384.630941
6d 0 
fr 81321
ts 34384.647609
6d 1 [12 1.000][-1955.598 -69.402 719.332 -173.3269 -0.5220 103.6609][-0.236165 -0.965378 -0.110780 -0.971670 0.233546 0.036238 -0.009111 0.116199 -0.993184] 
fr 81322
ts 34384.664270
6d 1 [12 1.000][-1955.576 -69.499 719.300 -173.3278 -0.5125 103.6544][-0.236055 -0.965401 -0.110808 -0.971699 0.233455 0.036061 -0.008944 0.116185 -0.993187] 
fr 81323
ts 34384.680932
6d 1 [12 1.000][-1955.527 -69.572 719.359 -173.3314 -0.4577 103.5952][-0.235053 -0.965623 -0.111008 -0.971950 0.232569 0.035009 -0.007988 0.116123 -0.993203] 
fr 81324
ts 34384.697594
6d 1 [12 1.000][-1955.538 -69.268 719.055 -173.3160 -0.5198 103.6452][-0.235899 -0.965419 -0.110982 -0.971735 0.233279 0.036215 -0.009073 0.116388 -0.993162] 
fr 81325
ts 34384.714249
6d 1 [12 1.000][-1955.537 -69.263 719.100 -173.2981 -0.5928 103.6347][-0.235718 -0.965462 -0.110993 -0.971766 0.232947 0.037496 -0.010346 0.116698 -0.993114] 
fr 81326
ts 34384.730909
6d 1 [12 1.000][-1955.535 -69.353 719.187 -173.3101 -0.6104 103.6478][-0.235940 -0.965441 -0.110709 -0.971709 0.233141 0.037769 -0.010653 0.116488 -0.993135] 
fr 81327
ts 34384.747555
6d 1 [12 1.000][-1955.519 -69.268 719.057 -173.2948 -0.6273 103.6469][-0.235923 -0.965423 -0.110899 -0.971710 0.233081 0.038115 -0.010948 0.116754 -0.993101] 
fr 81328
ts 34384.764219
6d 1 [12 1.000][-1955.524 -69.241 719.111 -173.2907 -0.5789 103.6462][-0.235913 -0.965395 -0.111167 -0.971722 0.233163 0.037315 -0.010103 0.116827 -0.993101] 
fr 81329
ts 34384.780912
6d 1 [12 1.000][-1955.525 -69.266 719.135 -173.2894 -0.5850 103.6439][-0.235874 -0.965405 -0.111165 -0.971730 0.233111 0.037417 -0.010209 0.116848 -0.993097] 
fr 81330
ts 34384.797568
6d 1 [12 1.000][-1955.544 -69.427 719.200 -173.2924 -0.5103 103.6388][-0.235791 -0.965395 -0.111422 -0.971763 0.233175 0.036138 -0.008906 0.116797 -0.993116] 
fr 81331
ts 34384.814259
6d 1 [12 1.000][-1955.545 -69.526 719.288 -173.2947 -0.4885 103.6342][-0.235714 -0.965408 -0.111477 -0.971785 0.233142 0.035753 -0.008526 0.116759 -0.993124] 
fr 81332
ts 34384.830921
6d 1 [12 1.000][-1955.745 -68.971 719.127 -173.2989 -0.5096 103.6553][-0.236071 -0.965340 -0.111306 -0.971695 0.233459 0.036132 -0.008894 0.116685 -0.993129] 
fr 81333
ts 34384.847600
6d 1 [12 1.000][-1955.685 -69.184 719.265 -173.3289 -0.5316 103.7008][-0.236842 -0.965223 -0.110681 -0.971504 0.234202 0.036467 -0.009277 0.116164 -0.993187] 
fr 81334
ts 34384.864261
6d 1 [12 1.000][-1955.661 -69.065 719.146 -173.3002 -0.5178 103.6699][-0.236318 -0.965287 -0.111241 -0.971634 0.233690 0.036293 -0.009037 0.116662 -0.993131] 
fr 81335
ts 34384.880933
6d 1 [12 1.000][-1955.652 -69.242 719.170 -173.3056 -0.5191 103.6746][-0.236398 -0.965279 -0.111141 -0.971614 0.233769 0.036302 -0.009060 0.116568 -0.993141] 
fr 81336
ts 34384.897595
6d 0 
fr 81337
ts 34384.914259
6d 0 
fr 81338
ts 34384.930923
6d 1 [12 1.000][-1955.575 -69.396 719.268 -173.3115 -0.4990 103.6664][-0.236260 -0.965314 -0.111131 -0.971651 0.233675 0.035923 -0.008708 0.116467 -0.993156] 
fr 81339
ts 34384.947576
6d 1 [12 1.000][-1955.526 -69.378 719.164 -173.2131 -0.6584 103.6652][-0.236233 -0.965204 -0.112137 -0.971629 0.233273 0.039008 -0.011492 0.118170 -0.992927] 
fr 81340
ts 34384.964242
6d 1 [12 1.000][-1955.535 -69.459 719.173 -173.2259 -0.6214 103.6648][-0.236228 -0.965213 -0.112073 -0.971637 0.233349 0.038331 -0.010845 0.117949 -0.992960] 
fr 81341
ts 34384.980892
6d 1 [12 1.000][-1955.558 -69.501 719.218 -173.2713 -0.5643 103.6596][-0.236141 -0.965295 -0.111544 -0.971669 0.233405 0.037174 -0.009849 0.117162 -0.993064] 
fr 81342
ts 34384.997553
6d 1 [12 1.000][-1955.562 -69.542 719.315 -173.2757 -0.5040 103.6359][-0.235742 -0.965371 -0.111731 -0.971776 0.233129 0.036094 -0.008796 0.117087 -0.993083] 
fr 81343
ts 34385.014198
6d 1 [12 1.000][-1955.544 -69.500 719.288 -173.2840 -0.4796 103.6429][-0.235861 -0.965347 -0.111688 -0.971751 0.233299 0.035663 -0.008370 0.116944 -0.993103] 
fr 81344
ts 34385.030860
6d 1 [12 1.000][-1955.532 -69.565 719.369 -173.3538 -0.4652 103.6100][-0.235304 -0.965609 -0.110591 -0.971888 0.232817 0.035072 -0.008118 0.115735 -0.993247] 
fr 81345
ts 34385.047545
6d 1 [12 1.000][-1955.558 -69.589 719.372 -173.3556 -0.4503 103.6023][-0.235174 -0.965637 -0.110626 -0.971922 0.232717 0.034799 -0.007859 0.115704 -0.993253] 
fr 81346
ts 34385.064210
6d 1 [12 1.000][-1955.553 -69.601 719.369 -173.3470 -0.4447 103.5983][-0.235107 -0.965634 -0.110796 -0.971939 0.232657 0.034733 -0.007762 0.115853 -0.993236] 
fr 81347
ts 34385.080892
6d 1 [12 1.000][-1955.547 -69.552 719.386 -173.3561 -0.4345 103.6080][-0.235272 -0.965607 -0.110678 -0.971900 0.232846 0.034542 -0.007583 0.115695 -0.993256] 
fr 81348
ts 34385.097555
6d 1 [12 1.000][-1955.540 -69.532 719.232 -173.3114 -0.6185 103.6133][-0.235354 -0.965587 -0.110678 -0.971850 0.232544 0.037834 -0.010794 0.116467 -0.993136] 
fr 81349
ts 34385.114230
6d 1 [12 1.000][-1955.540 -69.504 719.211 -173.2514 -0.5910 103.6153][-0.235390 -0.965449 -0.111800 -0.971846 0.232593 0.037618 -0.010315 0.117507 -0.993018] 
fr 81350
ts 34385.130891
6d 1 [12 1.000][-1955.536 -69.468 719.289 -173.2999 -0.5461 103.6161][-0.235405 -0.965519 -0.111165 -0.971851 0.232727 0.036667 -0.009532 0.116668 -0.993125] 
fr 81351
ts 34385.147557
6d 1 [12 1.000][-1955.541 -69.492 719.336 -173.3039 -0.5238 103.6176][-0.235430 -0.965510 -0.111187 -0.971848 0.232798 0.036278 -0.009142 0.116598 -0.993137] 
fr 81352
ts 34385.164222
6d 1 [12 1.000][-1955.543 -69.555 719.331 -173.3119 -0.5092 103.6178][-0.235435 -0.965518 -0.111113 -0.971850 0.232836 0.036000 -0.008888 0.116461 -0.993156] 
fr 81353
ts 34385.180883
6d 1 [12 1.000][-1955.544 -69.546 719.363 -173.3221 -0.4878 103.6151][-0.235389 -0.965538 -0.111029 -0.971864 0.232838 0.035592 -0.008513 0.116283 -0.993180] 
fr 81354
ts 34385.197545
6d 1 [12 1.000][-1955.535 -69.212 719.091 -173.3085 -0.5464 103.6179][-0.235434 -0.965529 -0.111018 -0.971843 0.232761 0.036641 -0.009537 0.116519 -0.993143] 
fr 81355
ts 34385.214200
6d 1 [12 1.000][-1955.525 -69.227 719.109 -173.3055 -0.6454 103.6229][-0.235515 -0.965550 -0.110661 -0.971805 0.232648 0.038331 -0.011265 0.116569 -0.993119] 
fr 81356
ts 34385.230861
6d 1 [12 1.000][-1955.525 -69.373 719.190 -173.3085 -0.5971 103.6283][-0.235609 -0.965511 -0.110803 -0.971792 0.232837 0.037514 -0.010421 0.116516 -0.993134] 
fr 81357
ts 34385.247506
6d 1 [12 1.000][-1955.526 -69.403 719.276 -173.3194 -0.5838 103.6339][-0.235705 -0.965502 -0.110671 -0.971771 0.232965 0.037257 -0.010189 0.116328 -0.993159] 
fr 81358
ts 34385.264172
6d 1 [12 1.000][-1955.524 -69.447 719.296 -173.3244 -0.4802 103.6305][-0.235651 -0.965477 -0.111011 -0.971802 0.233115 0.035484 -0.008381 0.116243 -0.993185] 
fr 81359
ts 34385.280812
6d 1 [12 1.000][-1955.563 -69.563 719.365 -173.3337 -0.4012 103.6291][-0.235630 -0.965462 -0.111179 -0.971818 0.233253 0.034114 -0.007003 0.116084 -0.993215] 
fr 81360
ts 34385.297473
6d 1 [12 1.000][-1955.573 -69.577 719.348 -173.3419 -0.4000 103.6249][-0.235559 -0.965495 -0.111048 -0.971835 0.233190 0.034051 -0.006981 0.115941 -0.993232] 
fr 81361
ts 34385.314160
6d 1 [12 1.000][-1955.577 -69.592 719.383 -173.3465 -0.4279 103.6247][-0.235555 -0.965518 -0.110857 -0.971832 0.233135 0.034502 -0.007468 0.115862 -0.993237] 
fr 81362
ts 34385.330821
6d 1 [12 1.000][-1955.582 -69.544 719.361 -173.3519 -0.3942 103.6237][-0.235538 -0.965517 -0.110904 -0.971841 0.233185 0.033911 -0.006881 0.115769 -0.993252] 
fr 81363
ts 34385.347499
6d 1 [12 1.000][-1955.561 -69.545 719.375 -173.3590 -0.4216 103.6196][-0.235469 -0.965560 -0.110675 -0.971854 0.233068 0.034335 -0.007358 0.115645 -0.993263] 
fr 81364
ts 34385.364163
6d 1 [12 1.000][-1955.561 -69.568 719.387 -173.3632 -0.4740 103.6188][-0.235453 -0.965596 -0.110391 -0.971850 0.232954 0.035200 -0.008272 0.115572 -0.993265] 
fr 81365
ts 34385.380835
6d 1 [12 1.000][-1955.553 -69.584 719.384 -173.3628 -0.4420 103.6135][-0.235363 -0.965602 -0.110531 -0.971877 0.232926 0.034653 -0.007715 0.115579 -0.993268] 
fr 81366
ts 34385.397495
6d 1 [12 1.000][-1955.549 -69.540 719.361 -173.3600 -0.4462 103.6178][-0.235436 -0.965581 -0.110559 -0.971859 0.232989 0.034743 -0.007788 0.115628 -0.993262] 
fr 81367
ts 34385.414161
6d 1 [12 1.000][-1955.518 -69.424 719.100 -173.3447 -0.4671 103.6177][-0.235435 -0.965562 -0.110730 -0.971856 0.232938 0.035157 -0.008153 0.115891 -0.993228] 
fr 81368
ts 34385.430823
6d 1 [12 1.000][-1955.510 -69.468 719.193 -173.3347 -0.4866 103.6191][-0.235457 -0.965546 -0.110819 -0.971848 0.232916 0.035528 -0.008492 0.116065 -0.993205] 
fr 81369
ts 34385.447480
6d 1 [12 1.000][-1955.506 -69.501 719.321 -173.3363 -0.4868 103.6200][-0.235473 -0.965545 -0.110791 -0.971844 0.232933 0.035527 -0.008496 0.116037 -0.993209] 
fr 81370
ts 34385.464143
6d 1 [12 1.000][-1955.524 -69.452 719.176 -173.2938 -0.5240 103.6229][-0.235522 -0.965469 -0.111354 -0.971826 0.232882 0.036332 -0.009145 0.116774 -0.993116] 
fr 81371
ts 34385.480790
6d 1 [12 1.000][-1955.522 -69.495 719.232 -173.2902 -0.5291 103.6259][-0.235571 -0.965452 -0.111391 -0.971813 0.232919 0.036439 -0.009235 0.116835 -0.993108] 
fr 81372
ts 34385.497456
6d 1 [12 1.000][-1955.520 -69.511 719.248 -173.2848 -0.5148 103.6264][-0.235580 -0.965433 -0.111541 -0.971813 0.232952 0.036220 -0.008985 0.116929 -0.993100] 
fr 81373
ts 34385.514101
6d 1 [12 1.000][-1955.512 -69.504 719.364 -173.3305 -0.5461 103.6265][-0.235581 -0.965536 -0.110642 -0.971808 0.232921 0.036562 -0.009531 0.116136 -0.993188] 
fr 81374
ts 34385.530762
6d 1 [12 1.000][-1955.518 -69.494 719.327 -173.3429 -0.4787 103.6270][-0.235591 -0.965526 -0.110709 -0.971816 0.233070 0.035377 -0.008354 0.115923 -0.993223] 
fr 81375
ts 34385.547452
6d 1 [12 1.000][-1955.545 -69.496 719.355 -173.3597 -0.4258 103.6260][-0.235576 -0.965537 -0.110642 -0.971828 0.233167 0.034415 -0.007431 0.115632 -0.993264] 
fr 81376
ts 34385.564114
6d 1 [12 1.000][-1955.519 -69.504 719.455 -173.3820 -0.4630 103.6202][-0.235477 -0.965621 -0.110117 -0.971846 0.233011 0.034941 -0.008081 0.115245 -0.993304] 
fr 81377
ts 34385.580797
6d 1 [12 1.000][-1955.517 -69.498 719.371 -173.3661 -0.4309 103.6168][-0.235420 -0.965589 -0.110519 -0.971865 0.233006 0.034457 -0.007520 0.115522 -0.993276] 
fr 81378
ts 34385.597458
6d 1 [12 1.000][-1955.526 -69.496 719.327 -173.3735 -0.3834 103.6138][-0.235370 -0.965593 -0.110590 -0.971883 0.233053 0.033622 -0.006692 0.115394 -0.993297] 
fr 81379
ts 34385.614132
6d 1 [12 1.000][-1955.559 -69.506 719.345 -173.3671 -0.4107 103.6156][-0.235400 -0.965587 -0.110586 -0.971872 0.233026 0.034112 -0.007169 0.115505 -0.993281] 
fr 81380
ts 34385.630795
6d 1 [12 1.000][-1955.535 -69.496 719.345 -173.3680 -0.4410 103.6122][-0.235342 -0.965617 -0.110448 -0.971882 0.232910 0.034612 -0.007697 0.115488 -0.993279] 
fr 81381
ts 34385.647464
6d 1 [12 1.000][-1955.538 -69.509 719.351 -173.3526 -0.4132 103.6113][-0.235327 -0.965577 -0.110822 -0.971889 0.232940 0.034204 -0.007211 0.115756 -0.993251] 
fr 81382
ts 34385.664125
6d 1 [12 1.000][-1955.537 -69.568 719.353 -173.3446 -0.4540 103.6126][-0.235348 -0.965576 -0.110790 -0.971879 0.232877 0.034926 -0.007923 0.115894 -0.993230] 
fr 81383
ts 34385.680787
6d 1 [12 1.000][-1955.537 -69.568 719.353 -173.3446 -0.4540 103.6126][-0.235348 -0.965576 -0.110790 -0.971879 0.232877 0.034926 -0.007923 0.115894 -0.993230] 
fr 81384
ts 34385.697450
6d 1 [12 1.000][-1955.537 -69.568 719.353 -173.3446 -0.4540 103.6126][-0.235348 -0.965576 -0.110790 -0.971879 0.232877 0.034926 -0.007923 0.115894 -0.993230] 
fr 81385
ts 34385.714103
6d 1 [12 1.000][-1955.551 -69.573 719.362 -173.3464 -0.4496 103.6120][-0.235339 -0.965580 -0.110778 -0.971882 0.232877 0.034843 -0.007847 0.115863 -0.993234] 
fr 81386
ts 34385.730765
6d 1 [12 1.000][-1955.551 -69.548 719.367 -173.3592 -0.4225 103.6080][-0.235272 -0.965608 -0.110675 -0.971902 0.232871 0.034327 -0.007374 0.115641 -0.993264] 
fr 81387
ts 34385.747411
6d 1 [12 1.000][-1955.551 -69.548 719.367 -173.3592 -0.4225 103.6080][-0.235272 -0.965608 -0.110675 -0.971902 0.232871 0.034327 -0.007374 0.115641 -0.993264] 
fr 81388
ts 34385.764076
6d 1 [12 1.000][-1955.551 -69.548 719.367 -173.3592 -0.4225 103.6080][-0.235272 -0.965608 -0.110675 -0.971902 0.232871 0.034327 -0.007374 0.115641 -0.993264] 
fr 81389
ts 34385.780717
6d 1 [12 1.000][-1955.558 -69.548 719.323 -173.3595 -0.4205 103.6079][-0.235270 -0.965608 -0.110678 -0.971902 0.232873 0.034292 -0.007339 0.115636 -0.993265] 
fr 81390
ts 34385.797379
6d 1 [12 1.000][-1955.550 -69.198 719.093 -173.3512 -0.4517 103.6086][-0.235282 -0.965604 -0.110691 -0.971895 0.232819 0.034854 -0.007884 0.115780 -0.993244] 
fr 81391
ts 34385.814061
6d 1 [12 1.000][-1955.543 -69.242 719.132 -173.3453 -0.4774 103.6115][-0.235329 -0.965593 -0.110683 -0.971880 0.232813 0.035316 -0.008333 0.115881 -0.993228] 
fr 81392
ts 34385.830726
6d 1 [12 1.000][-1955.551 -69.341 719.164 -173.3404 -0.4720 103.6169][-0.235421 -0.965559 -0.110784 -0.971858 0.232912 0.035255 -0.008238 0.115966 -0.993219] 
fr 81393
ts 34385.847406
6d 1 [12 1.000][-1955.550 -69.413 719.262 -173.3349 -0.4634 103.6198][-0.235470 -0.965533 -0.110910 -0.971848 0.232974 0.035138 -0.008088 0.116061 -0.993209] 
fr 81394
ts 34385.864068
6d 1 [12 1.000][-1955.556 -69.457 719.225 -173.3399 -0.4449 103.6214][-0.235498 -0.965527 -0.110901 -0.971844 0.233040 0.034809 -0.007765 0.115976 -0.993222] 
fr 81395
ts 34385.880739
6d 1 [12 1.000][-1955.559 -69.530 719.348 -173.3357 -0.4389 103.6237][-0.235536 -0.965506 -0.110995 -0.971835 0.233088 0.034729 -0.007659 0.116049 -0.993214] 
fr 81396
ts 34385.897402
6d 1 [12 1.000][-1955.558 -69.547 719.343 -173.3356 -0.4282 103.6226][-0.235519 -0.965505 -0.111041 -0.971841 0.233091 0.034547 -0.007473 0.116051 -0.993215] 
fr 81397
ts 34385.914063
6d 1 [12 1.000][-1955.561 -69.548 719.363 -173.3380 -0.4255 103.6247][-0.235554 -0.965500 -0.111010 -0.971833 0.233133 0.034497 -0.007426 0.116009 -0.993220] 
fr 81398
ts 34385.930728
6d 1 [12 1.000][-1955.560 -69.540 719.380 -173.3444 -0.4396 103.6236][-0.235535 -0.965524 -0.110845 -0.971836 0.233090 0.034707 -0.007673 0.115898 -0.993231] 
fr 81399
ts 34385.947388
6d 1 [12 1.000][-1955.555 -69.539 719.400 -173.3508 -0.4391 103.6207][-0.235486 -0.965548 -0.110741 -0.971847 0.233047 0.034666 -0.007663 0.115787 -0.993245] 
fr 81400
ts 34385.964049
6d 1 [12 1.000][-1955.551 -69.554 719.362 -173.3465 -0.4276 103.6166][-0.235417 -0.965551 -0.110862 -0.971866 0.232998 0.034481 -0.007463 0.115861 -0.993237] 
fr 81401
ts 34385.980701
6d 1 [12 1.000][-1955.552 -69.564 719.334 -173.3452 -0.4205 103.6171][-0.235426 -0.965543 -0.110914 -0.971865 0.233020 0.034369 -0.007339 0.115884 -0.993236] 
fr 81402
ts 34385.997363
6d 1 [12 1.000][-1955.549 -69.562 719.385 -173.3515 -0.4393 103.6166][-0.235416 -0.965566 -0.110730 -0.971864 0.232977 0.034659 -0.007668 0.115774 -0.993246] 
fr 81403
ts 34386.014008
6d 1 [12 1.000][-1955.552 -69.564 719.382 -173.3505 -0.4334 103.6146][-0.235384 -0.965569 -0.110773 -0.971873 0.232956 0.034559 -0.007564 0.115792 -0.993245] 
fr 81404
ts 34386.030669
6d 1 [12 1.000][-1955.552 -69.580 719.372 -173.3534 -0.4326 103.6125][-0.235348 -0.965583 -0.110728 -0.971882 0.232923 0.034530 -0.007551 0.115741 -0.993251] 
fr 81405
ts 34386.047359
6d 1 [12 1.000][-1955.555 -69.575 719.368 -173.3508 -0.4303 103.6116][-0.235333 -0.965581 -0.110782 -0.971886 0.232911 0.034499 -0.007509 0.115786 -0.993246] 
fr 81406
ts 34386.064021
6d 1 [12 1.000][-1955.555 -69.575 719.252 -173.3441 -0.4266 103.6118][-0.235336 -0.965565 -0.110911 -0.971886 0.232917 0.034465 -0.007445 0.115904 -0.993233] 
fr 81407
ts 34386.080704
6d 1 [12 1.000][-1955.553 -69.252 719.032 -173.3038 -0.5651 103.6197][-0.235465 -0.965521 -0.111020 -0.971833 0.232753 0.036978 -0.009863 0.116600 -0.993130] 
fr 81408
ts 34386.097366
6d 1 [12 1.000][-1955.725 -69.048 719.058 -173.2911 -0.5311 103.7052][-0.236916 -0.965132 -0.111317 -0.971486 0.234252 0.036622 -0.009269 0.116820 -0.993110] 
fr 81409
ts 34386.114042
6d 1 [12 1.000][-1955.691 -69.266 719.295 -173.3205 -0.5371 103.6823][-0.236527 -0.965285 -0.110813 -0.971580 0.233872 0.036560 -0.009374 0.116311 -0.993169] 
fr 81410
ts 34386.130704
6d 1 [12 1.000][-1955.656 -69.339 719.342 -173.3216 -0.5404 103.6854][-0.236580 -0.965276 -0.110779 -0.971566 0.233920 0.036616 -0.009431 0.116292 -0.993170] 
fr 81411
ts 34386.147371
6d 1 [12 1.000][-1955.587 -69.476 719.329 -173.3221 -0.5221 103.6712][-0.236339 -0.965327 -0.110853 -0.971628 0.233716 0.036279 -0.009113 0.116282 -0.993174] 
fr 81412
ts 34386.164034
6d 1 [12 1.000][-1955.591 -69.608 719.316 -173.3219 -0.5002 103.6589][-0.236132 -0.965366 -0.110956 -0.971682 0.233552 0.035886 -0.008729 0.116287 -0.993177] 
fr 81413
ts 34386.180696
6d 1 [12 1.000][-1955.537 -69.655 719.368 -173.3241 -0.4948 103.6512][-0.236001 -0.965399 -0.110944 -0.971714 0.233434 0.035772 -0.008637 0.116248 -0.993183] 
fr 81414
ts 34386.197357
6d 1 [12 1.000][-1955.525 -69.651 719.378 -173.3301 -0.4490 103.6034][-0.235193 -0.965583 -0.111059 -0.971917 0.232724 0.034884 -0.007837 0.116145 -0.993201] 
fr 81415
ts 34386.214013
6d 1 [12 1.000][-1955.532 -69.619 719.403 -173.3396 -0.4413 103.5978][-0.235098 -0.965620 -0.110935 -0.971941 0.232650 0.034705 -0.007703 0.115981 -0.993222] 
fr 81416
ts 34386.230674
6d 1 [12 1.000][-1955.560 -69.590 719.384 -173.3476 -0.4001 103.6090][-0.235288 -0.965571 -0.110962 -0.971901 0.232924 0.033999 -0.006983 0.115843 -0.993243] 
fr 81417
ts 34386.247320
6d 1 [12 1.000][-1955.566 -69.525 719.325 -173.3497 -0.4039 103.6086][-0.235283 -0.965578 -0.110911 -0.971901 0.232912 0.034054 -0.007049 0.115807 -0.993247] 
fr 81418
ts 34386.263984
6d 1 [12 1.000][-1955.576 -69.584 719.345 -173.3492 -0.4065 103.6217][-0.235504 -0.965525 -0.110901 -0.971848 0.233126 0.034126 -0.007095 0.115815 -0.993245] 
fr 81419
ts 34386.280627
6d 1 [12 1.000][-1955.569 -69.567 719.344 -173.3509 -0.4046 103.6167][-0.235419 -0.965548 -0.110882 -0.971868 0.233047 0.034076 -0.007061 0.115785 -0.993249] 
fr 81420
ts 34386.297287
6d 1 [12 1.000][-1955.566 -69.577 719.360 -173.3556 -0.4036 103.6103][-0.235312 -0.965582 -0.110812 -0.971894 0.232945 0.034028 -0.007044 0.115704 -0.993259] 
fr 81421
ts 34386.313975
6d 1 [12 1.000][-1955.554 -69.540 719.364 -173.3556 -0.4181 103.6055][-0.235229 -0.965609 -0.110755 -0.971912 0.232835 0.034264 -0.007297 0.115704 -0.993257] 
fr 81422
ts 34386.330636
6d 1 [12 1.000][-1955.551 -69.501 719.374 -173.3605 -0.4177 103.6038][-0.235200 -0.965625 -0.110674 -0.971920 0.232809 0.034232 -0.007289 0.115618 -0.993267] 
fr 81423
ts 34386.347317
6d 1 [12 1.000][-1955.549 -69.474 719.368 -173.3584 -0.4147 103.6029][-0.235185 -0.965623 -0.110724 -0.971924 0.232799 0.034190 -0.007238 0.115656 -0.993263] 
fr 81424
ts 34386.363977
6d 1 [12 1.000][-1955.550 -69.470 719.347 -173.3594 -0.4128 103.6018][-0.235167 -0.965629 -0.110715 -0.971928 0.232786 0.034152 -0.007205 0.115638 -0.993265] 
fr 81425
ts 34386.380651
6d 1 [12 1.000][-1955.548 -69.427 719.366 -173.3630 -0.4134 103.6025][-0.235179 -0.965633 -0.110650 -0.971925 0.232799 0.034148 -0.007216 0.115575 -0.993273] 
fr 81426
ts 34386.397312
6d 1 [12 1.000][-1955.557 -69.458 719.335 -173.3559 -0.4096 103.6036][-0.235198 -0.965613 -0.110786 -0.971921 0.232820 0.034116 -0.007150 0.115699 -0.993259] 
fr 81427
ts 34386.413977
6d 1 [12 1.000][-1955.561 -69.464 719.336 -173.3552 -0.4090 103.6066][-0.235248 -0.965599 -0.110798 -0.971909 0.232871 0.034113 -0.007138 0.115710 -0.993257] 
fr 81428
ts 34386.430639
6d 1 [12 1.000][-1955.558 -69.525 719.361 -173.3594 -0.4088 103.6058][-0.235235 -0.965611 -0.110729 -0.971912 0.232861 0.034091 -0.007134 0.115638 -0.993266] 
fr 81429
ts 34386.447298
6d 1 [12 1.000][-1955.557 -69.496 719.358 -173.3582 -0.4095 103.6047][-0.235216 -0.965613 -0.110747 -0.971917 0.232840 0.034106 -0.007146 0.115659 -0.993263] 
fr 81430
ts 34386.463960
6d 1 [12 1.000][-1955.557 -69.496 719.358 -173.3582 -0.4095 103.6047][-0.235216 -0.965613 -0.110747 -0.971917 0.232840 0.034106 -0.007146 0.115659 -0.993263] 
fr 81431
ts 34386.480613
6d 1 [12 1.000][-1955.557 -69.496 719.358 -173.3582 -0.4095 103.6047][-0.235216 -0.965613 -0.110747 -0.971917 0.232840 0.034106 -0.007146 0.115659 -0.993263] 
fr 81432
ts 34386.497273
6d 1 [12 1.000][-1955.553 -69.262 719.167 -173.3560 -0.4282 103.6057][-0.235233 -0.965614 -0.110706 -0.971910 0.232819 0.034433 -0.007474 0.115696 -0.993257] 
fr 81433
ts 34386.513919
6d 1 [12 1.000][-1955.556 -69.277 719.178 -173.3484 -0.4423 103.6081][-0.235272 -0.965596 -0.110775 -0.971899 0.232826 0.034704 -0.007719 0.115827 -0.993239] 
fr 81434
ts 34386.530580
6d 1 [12 1.000][-1955.557 -69.349 719.228 -173.3488 -0.4527 103.6116][-0.235331 -0.965588 -0.110725 -0.971883 0.232865 0.034885 -0.007900 0.115821 -0.993239] 
fr 81435
ts 34386.547271
6d 1 [12 1.000][-1955.564 -69.415 719.385 -173.3493 -0.4299 103.6144][-0.235380 -0.965566 -0.110808 -0.971874 0.232958 0.034506 -0.007504 0.115814 -0.993243] 
fr 81436
ts 34386.563932
6d 1 [12 1.000][-1955.570 -69.456 719.416 -173.3480 -0.4205 103.6149][-0.235389 -0.965557 -0.110867 -0.971873 0.232985 0.034352 -0.007338 0.115835 -0.993241] 
fr 81437
ts 34386.580616
6d 1 [12 1.000][-1955.575 -69.440 719.412 -173.3449 -0.4162 103.6167][-0.235419 -0.965542 -0.110936 -0.971867 0.233021 0.034295 -0.007263 0.115889 -0.993236] 
fr 81438
ts 34386.597277
6d 1 [12 1.000][-1955.585 -69.483 719.470 -173.3446 -0.4112 103.6199][-0.235473 -0.965526 -0.110960 -0.971854 0.233084 0.034219 -0.007176 0.115894 -0.993236] 
fr 81439
ts 34386.613954
6d 1 [12 1.000][-1955.576 -69.531 719.516 -173.3496 -0.4244 103.6154][-0.235396 -0.965560 -0.110824 -0.971871 0.232985 0.034412 -0.007407 0.115807 -0.993244] 
fr 81440
ts 34386.630614
6d 1 [12 1.000][-1955.577 -69.579 719.488 -173.3530 -0.4240 103.6106][-0.235315 -0.965586 -0.110772 -0.971891 0.232907 0.034384 -0.007401 0.115750 -0.993251] 
fr 81441
ts 34386.647284
6d 1 [12 1.000][-1955.583 -69.555 719.518 -173.3581 -0.4248 103.6112][-0.235325 -0.965594 -0.110683 -0.971888 0.232919 0.034376 -0.007414 0.115661 -0.993261] 
fr 81442
ts 34386.663946
6d 1 [12 1.000][-1955.585 -69.590 719.564 -173.3688 -0.4219 103.6072][-0.235257 -0.965629 -0.110516 -0.971905 0.232863 0.034277 -0.007363 0.115475 -0.993283] 
fr 81443
ts 34386.680609
6d 1 [12 1.000][-1955.577 -69.575 719.575 -173.3716 -0.4506 103.6063][-0.235242 -0.965652 -0.110352 -0.971905 0.232794 0.034747 -0.007865 0.115426 -0.993285] 
fr 81444
ts 34386.697271
6d 1 [12 1.000][-1955.576 -69.508 719.580 -173.3763 -0.4537 103.6071][-0.235256 -0.965659 -0.110260 -0.971901 0.232805 0.034782 -0.007918 0.115344 -0.993294] 
fr 81445
ts 34386.713926
6d 1 [12 1.000][-1955.585 -69.581 719.605 -173.3830 -0.4507 103.6054][-0.235227 -0.965677 -0.110161 -0.971909 0.232786 0.034701 -0.007866 0.115229 -0.993308] 
fr 81446
ts 34386.730586
6d 1 [12 1.000][-1955.651 -69.613 719.578 -173.3875 -0.3578 103.6012][-0.235158 -0.965659 -0.110466 -0.971937 0.232899 0.033110 -0.006245 0.115152 -0.993328] 
fr 81447
ts 34386.747233
6d 1 [12 1.000][-1955.594 -69.714 719.531 -173.3927 -0.4074 103.5997][-0.235131 -0.965699 -0.110178 -0.971938 0.232780 0.033920 -0.007110 0.115062 -0.993333] 
fr 81448
ts 34386.763898
6d 1 [12 1.000][-1955.548 -69.768 719.572 -173.3967 -0.4179 103.5995][-0.235127 -0.965713 -0.110067 -0.971937 0.232758 0.034082 -0.007294 0.114991 -0.993340] 
fr 81449
ts 34386.780540
6d 1 [12 1.000][-1955.600 -69.848 719.524 -173.3951 -0.4160 103.5991][-0.235120 -0.965710 -0.110102 -0.971939 0.232754 0.034055 -0.007260 0.115020 -0.993337] 
fr 81450
ts 34386.797202
6d 1 [12 1.000][-1955.621 -69.871 719.507 -173.3951 -0.4152 103.5984][-0.235108 -0.965713 -0.110106 -0.971942 0.232744 0.034040 -0.007247 0.115020 -0.993337] 
fr 81451
ts 34386.813889
6d 1 [12 1.000][-1955.602 -69.858 719.459 -173.3910 -0.4165 103.6001][-0.235138 -0.965698 -0.110168 -0.971935 0.232769 0.034081 -0.007268 0.115090 -0.993328] 
fr 81452
ts 34386.830550
6d 1 [12 1.000][-1955.599 -69.899 719.456 -173.3833 -0.4174 103.6045][-0.235212 -0.965666 -0.110291 -0.971917 0.232836 0.034138 -0.007286 0.115223 -0.993313] 
fr 81453
ts 34386.847230
6d 1 [12 1.000][-1955.921 -69.322 719.489 -173.1843 -0.4634 103.8819][-0.239913 -0.964162 -0.113282 -0.970761 0.237293 0.036269 -0.008089 0.118672 -0.992901] 
fr 81454
ts 34386.863892
6d 1 [12 1.000][-1956.734 -67.227 720.019 -173.1785 -0.6972 104.4141][-0.248910 -0.962026 -0.112030 -0.968450 0.245766 0.041268 -0.012168 0.118767 -0.992848] 
fr 81455
ts 34386.880565
6d 1 [12 1.000][-1957.302 -65.370 720.382 -173.2884 -0.7441 104.6824][-0.253440 -0.961101 -0.109786 -0.967264 0.250256 0.042099 -0.012986 0.116862 -0.993063] 
fr 81456
ts 34386.897227
6d 1 [12 1.000][-1958.072 -63.699 720.554 -173.3631 -0.6176 104.8321][-0.255973 -0.960521 -0.108985 -0.966624 0.253068 0.039937 -0.010780 0.115570 -0.993241] 
fr 81457
ts 34386.913892
6d 1 [12 1.000][-1959.021 -61.595 719.655 -173.0145 -0.5294 105.0822][-0.260193 -0.958679 -0.115042 -0.965512 0.257187 0.040501 -0.009240 0.121613 -0.992535] 
fr 81458
ts 34386.930554
6d 1 [12 1.000][-1961.560 -59.147 718.701 -172.9846 -0.1223 105.5162][-0.267510 -0.956411 -0.117117 -0.963553 0.265257 0.034715 -0.002135 0.122135 -0.992511] 
fr 81459
ts 34386.947212
6d 1 [12 1.000][-1964.929 -56.418 718.617 -173.0998 0.1339 106.1666][-0.278431 -0.953421 -0.116035 -0.960453 0.276685 0.031222 0.002337 0.120140 -0.992754] 
fr 81460
ts 34386.963875
6d 1 [12 1.000][-1968.105 -54.987 717.679 -172.9582 0.1791 106.9288][-0.291181 -0.949340 -0.118185 -0.956663 0.289353 0.032729 0.003126 0.122593 -0.992452] 
fr 81461
ts 34386.980528
6d 1 [12 1.000][-1971.894 -55.681 716.722 -172.8125 0.6556 107.4290][-0.299504 -0.946163 -0.122773 -0.954026 0.298536 0.026644 0.011442 0.125109 -0.992077] 
fr 81462
ts 34386.997189
6d 1 [12 1.000][-1974.745 -56.884 716.215 -172.6742 0.8441 107.8399][-0.306325 -0.943570 -0.125856 -0.951813 0.305646 0.025155 0.014732 0.127497 -0.991730] 
fr 81463
ts 34387.013831
6d 1 [12 1.000][-1976.669 -57.939 716.562 -172.7500 0.6615 108.2132][-0.312533 -0.941850 -0.123455 -0.949837 0.311439 0.028564 0.011546 0.126190 -0.991939] 
fr 81464
ts 34387.030496
6d 1 [12 1.000][-1978.297 -58.683 717.304 -172.9090 0.3301 108.7230][-0.320988 -0.939609 -0.118748 -0.947066 0.319212 0.034210 0.005762 0.123443 -0.992335] 
fr 81465
ts 34387.047187
6d 1 [12 1.000][-1980.541 -59.088 718.072 -173.0385 0.2083 109.5647][-0.334868 -0.935170 -0.115413 -0.942258 0.332817 0.037186 0.003636 0.121201 -0.992621] 
fr 81466
ts 34387.063849
6d 1 [12 1.000][-1983.904 -59.028 718.150 -172.8364 0.3757 110.7665][-0.354553 -0.927445 -0.118907 -0.935013 0.352557 0.038132 0.006556 0.124699 -0.992173] 
fr 81467
ts 34387.080532
6d 1 [12 1.000][-1986.716 -58.816 717.857 -172.7770 0.3891 111.5983][-0.368088 -0.922095 -0.119384 -0.929766 0.365969 0.040018 0.006791 0.125729 -0.992041] 
fr 81468
ts 34387.097193
6d 1 [12 1.000][-1988.325 -59.276 717.055 -172.7219 0.6826 111.7469][-0.370481 -0.920787 -0.122047 -0.928764 0.368924 0.035961 0.011914 0.126676 -0.991873] 
fr 81469
ts 34387.113870
6d 1 [12 1.000][-1988.869 -58.687 716.683 -172.7741 0.8959 111.6759][-0.369311 -0.921181 -0.122617 -0.929174 0.368251 0.032043 0.015636 0.125766 -0.991937] 
fr 81470
ts 34387.130532
6d 1 [12 1.000][-1987.896 -58.224 717.269 -172.9838 0.7733 111.4732][-0.366033 -0.923017 -0.118574 -0.930504 0.364859 0.032250 0.013496 0.122138 -0.992421] 
fr 81471
ts 34387.147201
6d 1 [12 1.000][-1986.081 -58.850 717.862 -173.2690 0.7162 111.0896][-0.359799 -0.926061 -0.113824 -0.932946 0.358714 0.030593 0.012500 0.117199 -0.993030] 
fr 81472
ts 34387.163863
6d 1 [12 1.000][-1983.658 -60.374 718.020 -173.3477 0.6493 110.4356][-0.349132 -0.930298 -0.112484 -0.937005 0.348033 0.029901 0.011331 0.115837 -0.993204] 
fr 81473
ts 34387.180526
6d 1 [12 1.000][-1980.798 -63.248 717.501 -173.1402 0.5371 109.6223][-0.335803 -0.934808 -0.115630 -0.941886 0.334468 0.031345 0.009373 0.119436 -0.992798] 
fr 81474
ts 34387.197188
6d 1 [12 1.000][-1977.961 -66.311 716.879 -172.7061 0.4386 108.8920][-0.323775 -0.938160 -0.122577 -0.946103 0.322084 0.033924 0.007654 0.126954 -0.991879] 
fr 81475
ts 34387.213843
6d 1 [12 1.000][-1974.476 -68.174 717.423 -172.5025 -0.0347 108.4428][-0.316358 -0.940555 -0.123592 -0.948640 0.313578 0.041850 -0.000606 0.130483 -0.991450] 
fr 81476
ts 34387.230506
6d 1 [12 1.000][-1970.686 -68.814 718.563 -172.5586 -0.5941 108.0441][-0.309732 -0.943226 -0.119958 -0.950767 0.305863 0.049892 -0.010369 0.129505 -0.991525] 
fr 81477
ts 34387.247152
6d 1 [12 1.000][-1967.930 -67.632 720.335 -173.0437 -0.8407 107.9358][-0.307918 -0.944946 -0.110741 -0.951300 0.303993 0.051154 -0.014673 0.121099 -0.992532] 
fr 81478
ts 34387.263815
6d 1 [12 1.000][-1965.300 -65.783 722.255 -173.5816 -1.0752 107.7680][-0.305110 -0.946971 -0.100766 -0.952132 0.301253 0.051872 -0.018765 0.111769 -0.993557] 
fr 81479
ts 34387.280458
6d 1 [12 1.000][-1962.266 -64.024 724.772 -174.2070 -1.4541 107.6002][-0.302275 -0.949096 -0.088576 -0.952883 0.298387 0.054584 -0.025375 0.100902 -0.994573] 
fr 81480
ts 34387.297119
6d 1 [12 1.000][-1958.826 -62.021 728.748 -175.3062 -1.9767 107.2224][-0.295905 -0.952795 -0.067983 -0.954594 0.292393 0.057064 -0.034493 0.081782 -0.996053] 
fr 81481
ts 34387.313807
6d 1 [12 1.000][-1955.976 -59.194 733.556 -176.5489 -2.2651 107.0497][-0.292973 -0.955014 -0.045984 -0.955304 0.290395 0.055367 -0.039523 0.060150 -0.997407] 
fr 81482
ts 34387.330469
6d 1 [12 1.000][-1954.494 -56.115 738.930 -178.0641 -2.2444 106.9423][-0.291185 -0.956438 -0.020910 -0.955865 0.289976 0.047285 -0.039161 0.033756 -0.998663] 
fr 81483
ts 34387.347149
6d 1 [12 1.000][-1954.836 -52.346 744.689 -179.6796 -1.4414 106.6109][-0.285781 -0.958293 0.001832 -0.957965 0.285732 0.025703 -0.025155 0.005590 -0.999668] 
fr 81484
ts 34387.363805
6d 1 [12 1.000][-1956.647 -47.927 751.662 178.2535 0.0707 106.1830][-0.278707 -0.959941 0.028927 -0.960375 0.278541 -0.009678 0.001234 -0.030478 -0.999535] 
fr 81485
ts 34387.380480
6d 1 [12 1.000][-1957.528 -41.384 759.631 175.6875 1.3477 105.4577][-0.266453 -0.961570 0.066225 -0.963561 0.264067 -0.042646 0.023519 -0.075175 -0.996893] 
fr 81486
ts 34387.397146
6d 1 [12 1.000][-1956.203 -32.655 768.535 172.6437 2.0590 104.4380][-0.249171 -0.961594 0.115111 -0.967793 0.242825 -0.066431 0.035928 -0.127956 -0.991129] 
fr 81487
ts 34387.413811
6d 1 [12 1.000][-1952.167 -23.504 777.888 169.8205 2.0764 103.1807][-0.227873 -0.959790 0.163945 -0.973017 0.218198 -0.075022 0.036233 -0.176617 -0.983613] 
fr 81488
ts 34387.430473
6d 1 [12 1.000][-1945.218 -14.701 787.906 167.3179 1.4257 101.7799][-0.204089 -0.956171 0.209963 -0.978636 0.193824 -0.068582 0.024880 -0.219474 -0.975301] 
fr 81489
ts 34387.447133
6d 1 [12 1.000][-1934.328 -7.099 799.034 165.1017 -0.1295 100.0302][-0.174167 -0.951512 0.253556 -0.984714 0.168885 -0.042628 -0.002260 -0.257104 -0.966381] 
fr 81490
ts 34387.463794
6d 1 [12 1.000][-1921.498 -0.715 810.305 163.4516 -1.9565 98.3724][-0.145522 -0.946948 0.286555 -0.988766 0.149196 -0.009094 -0.034141 -0.284659 -0.958021] 
fr 81491
ts 34387.480447
6d 1 [12 1.000][-1907.653 4.422 821.137 162.4149 -3.8324 96.9082][-0.120010 -0.943920 0.307593 -0.990520 0.134705 0.026913 -0.066837 -0.301447 -0.951137] 
fr 81492
ts 34387.497109
6d 1 [12 1.000][-1893.178 8.177 831.816 161.7893 -5.7551 95.5884][-0.096890 -0.942347 0.320304 -0.990231 0.123693 0.064368 -0.100276 -0.310938 -0.945126] 
fr 81493
ts 34387.513754
6d 1 [12 1.000][-1878.666 10.675 842.361 161.7255 -7.4292 94.7120][-0.081458 -0.943025 0.322596 -0.988254 0.118413 0.096606 -0.129302 -0.310938 -0.941594] 
fr 81494
ts 34387.530416
6d 1 [12 1.000][-1864.840 11.861 853.168 162.0404 -8.6945 94.2535][-0.073318 -0.945197 0.318162 -0.985786 0.117039 0.120534 -0.151166 -0.304802 -0.940343] 
fr 81495
ts 34387.547108
6d 1 [12 1.000][-1851.307 12.251 864.481 162.7264 -9.5187 94.2050][-0.072316 -0.948727 0.307714 -0.983577 0.118991 0.135714 -0.165370 -0.292846 -0.941750] 
fr 81496
ts 34387.563770
6d 1 [12 1.000][-1838.792 12.110 876.250 163.7560 -9.7978 94.7616][-0.081799 -0.952814 0.292325 -0.982014 0.127133 0.139594 -0.170172 -0.275649 -0.946076] 
fr 81497
ts 34387.580449
6d 1 [12 1.000][-1826.504 11.472 888.024 165.2960 -9.7227 95.7701][-0.099093 -0.958040 0.268962 -0.980643 0.139894 0.137003 -0.168880 -0.250179 -0.953357] 
fr 81498
ts 34387.597114
6d 1 [12 1.000][-1814.621 10.717 899.804 167.1507 -9.0349 97.2612][-0.124824 -0.962725 0.239955 -0.979673 0.157870 0.123768 -0.157036 -0.219629 -0.962862] 
fr 81499
ts 34387.613791
6d 1 [12 1.000][-1801.909 9.856 911.584 169.2470 -8.4950 98.8728][-0.152549 -0.966433 0.206728 -0.977193 0.178764 0.114614 -0.147723 -0.184529 -0.971662] 
fr 81500
ts 34387.630453
6d 1 [12 1.000][-1788.343 9.166 923.390 171.4438 -7.8732 100.5441][-0.181268 -0.968443 0.171055 -0.973847 0.200992 0.105943 -0.136981 -0.147377 -0.979549] 
fr 81501
ts 34387.647123
6d 1 [12 1.000][-1773.967 8.886 935.136 173.7888 -7.2632 102.1853][-0.209380 -0.968845 0.132285 -0.969627 0.223205 0.100016 -0.126427 -0.107326 -0.986153] 
fr 81502
ts 34387.663785
6d 1 [12 1.000][-1758.783 9.163 946.933 176.0053 -6.2846 103.6872][-0.235199 -0.967437 0.093526 -0.965763 0.243456 0.089617 -0.109468 -0.069246 -0.991575] 
fr 81503
ts 34387.680447
6d 1 [12 1.000][-1742.746 9.994 958.387 178.3616 -5.4308 105.2170][-0.261297 -0.963834 0.052421 -0.960607 0.264979 0.083783 -0.094643 -0.028464 -0.995104] 
fr 81504
ts 34387.697108
6d 1 [12 1.000][-1726.225 11.572 969.895 -179.4923 -4.4467 106.9270][-0.290277 -0.956839 0.014096 -0.953797 0.290485 0.076749 -0.077531 0.008834 -0.996951] 
fr 81505
ts 34387.713765
6d 1 [12 1.000][-1709.198 13.725 981.084 -177.3717 -3.4127 108.7477][-0.320831 -0.946825 -0.024311 -0.945264 0.318478 0.071047 -0.059527 0.045774 -0.997177] 
fr 81506
ts 34387.730426
6d 1 [12 1.000][-1692.226 16.768 992.414 -175.6705 -1.9973 110.7202][-0.353589 -0.933581 -0.058314 -0.934751 0.350334 0.059214 -0.034852 0.075446 -0.996541] 
fr 81507
ts 34387.747077
6d 1 [12 1.000][-1675.248 20.936 1003.867 -174.3054 -0.3129 112.7242][-0.386289 -0.918033 -0.089425 -0.922361 0.383889 0.043343 -0.005461 0.099225 -0.995050] 
fr 81508
ts 34387.763738
6d 1 [12 1.000][-1657.940 26.219 1015.425 -173.2841 1.5543 114.7877][-0.419102 -0.900308 -0.117466 -0.907534 0.419259 0.024575 0.027124 0.116904 -0.992773] 
fr 81509
ts 34387.780376
6d 1 [12 1.000][-1639.936 32.323 1027.292 -172.5980 3.3716 116.9512][-0.452447 -0.880531 -0.141271 -0.889850 0.456208 0.006403 0.058811 0.128607 -0.989950] 
fr 81510
ts 34387.797043
6d 1 [12 1.000][-1620.696 38.725 1039.519 -172.1846 4.9029 119.2837][-0.487345 -0.858422 -0.160021 -0.869017 0.494728 -0.007339 0.085467 0.135485 -0.987086] 
fr 81511
ts 34387.813729
6d 1 [12 1.000][-1600.007 45.529 1052.497 -172.0206 6.0860 121.7576][-0.523360 -0.834304 -0.173295 -0.845490 0.533745 -0.016212 0.106022 0.138035 -0.984736] 
fr 81512
ts 34387.830391
6d 1 [12 1.000][-1577.958 52.358 1065.942 -171.9979 6.9413 124.3800][-0.560540 -0.807775 -0.182470 -0.819262 0.573065 -0.020160 0.120852 0.138190 -0.983005] 
fr 81513
ts 34387.847072
6d 1 [12 1.000][-1554.793 59.190 1080.198 -172.3639 7.5628 127.1307][-0.598385 -0.779633 -0.184682 -0.790325 0.612226 -0.023788 0.131614 0.131725 -0.982510] 
fr 81514
ts 34387.863733
6d 1 [12 1.000][-1530.778 65.662 1095.290 -172.9037 7.9140 129.9885][-0.636513 -0.749374 -0.182455 -0.758877 0.650743 -0.025294 0.137686 0.122361 -0.982889] 
fr 81515
ts 34387.880407
6d 1 [12 1.000][-1506.082 71.698 1111.099 -173.6933 8.0437 133.0175][-0.675510 -0.716234 -0.175200 -0.723952 0.689332 -0.026746 0.139928 0.108769 -0.984169] 
fr 81516
ts 34387.897068
6d 1 [12 1.000][-1480.060 76.334 1127.250 -174.2241 7.7675 135.9479][-0.712114 -0.682006 -0.166618 -0.688932 0.724517 -0.021168 0.135154 0.099714 -0.985794] 
fr 81517
ts 34387.913734
6d 1 [12 1.000][-1453.101 80.031 1143.993 -174.7496 7.1629 138.8943][-0.747617 -0.646095 -0.153722 -0.652320 0.757838 -0.012683 0.124690 0.090794 -0.988033] 
fr 81518
ts 34387.930396
6d 1 [12 1.000][-1425.544 82.002 1160.450 -174.9130 6.3657 141.7983][-0.780994 -0.608270 -0.141621 -0.614618 0.788823 0.001381 0.110874 0.088121 -0.989920] 
fr 81519
ts 34387.947056
6d 1 [12 1.000][-1397.580 82.698 1176.899 -174.9239 5.2508 144.7388][-0.813102 -0.568429 -0.125511 -0.574882 0.818001 0.019620 0.091515 0.088107 -0.991898] 
fr 81520
ts 34387.963718
6d 1 [12 1.000][-1369.735 81.726 1193.100 -174.7211 3.9944 147.6077][-0.842349 -0.528029 -0.107859 -0.534412 0.844252 0.040530 0.069660 0.091781 -0.993340] 
fr 81521
ts 34387.980370
6d 1 [12 1.000][-1342.030 79.664 1208.427 -174.5691 2.9063 150.5249][-0.869450 -0.485659 -0.090512 -0.491412 0.869023 0.057560 0.050703 0.094524 -0.994231] 
fr 81522
ts 34387.997034
6d 1 [12 1.000][-1315.280 76.208 1223.040 -174.4986 2.1008 153.3900][-0.893475 -0.442709 -0.075564 -0.447614 0.891532 0.069371 0.036657 0.095805 -0.994725] 
fr 81523
ts 34388.013679
6d 1 [12 1.000][-1288.895 71.894 1236.631 -174.1415 1.3093 156.3520][-0.915788 -0.396885 -0.061764 -0.401011 0.912178 0.084383 0.022850 0.102045 -0.994517] 
fr 81524
ts 34388.030339
6d 1 [12 1.000][-1262.486 67.417 1248.474 -173.3477 0.5336 159.1344][-0.934378 -0.352770 -0.049905 -0.356161 0.928512 0.104953 0.009313 0.115840 -0.993224] 
fr 81525
ts 34388.047031
6d 1 [12 1.000][-1236.706 61.781 1260.067 -172.9044 -0.3575 161.7126][-0.949476 -0.312112 -0.032882 -0.313777 0.941981 0.119230 -0.006239 0.123523 -0.992322] 
fr 81526
ts 34388.063693
6d 1 [12 1.000][-1211.874 55.311 1271.016 -172.6688 -1.0737 164.2942][-0.962495 -0.270787 -0.016651 -0.270651 0.954147 0.127872 -0.018739 0.127583 -0.991651] 
fr 81527
ts 34388.080377
6d 1 [12 1.000][-1186.941 48.267 1280.788 -172.6244 -1.7327 166.7668][-0.973001 -0.230800 -0.000197 -0.228811 0.964503 0.131828 -0.030236 0.128314 -0.991273] 
fr 81528
ts 34388.097039
6d 1 [12 1.000][-1162.310 39.765 1289.158 -172.1419 -2.3109 168.9644][-0.980710 -0.195033 0.013033 -0.191264 0.971236 0.141839 -0.040322 0.136610 -0.989804] 
fr 81529
ts 34388.113716
