fr 641689
ts 42259.731374
6d 0 
fr 641690
ts 42259.748040
6d 0 
fr 641691
ts 42259.764683
6d 0 
fr 641692
ts 42259.781345
6d 0 
fr 641693
ts 42259.798033
6d 0 
fr 641694
ts 42259.814694
6d 0 
fr 641695
ts 42259.831372
6d 0 
fr 641696
ts 42259.848037
6d 0 
fr 641697
ts 42259.864711
6d 0 
fr 641698
ts 42259.881372
6d 0 
fr 641699
ts 42259.898040
6d 0 
fr 641700
ts 42259.914697
6d 0 
fr 641701
ts 42259.931362
6d 0 
fr 641702
ts 42259.948023
6d 0 
fr 641703
ts 42259.964677
6d 0 
fr 641704
ts 42259.981338
6d 0 
fr 641705
ts 42259.997985
6d 0 
fr 641706
ts 42260.014646
6d 0 
fr 641707
ts 42260.031339
6d 0 
fr 641708
ts 42260.047999
6d 0 
fr 641709
ts 42260.064685
6d 0 
fr 641710
ts 42260.081346
6d 0 
fr 641711
ts 42260.098019
6d 0 
fr 641712
ts 42260.114686
6d 0 
fr 641713
ts 42260.131356
6d 0 
fr 641714
ts 42260.148017
6d 0 
fr 641715
ts 42260.164678
6d 0 
fr 641716
ts 42260.181342
6d 0 
fr 641717
ts 42260.197999
6d 0 
fr 641718
ts 42260.214661
6d 0 
fr 641719
ts 42260.231312
6d 0 
fr 641720
ts 42260.247972
6d 0 
fr 641721
ts 42260.264616
6d 0 
fr 641722
ts 42260.281276
6d 0 
fr 641723
ts 42260.297966
6d 0 
fr 641724
ts 42260.314628
6d 0 
fr 641725
ts 42260.331305
6d 0 
fr 641726
ts 42260.347971
6d 0 
fr 641727
ts 42260.364645
6d 0 
fr 641728
ts 42260.381307
6d 0 
fr 641729
ts 42260.397974
6d 0 
fr 641730
ts 42260.414636
6d 0 
fr 641731
ts 42260.431295
6d 0 
fr 641732
ts 42260.447957
6d 0 
fr 641733
ts 42260.464610
6d 0 
fr 641734
ts 42260.481273
6d 0 
fr 641735
ts 42260.497920
6d 0 
fr 641736
ts 42260.514581
6d 0 
fr 641737
ts 42260.531272
6d 0 
fr 641738
ts 42260.547934
6d 0 
fr 641739
ts 42260.564619
6d 0 
fr 641740
ts 42260.581282
6d 0 
fr 641741
ts 42260.597959
6d 0 
fr 641742
ts 42260.614621
6d 0 
fr 641743
ts 42260.631291
6d 0 
fr 641744
ts 42260.647953
6d 0 
fr 641745
ts 42260.664617
6d 0 
fr 641746
ts 42260.681273
6d 0 
fr 641747
ts 42260.697935
6d 0 
fr 641748
ts 42260.714599
6d 0 
fr 641749
ts 42260.731247
6d 0 
fr 641750
ts 42260.747910
6d 0 
fr 641751
ts 42260.764552
6d 0 
fr 641752
ts 42260.781214
6d 0 
fr 641753
ts 42260.797903
6d 0 
fr 641754
ts 42260.814564
6d 0 
fr 641755
ts 42260.831245
6d 0 
fr 641756
ts 42260.847907
6d 0 
fr 641757
ts 42260.864582
6d 0 
fr 641758
ts 42260.881243
6d 0 
fr 641759
ts 42260.897910
6d 0 
fr 641760
ts 42260.914573
6d 0 
fr 641761
ts 42260.931234
6d 0 
fr 641762
ts 42260.947894
6d 0 
fr 641763
ts 42260.964548
6d 0 
fr 641764
ts 42260.981210
6d 0 
fr 641765
ts 42260.997857
6d 0 
fr 641766
ts 42261.014519
6d 0 
fr 641767
ts 42261.031211
6d 0 
fr 641768
ts 42261.047873
6d 0 
fr 641769
ts 42261.064557
6d 0 
fr 641770
ts 42261.081220
6d 0 
fr 641771
ts 42261.097897
6d 0 
fr 641772
ts 42261.114558
6d 0 
fr 641773
ts 42261.131230
6d 0 
fr 641774
ts 42261.147892
6d 0 
fr 641775
ts 42261.164556
6d 0 
fr 641776
ts 42261.181217
6d 0 
fr 641777
ts 42261.197874
6d 0 
fr 641778
ts 42261.214536
6d 0 
fr 641779
ts 42261.231185
6d 0 
fr 641780
ts 42261.247848
6d 0 
fr 641781
ts 42261.264492
6d 0 
fr 641782
ts 42261.281154
6d 0 
fr 641783
ts 42261.297842
6d 0 
fr 641784
ts 42261.314504
6d 0 
fr 641785
ts 42261.331178
6d 0 
fr 641786
ts 42261.347847
6d 0 
fr 641787
ts 42261.364522
6d 0 
fr 641788
ts 42261.381183
6d 0 
fr 641789
ts 42261.397851
6d 0 
fr 641790
ts 42261.414513
6d 0 
fr 641791
ts 42261.431173
6d 0 
fr 641792
ts 42261.447835
6d 0 
fr 641793
ts 42261.464489
6d 0 
fr 641794
ts 42261.481151
6d 0 
fr 641795
ts 42261.497798
6d 0 
fr 641796
ts 42261.514459
6d 0 
fr 641797
ts 42261.531151
6d 0 
fr 641798
ts 42261.547813
6d 0 
fr 641799
ts 42261.564499
6d 0 
fr 641800
ts 42261.581162
6d 0 
fr 641801
ts 42261.597835
6d 0 
fr 641802
ts 42261.614500
6d 0 
fr 641803
ts 42261.631167
6d 0 
fr 641804
ts 42261.647833
6d 0 
fr 641805
ts 42261.664493
6d 0 
fr 641806
ts 42261.681159
6d 0 
fr 641807
ts 42261.697812
6d 0 
fr 641808
ts 42261.714478
6d 0 
fr 641809
ts 42261.731124
6d 0 
fr 641810
ts 42261.747790
6d 0 
fr 641811
ts 42261.764434
6d 0 
fr 641812
ts 42261.781096
6d 0 
fr 641813
ts 42261.797785
6d 0 
fr 641814
ts 42261.814447
6d 0 
fr 641815
ts 42261.831124
6d 0 
fr 641816
ts 42261.847790
6d 0 
fr 641817
ts 42261.864465
6d 0 
fr 641818
ts 42261.881126
6d 0 
fr 641819
ts 42261.897795
6d 0 
fr 641820
ts 42261.914456
6d 0 
fr 641821
ts 42261.931117
6d 0 
fr 641822
ts 42261.947778
6d 0 
fr 641823
ts 42261.964433
6d 0 
fr 641824
ts 42261.981097
6d 0 
fr 641825
ts 42261.997742
6d 0 
fr 641826
ts 42262.014403
6d 0 
fr 641827
ts 42262.031096
6d 0 
fr 641828
ts 42262.047757
6d 0 
fr 641829
ts 42262.064443
6d 0 
fr 641830
ts 42262.081104
6d 0 
fr 641831
ts 42262.097783
6d 0 
fr 641832
ts 42262.114444
6d 0 
fr 641833
ts 42262.131112
6d 0 
fr 641834
ts 42262.147777
6d 0 
fr 641835
ts 42262.164438
6d 0 
fr 641836
ts 42262.181103
6d 0 
fr 641837
ts 42262.197761
6d 0 
fr 641838
ts 42262.214422
6d 0 
fr 641839
ts 42262.231069
6d 0 
fr 641840
ts 42262.247735
6d 0 
fr 641841
ts 42262.264379
6d 0 
fr 641842
ts 42262.281041
6d 0 
fr 641843
ts 42262.297730
6d 0 
fr 641844
ts 42262.314391
6d 0 
fr 641845
ts 42262.331069
6d 0 
fr 641846
ts 42262.347735
6d 0 
fr 641847
ts 42262.364410
6d 0 
fr 641848
ts 42262.381071
6d 0 
fr 641849
ts 42262.397740
6d 0 
fr 641850
ts 42262.414401
6d 0 
fr 641851
ts 42262.431063
6d 0 
fr 641852
ts 42262.447725
6d 0 
fr 641853
ts 42262.464379
6d 0 
fr 641854
ts 42262.481040
6d 0 
fr 641855
ts 42262.497688
6d 0 
fr 641856
ts 42262.514349
6d 0 
fr 641857
ts 42262.531042
6d 0 
fr 641858
ts 42262.547703
6d 0 
fr 641859
ts 42262.564389
6d 0 
fr 641860
ts 42262.581050
6d 0 
fr 641861
ts 42262.597725
6d 0 
fr 641862
ts 42262.614391
6d 0 
fr 641863
ts 42262.631062
6d 0 
fr 641864
ts 42262.647724
6d 0 
fr 641865
ts 42262.664385
6d 0 
fr 641866
ts 42262.681051
6d 0 
fr 641867
ts 42262.697708
6d 0 
fr 641868
ts 42262.714370
6d 0 
fr 641869
ts 42262.731021
6d 0 
fr 641870
ts 42262.747682
6d 0 
fr 641871
ts 42262.764326
6d 0 
fr 641872
ts 42262.780988
6d 0 
fr 641873
ts 42262.797677
6d 0 
fr 641874
ts 42262.814340
6d 0 
fr 641875
ts 42262.831021
6d 0 
fr 641876
ts 42262.847683
6d 0 
fr 641877
ts 42262.864358
6d 0 
fr 641878
ts 42262.881020
6d 0 
fr 641879
ts 42262.897684
6d 0 
fr 641880
ts 42262.914350
6d 0 
fr 641881
ts 42262.931011
6d 0 
fr 641882
ts 42262.947673
6d 0 
fr 641883
ts 42262.964328
6d 0 
fr 641884
ts 42262.980990
6d 0 
fr 641885
ts 42262.997636
6d 0 
fr 641886
ts 42263.014299
6d 0 
fr 641887
ts 42263.030991
6d 0 
fr 641888
ts 42263.047652
6d 0 
fr 641889
ts 42263.064338
6d 0 
fr 641890
ts 42263.081000
6d 0 
fr 641891
ts 42263.097679
6d 0 
fr 641892
ts 42263.114341
6d 0 
fr 641893
ts 42263.131012
6d 0 
fr 641894
ts 42263.147674
6d 0 
fr 641895
ts 42263.164334
6d 0 
fr 641896
ts 42263.181000
6d 0 
fr 641897
ts 42263.197658
6d 0 
fr 641898
ts 42263.214320
6d 0 
fr 641899
ts 42263.230967
6d 0 
fr 641900
ts 42263.247633
6d 0 
fr 641901
ts 42263.264277
6d 0 
fr 641902
ts 42263.280939
6d 0 
fr 641903
ts 42263.297628
6d 0 
fr 641904
ts 42263.314287
6d 0 
fr 641905
ts 42263.330972
6d 0 
fr 641906
ts 42263.347634
6d 0 
fr 641907
ts 42263.364309
6d 0 
fr 641908
ts 42263.380971
6d 0 
fr 641909
ts 42263.397639
6d 0 
fr 641910
ts 42263.414302
6d 0 
fr 641911
ts 42263.430958
6d 0 
fr 641912
ts 42263.447625
6d 0 
fr 641913
ts 42263.464275
6d 0 
fr 641914
ts 42263.480941
6d 0 
fr 641915
ts 42263.497586
6d 0 
fr 641916
ts 42263.514250
6d 0 
fr 641917
ts 42263.530892
6d 0 
fr 641918
ts 42263.547554
6d 0 
fr 641919
ts 42263.564234
6d 0 
fr 641920
ts 42263.580902
6d 0 
fr 641921
ts 42263.597576
6d 0 
fr 641922
ts 42263.614242
6d 0 
fr 641923
ts 42263.630912
6d 0 
fr 641924
ts 42263.647575
6d 0 
fr 641925
ts 42263.664236
6d 0 
fr 641926
ts 42263.680903
6d 0 
fr 641927
ts 42263.697556
6d 0 
fr 641928
ts 42263.714223
6d 0 
fr 641929
ts 42263.730873
6d 0 
fr 641930
ts 42263.747536
6d 0 
fr 641931
ts 42263.764175
6d 0 
fr 641932
ts 42263.780841
6d 0 
fr 641933
ts 42263.797526
6d 0 
fr 641934
ts 42263.814192
6d 0 
fr 641935
ts 42263.830870
6d 0 
fr 641936
ts 42263.847536
6d 0 
fr 641937
ts 42263.864208
6d 0 
fr 641938
ts 42263.880875
6d 0 
fr 641939
ts 42263.897543
6d 0 
fr 641940
ts 42263.914206
6d 0 
fr 641941
ts 42263.930864
6d 0 
fr 641942
ts 42263.947528
6d 0 
fr 641943
ts 42263.964183
6d 0 
fr 641944
ts 42263.980845
6d 0 
fr 641945
ts 42263.997488
6d 0 
fr 641946
ts 42264.014154
6d 0 
fr 641947
ts 42264.030796
6d 0 
fr 641948
ts 42264.047457
6d 0 
fr 641949
ts 42264.064144
6d 0 
fr 641950
ts 42264.080806
6d 0 
fr 641951
ts 42264.097481
6d 0 
fr 641952
ts 42264.114147
6d 0 
fr 641953
ts 42264.130815
6d 0 
fr 641954
ts 42264.147480
6d 0 
fr 641955
ts 42264.164142
6d 0 
fr 641956
ts 42264.180808
6d 0 
fr 641957
ts 42264.197465
6d 0 
fr 641958
ts 42264.214128
6d 0 
fr 641959
ts 42264.230776
6d 0 
fr 641960
ts 42264.247441
6d 0 
fr 641961
ts 42264.264087
6d 0 
fr 641962
ts 42264.280748
6d 0 
fr 641963
ts 42264.297433
6d 0 
fr 641964
ts 42264.314100
6d 0 
fr 641965
ts 42264.330779
6d 0 
fr 641966
ts 42264.347444
6d 0 
fr 641967
ts 42264.364116
6d 0 
fr 641968
ts 42264.380782
6d 0 
fr 641969
ts 42264.397451
6d 0 
fr 641970
ts 42264.414114
6d 0 
fr 641971
ts 42264.430771
6d 0 
fr 641972
ts 42264.447434
6d 0 
fr 641973
ts 42264.464088
6d 0 
fr 641974
ts 42264.480753
6d 0 
fr 641975
ts 42264.497402
6d 0 
fr 641976
ts 42264.514061
6d 0 
fr 641977
ts 42264.530701
6d 0 
fr 641978
ts 42264.547366
6d 0 
fr 641979
ts 42264.564050
6d 0 
fr 641980
ts 42264.580715
6d 0 
fr 641981
ts 42264.597385
6d 0 
fr 641982
ts 42264.614056
6d 0 
fr 641983
ts 42264.630724
6d 0 
fr 641984
ts 42264.647393
6d 0 
fr 641985
ts 42264.664053
6d 0 
fr 641986
ts 42264.680718
6d 0 
fr 641987
ts 42264.697373
6d 0 
fr 641988
ts 42264.714039
6d 0 
fr 641989
ts 42264.730686
6d 0 
fr 641990
ts 42264.747352
6d 0 
fr 641991
ts 42264.763993
6d 0 
fr 641992
ts 42264.780659
6d 0 
fr 641993
ts 42264.797345
6d 0 
fr 641994
ts 42264.814011
6d 0 
fr 641995
ts 42264.830690
6d 0 
fr 641996
ts 42264.847356
6d 0 
fr 641997
ts 42264.864028
6d 0 
fr 641998
ts 42264.880694
6d 0 
fr 641999
ts 42264.897359
6d 0 
fr 642000
ts 42264.914025
6d 0 
fr 642001
ts 42264.930683
6d 0 
fr 642002
ts 42264.947349
6d 0 
fr 642003
ts 42264.964001
6d 0 
fr 642004
ts 42264.980666
6d 0 
fr 642005
ts 42264.997315
6d 0 
fr 642006
ts 42265.013976
6d 0 
fr 642007
ts 42265.030619
6d 0 
fr 642008
ts 42265.047280
6d 0 
fr 642009
ts 42265.063964
6d 0 
fr 642010
ts 42265.080628
6d 0 
fr 642011
ts 42265.097305
6d 0 
fr 642012
ts 42265.113970
6d 0 
fr 642013
ts 42265.130639
6d 0 
fr 642014
ts 42265.147305
6d 0 
fr 642015
ts 42265.163967
6d 0 
fr 642016
ts 42265.180632
6d 0 
fr 642017
ts 42265.197288
6d 0 
fr 642018
ts 42265.213954
6d 0 
fr 642019
ts 42265.230601
6d 0 
fr 642020
ts 42265.247267
6d 0 
fr 642021
ts 42265.263908
6d 0 
fr 642022
ts 42265.280574
6d 0 
fr 642023
ts 42265.297261
6d 0 
fr 642024
ts 42265.313928
6d 0 
fr 642025
ts 42265.330606
6d 0 
fr 642026
ts 42265.347272
6d 0 
fr 642027
ts 42265.363944
6d 0 
fr 642028
ts 42265.380610
6d 0 
fr 642029
ts 42265.397275
6d 0 
fr 642030
ts 42265.413942
6d 0 
fr 642031
ts 42265.430600
6d 0 
fr 642032
ts 42265.447266
6d 0 
fr 642033
ts 42265.463917
6d 0 
fr 642034
ts 42265.480584
6d 0 
fr 642035
ts 42265.497228
6d 0 
fr 642036
ts 42265.513894
6d 0 
fr 642037
ts 42265.530532
6d 0 
fr 642038
ts 42265.547198
6d 0 
fr 642039
ts 42265.563881
6d 0 
fr 642040
ts 42265.580548
6d 0 
fr 642041
ts 42265.597223
6d 0 
fr 642042
ts 42265.613889
6d 0 
fr 642043
ts 42265.630559
6d 0 
fr 642044
ts 42265.647224
6d 0 
fr 642045
ts 42265.663885
6d 0 
fr 642046
ts 42265.680552
6d 0 
fr 642047
ts 42265.697211
6d 0 
fr 642048
ts 42265.713873
6d 0 
fr 642049
ts 42265.730525
6d 0 
fr 642050
ts 42265.747187
6d 0 
fr 642051
ts 42265.763828
6d 0 
fr 642052
ts 42265.780495
6d 0 
fr 642053
ts 42265.797185
6d 0 
fr 642054
ts 42265.813847
6d 0 
fr 642055
ts 42265.830526
6d 0 
fr 642056
ts 42265.847193
6d 0 
fr 642057
ts 42265.863869
6d 0 
fr 642058
ts 42265.880531
6d 0 
fr 642059
ts 42265.897200
6d 0 
fr 642060
ts 42265.913863
6d 0 
fr 642061
ts 42265.930525
6d 0 
fr 642062
ts 42265.947188
6d 0 
fr 642063
ts 42265.963839
6d 0 
fr 642064
ts 42265.980506
6d 0 
fr 642065
ts 42265.997149
6d 0 
fr 642066
ts 42266.013816
6d 0 
fr 642067
ts 42266.030453
6d 0 
fr 642068
ts 42266.047120
6d 0 
fr 642069
ts 42266.063802
6d 0 
fr 642070
ts 42266.080469
6d 0 
fr 642071
ts 42266.097145
6d 0 
fr 642072
ts 42266.113810
6d 0 
fr 642073
ts 42266.130480
6d 0 
fr 642074
ts 42266.147145
6d 0 
fr 642075
ts 42266.163808
6d 0 
fr 642076
ts 42266.180474
6d 0 
fr 642077
ts 42266.197133
6d 0 
fr 642078
ts 42266.213795
6d 0 
fr 642079
ts 42266.230444
6d 0 
fr 642080
ts 42266.247109
6d 0 
fr 642081
ts 42266.263755
6d 0 
fr 642082
ts 42266.280415
6d 0 
fr 642083
ts 42266.297104
6d 0 
fr 642084
ts 42266.313770
6d 0 
fr 642085
ts 42266.330455
6d 0 
fr 642086
ts 42266.347116
6d 0 
fr 642087
ts 42266.363793
6d 0 
fr 642088
ts 42266.380454
6d 0 
fr 642089
ts 42266.397122
6d 0 
fr 642090
ts 42266.413788
6d 0 
fr 642091
ts 42266.430449
6d 0 
fr 642092
ts 42266.447111
6d 0 
fr 642093
ts 42266.463768
6d 0 
fr 642094
ts 42266.480430
6d 0 
fr 642095
ts 42266.497079
6d 0 
fr 642096
ts 42266.513741
6d 0 
fr 642097
ts 42266.530379
6d 0 
fr 642098
ts 42266.547045
6d 0 
fr 642099
ts 42266.563733
6d 0 
fr 642100
ts 42266.580394
6d 0 
fr 642101
ts 42266.597071
6d 0 
fr 642102
ts 42266.613736
6d 0 
fr 642103
ts 42266.630406
6d 0 
fr 642104
ts 42266.647072
6d 0 
fr 642105
ts 42266.663735
6d 0 
fr 642106
ts 42266.680400
6d 0 
fr 642107
ts 42266.697061
6d 0 
fr 642108
ts 42266.713722
6d 0 
fr 642109
ts 42266.730372
6d 0 
fr 642110
ts 42266.747037
6d 0 
fr 642111
ts 42266.763683
6d 0 
fr 642112
ts 42266.780345
6d 0 
fr 642113
ts 42266.797036
6d 0 
fr 642114
ts 42266.813698
6d 0 
fr 642115
ts 42266.830378
6d 0 
fr 642116
ts 42266.847044
6d 0 
fr 642117
ts 42266.863721
6d 0 
fr 642118
ts 42266.880383
6d 0 
fr 642119
ts 42266.897053
6d 0 
fr 642120
ts 42266.913715
6d 0 
fr 642121
ts 42266.930378
6d 0 
fr 642122
ts 42266.947040
6d 0 
fr 642123
ts 42266.963697
6d 0 
fr 642124
ts 42266.980359
6d 0 
fr 642125
ts 42266.997008
6d 0 
fr 642126
ts 42267.013669
6d 0 
fr 642127
ts 42267.030308
6d 0 
fr 642128
ts 42267.046974
6d 0 
fr 642129
ts 42267.063658
6d 0 
fr 642130
ts 42267.080324
6d 0 
fr 642131
ts 42267.097001
6d 0 
fr 642132
ts 42267.113666
6d 0 
fr 642133
ts 42267.130340
6d 0 
fr 642134
ts 42267.147002
6d 0 
fr 642135
ts 42267.163661
6d 0 
fr 642136
ts 42267.180330
6d 0 
fr 642137
ts 42267.196989
6d 0 
fr 642138
ts 42267.213652
6d 0 
fr 642139
ts 42267.230302
6d 0 
fr 642140
ts 42267.246968
6d 0 
fr 642141
ts 42267.263614
6d 0 
fr 642142
ts 42267.280276
6d 0 
fr 642143
ts 42267.296967
6d 0 
fr 642144
ts 42267.313629
6d 0 
fr 642145
ts 42267.330314
6d 0 
fr 642146
ts 42267.346975
6d 0 
fr 642147
ts 42267.363653
6d 0 
fr 642148
ts 42267.380315
6d 0 
fr 642149
ts 42267.396985
6d 0 
fr 642150
ts 42267.413647
6d 0 
fr 642151
ts 42267.430310
6d 0 
fr 642152
ts 42267.446971
6d 0 
fr 642153
ts 42267.463629
6d 0 
fr 642154
ts 42267.480290
6d 0 
fr 642155
ts 42267.496936
6d 0 
fr 642156
ts 42267.513601
6d 0 
fr 642157
ts 42267.530236
6d 0 
fr 642158
ts 42267.546906
6d 0 
fr 642159
ts 42267.563595
6d 0 
fr 642160
ts 42267.580257
6d 0 
fr 642161
ts 42267.596938
6d 0 
fr 642162
ts 42267.613600
6d 0 
fr 642163
ts 42267.630274
6d 0 
fr 642164
ts 42267.646935
6d 0 
fr 642165
ts 42267.663603
6d 0 
fr 642166
ts 42267.680264
6d 0 
fr 642167
ts 42267.696925
6d 0 
fr 642168
ts 42267.713587
6d 0 
fr 642169
ts 42267.730240
6d 0 
fr 642170
ts 42267.746901
6d 0 
fr 642171
ts 42267.763548
6d 0 
fr 642172
ts 42267.780210
6d 0 
fr 642173
ts 42267.796901
6d 0 
fr 642174
ts 42267.813564
6d 0 
fr 642175
ts 42267.830248
6d 0 
fr 642176
ts 42267.846910
6d 0 
fr 642177
ts 42267.863588
6d 0 
fr 642178
ts 42267.880249
6d 0 
fr 642179
ts 42267.896921
6d 0 
fr 642180
ts 42267.913581
6d 0 
fr 642181
ts 42267.930246
6d 0 
fr 642182
ts 42267.946907
6d 0 
fr 642183
ts 42267.963564
6d 0 
fr 642184
ts 42267.980226
6d 0 
fr 642185
ts 42267.996876
6d 0 
fr 642186
ts 42268.013538
6d 0 
fr 642187
ts 42268.030181
6d 0 
fr 642188
ts 42268.046843
6d 0 
fr 642189
ts 42268.063528
6d 0 
fr 642190
ts 42268.080193
6d 0 
fr 642191
ts 42268.096874
6d 0 
fr 642192
ts 42268.113536
6d 0 
fr 642193
ts 42268.130210
6d 0 
fr 642194
ts 42268.146872
6d 0 
fr 642195
ts 42268.163535
6d 0 
fr 642196
ts 42268.180201
6d 0 
fr 642197
ts 42268.196861
6d 0 
fr 642198
ts 42268.213523
6d 0 
fr 642199
ts 42268.230178
6d 0 
fr 642200
ts 42268.246839
6d 0 
fr 642201
ts 42268.263486
6d 1 [12 1.000][-1765.988 -823.249 820.210 17.3817 -11.9980 178.3157][-0.977732 0.090124 -0.189518 -0.028751 -0.952098 -0.304437 -0.207877 -0.292209 0.933489] 
fr 642202
ts 42268.280145
6d 1 [12 1.000][-1772.550 -987.209 795.581 21.3870 -8.5651 -163.3162][-0.947220 -0.215296 -0.237531 0.283888 -0.907533 -0.309502 -0.148933 -0.360599 0.920754] 
fr 642203
ts 42268.296840
6d 1 [12 1.000][-1769.533 -1038.425 798.446 25.8706 -8.1358 -159.6292][-0.928024 -0.255320 -0.271262 0.344591 -0.865004 -0.364726 -0.141521 -0.431949 0.890726] 
fr 642204
ts 42268.313501
6d 1 [12 1.000][-1761.831 -1060.836 805.697 28.4769 -7.0753 -159.7124][-0.930821 -0.249695 -0.266879 0.344093 -0.844843 -0.409684 -0.123174 -0.473173 0.872316] 
fr 642205
ts 42268.330186
6d 1 [12 1.000][-1753.251 -1078.890 814.888 30.8431 -6.6180 -160.7842][-0.937993 -0.226786 -0.262177 0.326935 -0.830186 -0.451558 -0.115249 -0.509273 0.852853] 
fr 642206
ts 42268.346848
6d 1 [12 1.000][-1744.268 -1097.900 824.958 32.4596 -6.5191 -162.5791][-0.947962 -0.194476 -0.252086 0.297453 -0.823310 -0.483407 -0.113534 -0.533235 0.838314] 
fr 642207
ts 42268.363526
6d 1 [12 1.000][-1735.241 -1117.594 833.396 33.8749 -6.6147 -164.9646][-0.959337 -0.153374 -0.236959 0.257689 -0.818489 -0.513490 -0.115192 -0.553672 0.824729] 
fr 642208
ts 42268.380187
6d 1 [12 1.000][-1726.418 -1138.320 842.154 35.0175 -6.8183 -167.4059][-0.969037 -0.112086 -0.220010 0.216501 -0.814125 -0.538820 -0.118722 -0.569769 0.813184] 
fr 642209
ts 42268.396859
6d 1 [12 1.000][-1718.151 -1159.102 851.137 35.9479 -7.2928 -169.1692][-0.974241 -0.078930 -0.211247 0.186390 -0.809133 -0.557281 -0.126940 -0.582300 0.803002] 
fr 642210
ts 42268.413520
6d 1 [12 1.000][-1709.520 -1179.152 859.914 36.8275 -7.7777 -169.9392][-0.975565 -0.059962 -0.211371 0.173087 -0.802306 -0.571267 -0.135330 -0.593893 0.793080] 
fr 642211
ts 42268.430184
6d 1 [12 1.000][-1701.755 -1202.823 873.802 38.1781 -10.0200 -169.7042][-0.968891 -0.034685 -0.245045 0.176004 -0.792657 -0.583710 -0.173991 -0.608680 0.774103] 
fr 642212
ts 42268.446846
6d 1 [12 1.000][-1691.930 -1225.726 883.865 39.3458 -11.0660 -169.1575][-0.963887 -0.025956 -0.265045 0.184613 -0.782419 -0.594759 -0.191939 -0.622211 0.758955] 
fr 642213
ts 42268.463504
6d 1 [12 1.000][-1680.713 -1249.061 892.535 39.9491 -11.5904 -168.6425][-0.960425 -0.024488 -0.277459 0.192915 -0.777008 -0.599201 -0.200914 -0.629014 0.750983] 
fr 642214
ts 42268.480165
6d 1 [12 1.000][-1668.254 -1272.573 899.556 40.5180 -12.0090 -168.3362][-0.957918 -0.021303 -0.286251 0.197743 -0.771833 -0.604294 -0.208065 -0.635468 0.743565] 
fr 642215
ts 42268.496815
6d 1 [12 1.000][-1654.988 -1297.623 907.388 40.7874 -12.5404 -168.1456][-0.955325 -0.016721 -0.295084 0.200524 -0.770129 -0.605551 -0.217127 -0.637669 0.739076] 
fr 642216
ts 42268.513476
6d 1 [12 1.000][-1641.469 -1322.214 914.795 40.2684 -13.2030 -168.0938][-0.952622 -0.012965 -0.303880 0.200857 -0.777068 -0.596508 -0.228402 -0.629284 0.742856] 
fr 642217
ts 42268.530120
6d 1 [12 1.000][-1626.936 -1346.813 922.470 40.4549 -13.9077 -167.2589][-0.946782 -0.015700 -0.321491 0.214080 -0.776576 -0.592537 -0.240359 -0.629828 0.738609] 
fr 642218
ts 42268.546782
6d 0 
fr 642219
ts 42268.563470
6d 0 
fr 642220
ts 42268.580133
6d 0 
fr 642221
ts 42268.596814
6d 0 
fr 642222
ts 42268.613475
6d 0 
fr 642223
ts 42268.630150
6d 0 
fr 642224
ts 42268.646812
6d 0 
fr 642225
ts 42268.663480
6d 0 
fr 642226
ts 42268.680141
6d 0 
fr 642227
ts 42268.696802
6d 0 
fr 642228
ts 42268.713463
6d 0 
fr 642229
ts 42268.730117
6d 0 
fr 642230
ts 42268.746774
6d 0 
fr 642231
ts 42268.763425
6d 0 
fr 642232
ts 42268.780088
6d 0 
fr 642233
ts 42268.796780
6d 0 
fr 642234
ts 42268.813441
6d 0 
fr 642235
ts 42268.830127
6d 0 
fr 642236
ts 42268.846789
6d 0 
fr 642237
ts 42268.863466
6d 0 
fr 642238
ts 42268.880129
6d 0 
fr 642239
ts 42268.896800
6d 0 
fr 642240
ts 42268.913462
6d 0 
fr 642241
ts 42268.930125
6d 0 
fr 642242
ts 42268.946787
6d 0 
fr 642243
ts 42268.963444
6d 0 
fr 642244
ts 42268.980101
6d 0 
fr 642245
ts 42268.996757
6d 0 
fr 642246
ts 42269.013418
6d 0 
fr 642247
ts 42269.030058
6d 0 
fr 642248
ts 42269.046724
6d 0 
fr 642249
ts 42269.063413
6d 0 
fr 642250
ts 42269.080074
6d 0 
fr 642251
ts 42269.096752
6d 0 
fr 642252
ts 42269.113418
6d 0 
fr 642253
ts 42269.130093
6d 0 
fr 642254
ts 42269.146754
6d 0 
fr 642255
ts 42269.163419
6d 0 
fr 642256
ts 42269.180083
6d 0 
fr 642257
ts 42269.196745
6d 0 
fr 642258
ts 42269.213407
6d 0 
fr 642259
ts 42269.230057
6d 0 
fr 642260
ts 42269.246723
6d 0 
fr 642261
ts 42269.263370
6d 0 
fr 642262
ts 42269.280033
6d 0 
fr 642263
ts 42269.296724
6d 0 
fr 642264
ts 42269.313385
6d 0 
fr 642265
ts 42269.330071
6d 0 
fr 642266
ts 42269.346733
6d 0 
fr 642267
ts 42269.363411
6d 0 
fr 642268
ts 42269.380072
6d 0 
fr 642269
ts 42269.396740
6d 0 
fr 642270
ts 42269.413406
6d 0 
fr 642271
ts 42269.430070
6d 0 
fr 642272
ts 42269.446732
6d 0 
fr 642273
ts 42269.463385
6d 0 
fr 642274
ts 42269.480051
6d 0 
fr 642275
ts 42269.496702
6d 0 
fr 642276
ts 42269.513363
6d 0 
fr 642277
ts 42269.530006
6d 0 
fr 642278
ts 42269.546669
6d 0 
fr 642279
ts 42269.563358
6d 0 
fr 642280
ts 42269.580020
6d 0 
fr 642281
ts 42269.596697
6d 0 
fr 642282
ts 42269.613363
6d 0 
fr 642283
ts 42269.630039
6d 0 
fr 642284
ts 42269.646699
6d 0 
fr 642285
ts 42269.663368
6d 0 
fr 642286
ts 42269.680030
6d 0 
fr 642287
ts 42269.696691
6d 0 
fr 642288
ts 42269.713352
6d 0 
fr 642289
ts 42269.730007
6d 0 
fr 642290
ts 42269.746668
6d 0 
fr 642291
ts 42269.763316
6d 0 
fr 642292
ts 42269.779977
6d 0 
fr 642293
ts 42269.796670
6d 0 
fr 642294
ts 42269.813331
6d 0 
fr 642295
ts 42269.830018
6d 0 
fr 642296
ts 42269.846679
6d 0 
fr 642297
ts 42269.863358
6d 0 
fr 642298
ts 42269.880019
6d 0 
fr 642299
ts 42269.896686
6d 0 
fr 642300
ts 42269.913352
6d 0 
fr 642301
ts 42269.930017
6d 0 
fr 642302
ts 42269.946678
6d 0 
fr 642303
ts 42269.963336
6d 0 
fr 642304
ts 42269.979998
6d 0 
fr 642305
ts 42269.996649
6d 0 
fr 642306
ts 42270.013311
6d 0 
fr 642307
ts 42270.029955
6d 0 
fr 642308
ts 42270.046619
6d 0 
fr 642309
ts 42270.063306
6d 0 
fr 642310
ts 42270.079966
6d 0 
fr 642311
ts 42270.096645
6d 0 
fr 642312
ts 42270.113311
6d 0 
fr 642313
ts 42270.129986
6d 0 
fr 642314
ts 42270.146647
6d 0 
fr 642315
ts 42270.163312
6d 0 
fr 642316
ts 42270.179977
6d 0 
fr 642317
ts 42270.196639
6d 0 
fr 642318
ts 42270.213301
6d 0 
fr 642319
ts 42270.229952
6d 0 
fr 642320
ts 42270.246617
6d 0 
fr 642321
ts 42270.263265
6d 0 
fr 642322
ts 42270.279928
6d 0 
fr 642323
ts 42270.296619
6d 0 
fr 642324
ts 42270.313281
6d 0 
fr 642325
ts 42270.329962
6d 0 
fr 642326
ts 42270.346629
6d 0 
fr 642327
ts 42270.363306
6d 0 
fr 642328
ts 42270.379968
6d 0 
fr 642329
ts 42270.396640
6d 0 
fr 642330
ts 42270.413302
6d 0 
fr 642331
ts 42270.429967
6d 0 
fr 642332
ts 42270.446629
6d 0 
fr 642333
ts 42270.463286
6d 0 
fr 642334
ts 42270.479948
6d 0 
fr 642335
ts 42270.496599
6d 0 
fr 642336
ts 42270.513261
6d 0 
fr 642337
ts 42270.529906
6d 0 
fr 642338
ts 42270.546567
6d 0 
fr 642339
ts 42270.563256
6d 0 
fr 642340
ts 42270.579918
6d 0 
fr 642341
ts 42270.596596
6d 0 
fr 642342
ts 42270.613262
6d 0 
fr 642343
ts 42270.629937
6d 0 
fr 642344
ts 42270.646599
6d 0 
fr 642345
ts 42270.663264
6d 0 
fr 642346
ts 42270.679929
6d 0 
fr 642347
ts 42270.696590
6d 0 
fr 642348
ts 42270.713252
6d 0 
fr 642349
ts 42270.729907
6d 0 
fr 642350
ts 42270.746568
6d 0 
fr 642351
ts 42270.763216
6d 0 
fr 642352
ts 42270.779878
6d 0 
fr 642353
ts 42270.796571
6d 0 
fr 642354
ts 42270.813233
6d 0 
fr 642355
ts 42270.829918
6d 0 
fr 642356
ts 42270.846580
6d 0 
fr 642357
ts 42270.863259
6d 0 
fr 642358
ts 42270.879921
6d 0 
fr 642359
ts 42270.896592
6d 0 
fr 642360
ts 42270.913254
6d 0 
fr 642361
ts 42270.929919
6d 0 
fr 642362
ts 42270.946580
6d 0 
fr 642363
ts 42270.963238
6d 0 
fr 642364
ts 42270.979901
6d 0 
fr 642365
ts 42270.996552
6d 0 
fr 642366
ts 42271.013213
6d 0 
fr 642367
ts 42271.029857
6d 0 
fr 642368
ts 42271.046520
6d 0 
fr 642369
ts 42271.063209
6d 0 
fr 642370
ts 42271.079871
6d 0 
fr 642371
ts 42271.096553
6d 0 
fr 642372
ts 42271.113215
6d 0 
fr 642373
ts 42271.129890
6d 0 
fr 642374
ts 42271.146552
6d 0 
fr 642375
ts 42271.163221
6d 0 
fr 642376
ts 42271.179882
6d 0 
fr 642377
ts 42271.196543
6d 0 
fr 642378
ts 42271.213206
6d 0 
fr 642379
ts 42271.229861
6d 0 
fr 642380
ts 42271.246522
6d 0 
fr 642381
ts 42271.263169
6d 0 
fr 642382
ts 42271.279832
6d 0 
fr 642383
ts 42271.296473
6d 0 
fr 642384
ts 42271.313134
6d 0 
fr 642385
ts 42271.329820
6d 0 
fr 642386
ts 42271.346480
6d 0 
fr 642387
ts 42271.363161
6d 0 
fr 642388
ts 42271.379823
6d 0 
fr 642389
ts 42271.396495
6d 0 
fr 642390
ts 42271.413157
6d 0 
fr 642391
ts 42271.429823
6d 0 
fr 642392
ts 42271.446483
6d 0 
fr 642393
ts 42271.463142
6d 0 
fr 642394
ts 42271.479804
6d 0 
fr 642395
ts 42271.496456
6d 0 
fr 642396
ts 42271.513117
6d 0 
fr 642397
ts 42271.529762
6d 0 
fr 642398
ts 42271.546423
6d 0 
fr 642399
ts 42271.563114
6d 0 
fr 642400
ts 42271.579775
6d 0 
fr 642401
ts 42271.596453
6d 0 
fr 642402
ts 42271.613119
6d 0 
fr 642403
ts 42271.629795
6d 0 
fr 642404
ts 42271.646457
6d 0 
fr 642405
ts 42271.663122
6d 0 
fr 642406
ts 42271.679787
6d 0 
fr 642407
ts 42271.696450
6d 0 
fr 642408
ts 42271.713111
6d 0 
fr 642409
ts 42271.729762
6d 0 
fr 642410
ts 42271.746428
6d 0 
fr 642411
ts 42271.763072
6d 0 
fr 642412
ts 42271.779738
6d 0 
fr 642413
ts 42271.796375
6d 0 
fr 642414
ts 42271.813040
6d 0 
fr 642415
ts 42271.829728
6d 0 
fr 642416
ts 42271.846389
6d 0 
fr 642417
ts 42271.863068
6d 0 
fr 642418
ts 42271.879730
6d 0 
fr 642419
ts 42271.896403
6d 0 
fr 642420
ts 42271.913064
6d 0 
fr 642421
ts 42271.929730
6d 0 
fr 642422
ts 42271.946391
6d 0 
fr 642423
ts 42271.963051
6d 0 
fr 642424
ts 42271.979713
6d 0 
fr 642425
ts 42271.996364
6d 0 
fr 642426
ts 42272.013025
6d 0 
fr 642427
ts 42272.029666
6d 0 
fr 642428
ts 42272.046332
6d 0 
fr 642429
ts 42272.063022
6d 0 
fr 642430
ts 42272.079684
6d 0 
fr 642431
ts 42272.096363
6d 0 
fr 642432
ts 42272.113028
6d 0 
fr 642433
ts 42272.129705
6d 0 
fr 642434
ts 42272.146366
6d 0 
fr 642435
ts 42272.163032
6d 0 
fr 642436
ts 42272.179697
6d 0 
fr 642437
ts 42272.196356
6d 1 [12 1.000][-72.119 -865.398 1672.193 2.7753 -5.4894 52.3838][0.607570 0.788361 0.096673 -0.788484 0.613322 -0.046133 -0.095661 -0.048196 0.994246] 
fr 642438
ts 42272.213022
6d 1 [12 1.000][294.207 -746.734 1848.223 -5.6961 -2.9080 21.4036][0.929834 0.367822 0.010780 -0.364466 0.924598 -0.110830 -0.050732 0.099125 0.993781] 
fr 642439
ts 42272.229673
6d 1 [12 1.000][372.651 -716.129 1885.123 -7.0493 -1.7668 16.8870][0.956425 0.291910 -0.006370 -0.290347 0.948547 -0.126320 -0.030832 0.122665 0.991969] 
fr 642440
ts 42272.246338
6d 1 [12 1.000][382.743 -706.171 1888.908 -6.8000 -0.9932 18.4507][0.948454 0.316210 -0.021147 -0.316442 0.941274 -0.117765 -0.017334 0.118387 0.992816] 
fr 642441
ts 42272.262987
6d 1 [12 1.000][377.177 -700.601 1885.544 -6.2573 -0.3773 21.1938][0.932343 0.360039 -0.033301 -0.361516 0.926549 -0.103988 -0.006585 0.108991 0.994021] 
fr 642442
ts 42272.279649
6d 1 [12 1.000][368.816 -695.119 1881.113 -5.6188 0.0721 23.9235][0.914087 0.403456 -0.040849 -0.405517 0.909746 -0.088989 0.001259 0.097909 0.995195] 
fr 642443
ts 42272.296286
6d 1 [12 1.000][360.230 -688.521 1876.749 -5.2710 0.3281 26.2292][0.897018 0.439623 -0.045717 -0.441956 0.893472 -0.079887 0.005726 0.091865 0.995755] 
fr 642444
ts 42272.312952
6d 1 [12 1.000][352.082 -681.239 1872.767 -4.6443 0.4334 28.1357][0.881808 0.469473 -0.044830 -0.471548 0.879226 -0.067847 0.007563 0.080968 0.996688] 
fr 642445
ts 42272.329635
6d 1 [12 1.000][344.235 -673.075 1869.492 -4.0352 0.4520 29.6410][0.869115 0.492855 -0.041641 -0.494548 0.867262 -0.057269 0.007889 0.070367 0.997490] 
fr 642446
ts 42272.346301
6d 1 [12 1.000][336.495 -663.326 1866.916 -3.5449 0.2409 30.5430][0.861241 0.506988 -0.035035 -0.508180 0.859733 -0.051119 0.004204 0.061829 0.998078] 
fr 642447
ts 42272.362980
6d 1 [12 1.000][328.687 -652.226 1865.379 -3.2320 -0.0794 31.0269][0.856925 0.514687 -0.027874 -0.515440 0.855522 -0.049027 -0.001387 0.056380 0.998408] 
fr 642448
ts 42272.379642
6d 1 [12 1.000][320.918 -639.555 1864.666 -2.9804 -0.4187 31.0089][0.857064 0.514800 -0.020532 -0.515158 0.855732 -0.048324 -0.007307 0.051994 0.998621] 
fr 642449
ts 42272.396315
6d 1 [12 1.000][313.324 -625.904 1864.752 -3.0800 -0.8126 30.6076][0.860588 0.509076 -0.015168 -0.509104 0.859043 -0.053454 -0.014183 0.053724 0.998455] 
fr 642450
ts 42272.412977
6d 1 [12 1.000][306.389 -611.685 1865.278 -3.0985 -1.0683 29.8796][0.866924 0.498324 -0.010786 -0.498092 0.865305 -0.056142 -0.018644 0.054043 0.998365] 
fr 642451
ts 42272.429642
6d 1 [12 1.000][299.877 -597.278 1865.780 -2.9774 -1.3519 28.8893][0.875311 0.483540 -0.004465 -0.482985 0.873781 -0.056861 -0.023593 0.051928 0.998372] 
fr 642452
ts 42272.446304
6d 1 [12 1.000][293.839 -582.636 1866.126 -3.0382 -1.7527 27.6381][0.885481 0.464669 0.002470 -0.463668 0.883898 -0.061122 -0.030585 0.052978 0.998127] 
fr 642453
ts 42272.462963
6d 1 [12 1.000][288.647 -568.314 1866.638 -3.1951 -2.0955 26.3953][0.895149 0.445696 0.007924 -0.444264 0.893450 -0.066155 -0.036565 0.055699 0.997778] 
fr 642454
ts 42272.479625
6d 1 [12 1.000][284.539 -554.804 1866.739 -3.0989 -2.3540 25.2078][0.904006 0.427288 0.014085 -0.425542 0.902501 -0.066379 -0.041074 0.054013 0.997695] 
fr 642455
ts 42272.496277
6d 1 [12 1.000][281.524 -541.875 1866.991 -3.0088 -2.3965 24.0432][0.912440 0.408868 0.016748 -0.407069 0.911085 -0.064947 -0.041814 0.052443 0.997748] 
fr 642456
ts 42272.512938
6d 1 [12 1.000][279.314 -529.079 1866.953 -2.8735 -2.4344 22.8717][0.920546 0.390142 0.019603 -0.388318 0.919392 -0.062678 -0.042476 0.050086 0.997841] 
fr 642457
ts 42272.529584
6d 1 [12 1.000][277.333 -516.466 1866.875 -2.7310 -2.4404 21.7249][0.928129 0.371614 0.021874 -0.369814 0.927166 -0.060005 -0.042580 0.047603 0.997958] 
fr 642458
ts 42272.546245
6d 1 [12 1.000][275.815 -503.252 1867.076 -2.8253 -2.4199 20.5171][0.935732 0.352010 0.022221 -0.350174 0.934700 -0.060944 -0.042223 0.049247 0.997894] 
fr 642459
ts 42272.562936
6d 1 [12 1.000][274.580 -489.930 1867.290 -2.9172 -2.4102 19.4631][0.942022 0.334785 0.022641 -0.332904 0.940922 -0.061979 -0.042053 0.050848 0.997821] 
fr 642460
ts 42272.579597
6d 1 [12 1.000][273.347 -476.619 1868.353 -3.3583 -2.3521 18.4998][0.947526 0.319036 0.020265 -0.317033 0.945934 -0.068552 -0.041040 0.058530 0.997442] 
fr 642461
ts 42272.596277
6d 1 [12 1.000][272.791 -463.217 1869.161 -3.7082 -2.3556 17.7396][0.951646 0.306585 0.019359 -0.304434 0.949647 -0.074096 -0.041101 0.064620 0.997063] 
fr 642462
ts 42272.612942
6d 1 [12 1.000][272.336 -449.933 1870.038 -4.0778 -2.4424 16.9627][0.955626 0.293909 0.019912 -0.291484 0.953189 -0.080418 -0.042616 0.071046 0.996562] 
fr 642463
ts 42272.629615
6d 1 [12 1.000][272.468 -437.226 1870.768 -4.3281 -2.5592 16.4262][0.958228 0.285206 0.021367 -0.282498 0.955496 -0.084978 -0.044652 0.075393 0.996154] 
fr 642464
ts 42272.646281
6d 1 [12 1.000][272.866 -425.007 1871.707 -4.5059 -2.6267 15.8920][0.960769 0.276441 0.022429 -0.273537 0.957821 -0.088070 -0.045829 0.078480 0.995862] 
fr 642465
ts 42272.662951
6d 1 [12 1.000][273.482 -413.518 1872.800 -4.6409 -2.6529 15.3883][0.963116 0.268100 0.023008 -0.265075 0.959995 -0.090252 -0.046285 0.080824 0.995653] 
fr 642466
ts 42272.679611
6d 1 [12 1.000][274.353 -402.436 1873.804 -4.6892 -2.7031 14.9437][0.965105 0.260732 0.024332 -0.257583 0.961951 -0.091107 -0.047160 0.081660 0.995544] 
fr 642467
ts 42272.696275
6d 1 [12 1.000][275.287 -391.561 1874.768 -4.6648 -2.6983 14.4791][0.967166 0.252905 0.025097 -0.249749 0.964075 -0.090475 -0.047077 0.081236 0.995582] 
fr 642468
ts 42272.712936
6d 1 [12 1.000][276.108 -381.140 1875.287 -4.5905 -2.7880 14.0308][0.969017 0.245443 0.027634 -0.242157 0.966110 -0.089401 -0.048640 0.079939 0.995612] 
fr 642469
ts 42272.729587
6d 1 [12 1.000][276.923 -370.656 1875.914 -4.6118 -2.8886 13.5501][0.970930 0.237476 0.029994 -0.233998 0.968069 -0.089936 -0.050394 0.080303 0.995496] 
fr 642470
ts 42272.746254
6d 1 [12 1.000][278.042 -360.399 1876.037 -4.5888 -2.9625 13.2986][0.971884 0.233312 0.031732 -0.229718 0.969114 -0.089708 -0.051682 0.079897 0.995462] 
fr 642471
ts 42272.762898
6d 1 [12 1.000][279.348 -350.338 1875.849 -4.5476 -3.0692 13.1076][0.972549 0.230202 0.034001 -0.226456 0.969917 -0.089326 -0.053541 0.079174 0.995422] 
fr 642472
ts 42272.779565
6d 1 [12 1.000][281.006 -339.890 1875.323 -4.5055 -3.1050 12.9087][0.973296 0.226855 0.035086 -0.223070 0.970765 -0.088633 -0.054167 0.078439 0.995446] 
fr 642473
ts 42272.796202
6d 1 [12 1.000][282.856 -329.733 1874.311 -4.4446 -3.2242 12.8194][0.973531 0.225461 0.037481 -0.221528 0.971175 -0.088005 -0.056242 0.077373 0.995415] 
fr 642474
ts 42272.812868
6d 1 [12 1.000][284.865 -319.443 1872.844 -4.4764 -3.3549 12.5944][0.974266 0.221840 0.039921 -0.217674 0.971965 -0.088891 -0.058521 0.077914 0.995241] 
fr 642475
ts 42272.829551
6d 1 [12 1.000][287.220 -309.533 1870.993 -4.4252 -3.5165 12.4194][0.974761 0.219047 0.043127 -0.214662 0.972670 -0.088503 -0.061335 0.077012 0.995142] 
fr 642476
ts 42272.846218
6d 1 [12 1.000][289.861 -299.913 1868.816 -4.2853 -3.6699 12.1406][0.975630 0.214400 0.046685 -0.209880 0.973895 -0.086476 -0.064007 0.074570 0.995159] 
fr 642477
ts 42272.862892
6d 1 [12 1.000][292.691 -290.695 1866.578 -4.1348 -3.7800 11.7772][0.976819 0.208229 0.049653 -0.203663 0.975430 -0.084007 -0.065926 0.071947 0.995227] 
fr 642478
ts 42272.879559
6d 1 [12 1.000][295.645 -281.498 1864.465 -4.1341 -3.9630 11.2754][0.978354 0.199903 0.053506 -0.195058 0.977173 -0.084178 -0.069112 0.071919 0.995013] 
fr 642479
ts 42272.896228
6d 1 [12 1.000][298.841 -272.190 1862.516 -4.2182 -4.2052 10.7216][0.979898 0.190832 0.058169 -0.185536 0.978878 -0.085876 -0.073329 0.073357 0.994606] 
fr 642480
ts 42272.912894
6d 1 [12 1.000][302.489 -263.346 1860.988 -4.1784 -4.3873 10.2485][0.981162 0.182930 0.062115 -0.177397 0.980438 -0.085275 -0.076499 0.072650 0.994419] 
fr 642481
ts 42272.929555
6d 1 [12 1.000][306.679 -254.712 1859.650 -4.0720 -4.6000 9.7241][0.982458 0.174091 0.066854 -0.168360 0.982182 -0.083501 -0.080199 0.070781 0.994263] 
fr 642482
ts 42272.946221
6d 1 [12 1.000][310.968 -246.920 1858.875 -3.5725 -4.8129 9.3754][0.983163 0.167743 0.072470 -0.162327 0.983873 -0.075120 -0.083902 0.062091 0.994538] 
fr 642483
ts 42272.962876
6d 1 [12 1.000][315.284 -239.021 1859.335 -3.2998 -5.0186 9.0989][0.983631 0.162849 0.077132 -0.157533 0.984983 -0.070648 -0.087479 0.057340 0.994515] 
fr 642484
ts 42272.979542
6d 1 [12 1.000][319.562 -230.523 1860.395 -3.0456 -5.3059 8.7340][0.984169 0.156488 0.083205 -0.151196 0.986262 -0.066536 -0.092474 0.052903 0.994309] 
fr 642485
ts 42272.996190
6d 1 [12 1.000][324.106 -221.560 1861.740 -2.9271 -5.5961 8.3895][0.984584 0.150637 0.088894 -0.145206 0.987282 -0.064728 -0.097514 0.050822 0.993936] 
fr 642486
ts 42273.012856
6d 1 [12 1.000][328.310 -213.038 1863.171 -2.7689 -5.8621 7.9607][0.985184 0.143219 0.094341 -0.137770 0.988524 -0.061970 -0.102134 0.048055 0.993609] 
fr 642487
ts 42273.029497
6d 1 [12 1.000][332.889 -204.801 1864.329 -2.3719 -6.0183 7.4881][0.986007 0.134511 0.098470 -0.129602 0.990057 -0.054685 -0.104847 0.041158 0.993636] 
fr 642488
ts 42273.046164
6d 1 [12 1.000][337.654 -196.715 1865.265 -2.0642 -6.0946 7.0616][0.986805 0.126652 0.100868 -0.122241 0.991300 -0.048789 -0.106170 0.035815 0.993703] 
fr 642489
ts 42273.062850
6d 1 [12 1.000][341.781 -188.638 1866.314 -1.6215 -6.0996 6.5844][0.987780 0.117607 0.102270 -0.114017 0.992662 -0.040289 -0.106257 0.028137 0.993940] 
fr 642490
ts 42273.079517
6d 1 [12 1.000][345.860 -179.953 1867.197 -1.3865 -6.1465 6.0285][0.988753 0.107569 0.103907 -0.104419 0.993907 -0.035305 -0.107072 0.024058 0.993960] 
fr 642491
ts 42273.096195
6d 1 [12 1.000][349.900 -170.694 1868.000 -1.2940 -6.1579 5.4383][0.989755 0.097161 0.104619 -0.094227 0.995015 -0.032644 -0.107269 0.022452 0.993976] 
fr 642492
ts 42273.112862
6d 1 [12 1.000][353.344 -161.314 1868.540 -1.2787 -6.1733 4.7458][0.990793 0.085106 0.105295 -0.082255 0.996125 -0.031135 -0.107536 0.022187 0.993954] 
fr 642493
ts 42273.129533
6d 1 [12 1.000][356.669 -152.210 1868.897 -1.1521 -6.2023 4.1087][0.991592 0.073802 0.106299 -0.071230 0.997073 -0.027795 -0.108039 0.019989 0.993946] 
fr 642494
ts 42273.146200
6d 1 [12 1.000][359.392 -143.446 1869.276 -1.0402 -6.1588 3.4450][0.992432 0.062025 0.105982 -0.059744 0.997911 -0.024567 -0.107284 0.018049 0.994065] 
fr 642495
ts 42273.162864
6d 1 [12 1.000][361.522 -135.082 1869.651 -1.0147 -6.1565 2.7626][0.993077 0.050088 0.106249 -0.047920 0.998590 -0.022856 -0.107244 0.017607 0.994077] 
fr 642496
ts 42273.179531
6d 1 [12 1.000][362.881 -127.099 1869.941 -1.0439 -6.1663 2.0389][0.993585 0.037527 0.106681 -0.035372 0.999131 -0.022027 -0.107415 0.018112 0.994049] 
fr 642497
ts 42273.196189
6d 1 [12 1.000][363.821 -119.307 1870.108 -1.0477 -6.2348 1.2814][0.993837 0.024345 0.108150 -0.022231 0.999538 -0.020708 -0.108604 0.018176 0.993919] 
fr 642498
ts 42273.212856
