fr 75435
ts 34286.561329
6d 1 [12 1.000][-1955.544 -69.663 719.182 -173.2653 -0.5800 103.6120][-0.235334 -0.965485 -0.111612 -0.971862 0.232569 0.037369 -0.010122 0.117266 -0.993049] 
fr 75436
ts 34286.577990
6d 1 [12 1.000][-1955.526 -69.724 719.242 -173.2767 -0.5790 103.6142][-0.235372 -0.965497 -0.111423 -0.971853 0.232615 0.037311 -0.010105 0.117069 -0.993072] 
fr 75437
ts 34286.594679
6d 1 [12 1.000][-1955.552 -69.723 719.207 -173.3010 -0.5413 103.6139][-0.235367 -0.965528 -0.111168 -0.971861 0.232700 0.036577 -0.009447 0.116649 -0.993128] 
fr 75438
ts 34286.611341
6d 0 
fr 75439
ts 34286.628022
6d 0 
fr 75440
ts 34286.644684
6d 0 
fr 75441
ts 34286.661359
6d 0 
fr 75442
ts 34286.678020
6d 0 
fr 75443
ts 34286.694688
6d 0 
fr 75444
ts 34286.711350
6d 0 
fr 75445
ts 34286.728009
6d 0 
fr 75446
ts 34286.744673
6d 0 
fr 75447
ts 34286.761326
6d 0 
fr 75448
ts 34286.777987
6d 0 
fr 75449
ts 34286.794634
6d 0 
fr 75450
ts 34286.811296
6d 0 
fr 75451
ts 34286.827984
6d 0 
fr 75452
ts 34286.844650
6d 0 
fr 75453
ts 34286.861335
6d 1 [12 1.000][-1955.561 -69.729 719.208 -173.3122 -0.4747 103.6127][-0.235350 -0.965523 -0.111250 -0.971875 0.232818 0.035407 -0.008286 0.116454 -0.993161] 
fr 75454
ts 34286.877997
6d 1 [12 1.000][-1955.582 -69.745 719.271 -173.3051 -0.4856 103.6143][-0.235376 -0.965508 -0.111325 -0.971868 0.232819 0.035623 -0.008476 0.116579 -0.993145] 
fr 75455
ts 34286.894674
6d 1 [12 1.000][-1955.587 -69.717 719.175 -173.2667 -0.6267 103.6217][-0.235495 -0.965471 -0.111392 -0.971814 0.232639 0.038170 -0.010938 0.117241 -0.993043] 
fr 75456
ts 34286.911336
6d 1 [12 1.000][-1955.609 -69.730 719.172 -173.2524 -0.6015 103.6274][-0.235595 -0.965407 -0.111732 -0.971795 0.232777 0.037815 -0.010498 0.117490 -0.993019] 
fr 75457
ts 34286.928004
6d 1 [12 1.000][-1955.536 -69.498 719.099 -173.2397 -0.6471 103.6321][-0.235672 -0.965386 -0.111757 -0.971767 0.232756 0.038644 -0.011294 0.117709 -0.992984] 
fr 75458
ts 34286.944669
6d 1 [12 1.000][-1955.526 -69.470 718.976 -173.2262 -0.6649 103.6332][-0.235689 -0.965363 -0.111911 -0.971759 0.232730 0.039000 -0.011604 0.117942 -0.992953] 
fr 75459
ts 34286.961333
6d 1 [12 1.000][-1955.585 -69.410 718.924 -173.2214 -0.5855 103.6384][-0.235781 -0.965294 -0.112312 -0.971753 0.232973 0.037692 -0.010218 0.118026 -0.992958] 
fr 75460
ts 34286.977994
6d 0 
fr 75461
ts 34286.994652
6d 0 
fr 75462
ts 34287.011313
6d 1 [12 1.000][-1955.750 -69.206 718.979 -173.2920 -0.5181 103.6570][-0.236100 -0.965324 -0.111386 -0.971687 0.233467 0.036306 -0.009043 0.116804 -0.993114] 
fr 75463
ts 34287.027964
6d 0 
fr 75464
ts 34287.044626
6d 0 
fr 75465
ts 34287.061270
6d 0 
fr 75466
ts 34287.077931
6d 0 
fr 75467
ts 34287.094620
6d 0 
fr 75468
ts 34287.111281
6d 0 
fr 75469
ts 34287.127964
6d 1 [12 1.000][-1955.363 -69.580 719.325 -173.4273 -0.5727 103.6521][-0.236013 -0.965630 -0.108887 -0.971698 0.233362 0.036666 -0.009996 0.114459 -0.993378] 
fr 75470
ts 34287.144625
6d 0 
fr 75471
ts 34287.161300
6d 0 
fr 75472
ts 34287.177961
6d 1 [12 1.000][-1955.586 -69.589 719.313 -173.3612 -0.4861 103.6561][-0.236086 -0.965446 -0.110353 -0.971695 0.233558 0.035483 -0.008483 0.115607 -0.993259] 
fr 75473
ts 34287.194629
6d 1 [12 1.000][-1955.597 -69.553 719.157 -173.2577 -0.5734 103.6619][-0.236180 -0.965264 -0.111735 -0.971658 0.233416 0.037388 -0.010008 0.117399 -0.993034] 
fr 75474
ts 34287.211290
6d 0 
fr 75475
ts 34287.227952
6d 0 
fr 75476
ts 34287.244613
6d 1 [12 1.000][-1955.540 -69.616 719.127 -173.2221 -0.6572 103.6592][-0.236130 -0.965246 -0.111993 -0.971654 0.233180 0.038937 -0.011469 0.118013 -0.992946] 
fr 75477
ts 34287.261264
6d 1 [12 1.000][-1955.532 -69.554 719.023 -173.2241 -0.6307 103.6589][-0.236126 -0.965238 -0.112068 -0.971660 0.233229 0.038483 -0.011008 0.117979 -0.992955] 
fr 75478
ts 34287.277929
6d 1 [12 1.000][-1955.528 -69.474 718.993 -173.2425 -0.6326 103.6557][-0.236073 -0.965288 -0.111752 -0.971673 0.233185 0.038433 -0.011040 0.117659 -0.992993] 
fr 75479
ts 34287.294577
6d 1 [12 1.000][-1955.543 -69.512 719.040 -173.2451 -0.6040 103.6537][-0.236040 -0.965288 -0.111827 -0.971686 0.233209 0.037937 -0.010541 0.117615 -0.993003] 
fr 75480
ts 34287.311238
6d 0 
fr 75481
ts 34287.327931
6d 0 
fr 75482
ts 34287.344592
6d 1 [12 1.000][-1955.539 -69.549 719.139 -173.2735 -0.4976 103.6467][-0.235925 -0.965320 -0.111789 -0.971732 0.233322 0.036016 -0.008684 0.117126 -0.993079] 
fr 75483
ts 34287.361277
6d 1 [12 1.000][-1955.545 -69.691 719.202 -173.2952 -0.4778 103.6379][-0.235777 -0.965388 -0.111509 -0.971771 0.233227 0.035578 -0.008340 0.116750 -0.993126] 
fr 75484
ts 34287.377939
6d 0 
fr 75485
ts 34287.394618
6d 0 
fr 75486
ts 34287.411279
6d 0 
fr 75487
ts 34287.427950
6d 0 
fr 75488
ts 34287.444611
6d 0 
fr 75489
ts 34287.461276
6d 0 
fr 75490
ts 34287.477938
6d 0 
fr 75491
ts 34287.494595
6d 0 
fr 75492
ts 34287.511257
6d 0 
fr 75493
ts 34287.527907
6d 0 
fr 75494
ts 34287.544569
6d 0 
fr 75495
ts 34287.561213
6d 1 [12 1.000][-1955.315 -69.700 719.306 -173.4155 -0.5516 103.6309][-0.235655 -0.965684 -0.109185 -0.971789 0.233038 0.036318 -0.009627 0.114664 -0.993358] 
fr 75496
ts 34287.577875
6d 1 [12 1.000][-1955.252 -69.733 719.343 -173.4250 -0.5789 103.6243][-0.235543 -0.965741 -0.108918 -0.971811 0.232881 0.036727 -0.010104 0.114498 -0.993372] 
fr 75497
ts 34287.594564
6d 1 [12 1.000][-1955.462 -69.791 719.333 -173.3872 -0.5201 103.6197][-0.235466 -0.965661 -0.109797 -0.971840 0.232893 0.035881 -0.009078 0.115154 -0.993306] 
fr 75498
ts 34287.611225
6d 1 [12 1.000][-1955.525 -69.820 719.331 -173.3857 -0.4980 103.6157][-0.235400 -0.965663 -0.109916 -0.971860 0.232869 0.035508 -0.008692 0.115181 -0.993306] 
fr 75499
ts 34287.627907
6d 0 
fr 75500
ts 34287.644569
6d 0 
fr 75501
ts 34287.661244
6d 0 
fr 75502
ts 34287.677905
6d 1 [12 1.000][-1955.533 -69.813 719.337 -173.3795 -0.4741 103.6092][-0.235290 -0.965667 -0.110122 -0.971890 0.232802 0.035116 -0.008274 0.115288 -0.993298] 
fr 75503
ts 34287.694574
6d 1 [12 1.000][-1955.572 -69.480 718.989 -173.2695 -0.5239 103.6156][-0.235397 -0.965451 -0.111769 -0.971856 0.232743 0.036416 -0.009144 0.117195 -0.993067] 
fr 75504
ts 34287.711235
6d 1 [12 1.000][-1955.560 -69.401 718.894 -173.2480 -0.6197 103.6391][-0.235791 -0.965360 -0.111724 -0.971744 0.232934 0.038161 -0.010815 0.117565 -0.993006] 
fr 75505
ts 34287.727895
6d 1 [12 1.000][-1955.561 -69.508 718.990 -173.2868 -0.6224 103.6289][-0.235618 -0.965478 -0.111065 -0.971785 0.232782 0.038029 -0.010862 0.116892 -0.993085] 
fr 75506
ts 34287.744560
6d 1 [12 1.000][-1955.546 -69.547 719.129 -173.3207 -0.5663 103.6249][-0.235552 -0.965533 -0.110726 -0.971811 0.232848 0.036940 -0.009884 0.116306 -0.993164] 
fr 75507
ts 34287.761212
6d 1 [12 1.000][-1955.566 -69.605 719.169 -173.3143 -0.5031 103.6237][-0.235536 -0.965495 -0.111094 -0.971826 0.232949 0.035898 -0.008780 0.116419 -0.993161] 
fr 75508
ts 34287.777874
6d 1 [12 1.000][-1955.566 -69.495 719.051 -173.3019 -0.5683 103.6277][-0.235600 -0.965487 -0.111033 -0.971799 0.232879 0.037055 -0.009919 0.116632 -0.993126] 
fr 75509
ts 34287.794521
6d 0 
fr 75510
ts 34287.811179
6d 0 
fr 75511
ts 34287.827875
6d 1 [12 1.000][-1955.573 -69.502 719.089 -173.3230 -0.5437 103.6281][-0.235608 -0.965514 -0.110777 -0.971802 0.232949 0.036555 -0.009489 0.116266 -0.993173] 
fr 75512
ts 34287.844537
6d 1 [12 1.000][-1955.542 -69.566 719.184 -173.3266 -0.5362 103.6255][-0.235565 -0.965528 -0.110750 -0.971814 0.232922 0.036410 -0.009358 0.116205 -0.993181] 
fr 75513
ts 34287.861218
6d 1 [12 1.000][-1955.543 -69.662 719.234 -173.3286 -0.5280 103.6244][-0.235547 -0.965532 -0.110750 -0.971819 0.232921 0.036262 -0.009216 0.116170 -0.993187] 
fr 75514
ts 34287.877884
6d 1 [12 1.000][-1955.554 -69.770 719.280 -173.3367 -0.4179 103.6204][-0.235482 -0.965512 -0.111066 -0.971851 0.233075 0.034365 -0.007293 0.116032 -0.993219] 
fr 75515
ts 34287.894563
6d 0 
fr 75516
ts 34287.911224
6d 0 
fr 75517
ts 34287.927896
6d 0 
fr 75518
ts 34287.944557
6d 1 [12 1.000][-1955.556 -69.767 719.278 -173.3414 -0.4177 103.6163][-0.235413 -0.965537 -0.110990 -0.971868 0.233010 0.034335 -0.007290 0.115951 -0.993228] 
fr 75519
ts 34287.961222
6d 0 
fr 75520
ts 34287.977883
6d 0 
fr 75521
ts 34287.994541
6d 1 [12 1.000][-1955.556 -69.506 719.019 -173.3255 -0.4937 103.6198][-0.235470 -0.965528 -0.110946 -0.971843 0.232909 0.035687 -0.008617 0.116225 -0.993186] 
fr 75522
ts 34288.011202
6d 1 [12 1.000][-1955.558 -69.514 719.090 -173.3097 -0.5377 103.6201][-0.235473 -0.965518 -0.111031 -0.971836 0.232817 0.036494 -0.009385 0.116497 -0.993147] 
fr 75523
ts 34288.027854
6d 1 [12 1.000][-1955.557 -69.601 719.039 -173.2758 -0.6597 103.6277][-0.235596 -0.965480 -0.111099 -0.971783 0.232681 0.038700 -0.011513 0.117082 -0.993056] 
fr 75524
ts 34288.044510
6d 1 [12 1.000][-1955.555 -69.687 719.133 -173.2671 -0.6576 103.6337][-0.235698 -0.965438 -0.111252 -0.971759 0.232780 0.038712 -0.011477 0.117234 -0.993038] 
fr 75525
ts 34288.061160
6d 0 
fr 75526
ts 34288.077821
6d 0 
fr 75527
ts 34288.094510
6d 1 [12 1.000][-1955.556 -69.769 719.218 -173.2782 -0.5515 103.6337][-0.235702 -0.965408 -0.111498 -0.971778 0.232998 0.036879 -0.009625 0.117044 -0.993080] 
fr 75528
ts 34288.111171
6d 1 [12 1.000][-1955.563 -69.772 719.217 -173.2944 -0.4747 103.6327][-0.235689 -0.965406 -0.111539 -0.971793 0.233145 0.035518 -0.008285 0.116764 -0.993125] 
fr 75529
ts 34288.127850
6d 1 [12 1.000][-1955.563 -69.771 719.246 -173.3007 -0.4545 103.6283][-0.235615 -0.965427 -0.111517 -0.971814 0.233115 0.035144 -0.007933 0.116655 -0.993141] 
fr 75530
ts 34288.144515
6d 1 [12 1.000][-1955.568 -69.753 719.280 -173.3617 -0.4571 103.6290][-0.235626 -0.965544 -0.110478 -0.971811 0.233158 0.034940 -0.007977 0.115597 -0.993264] 
fr 75531
ts 34288.161191
6d 1 [12 1.000][-1955.564 -69.445 718.979 -173.3009 -0.5390 103.6321][-0.235676 -0.965453 -0.111166 -0.971786 0.233011 0.036574 -0.009407 0.116650 -0.993129] 
fr 75532
ts 34288.177852
6d 1 [12 1.000][-1955.557 -69.559 718.966 -173.1763 -0.7044 103.6384][-0.235775 -0.965264 -0.112586 -0.971730 0.232703 0.039879 -0.012294 0.118805 -0.992841] 
fr 75533
ts 34288.194521
6d 0 
fr 75534
ts 34288.211182
6d 0 
fr 75535
ts 34288.227844
6d 0 
fr 75536
ts 34288.244507
6d 0 
fr 75537
ts 34288.261156
6d 0 
fr 75538
ts 34288.277821
6d 0 
fr 75539
ts 34288.294469
6d 1 [12 1.000][-1955.279 -69.682 719.151 -173.2976 -0.6297 103.6304][-0.235643 -0.965497 -0.110853 -0.971777 0.232800 0.038112 -0.010990 0.116705 -0.993106] 
fr 75540
ts 34288.311130
6d 0 
fr 75541
ts 34288.327824
6d 0 
fr 75542
ts 34288.344484
6d 0 
fr 75543
ts 34288.361171
6d 1 [12 1.000][-1955.482 -69.716 719.189 -173.2942 -0.5526 103.6304][-0.235646 -0.965453 -0.111226 -0.971791 0.232950 0.036827 -0.009644 0.116767 -0.993113] 
fr 75544
ts 34288.377832
6d 1 [12 1.000][-1955.536 -69.766 719.174 -173.2900 -0.5263 103.6317][-0.235670 -0.965427 -0.111402 -0.971790 0.233023 0.036403 -0.009186 0.116838 -0.993108] 
fr 75545
ts 34288.394511
6d 1 [12 1.000][-1955.581 -69.764 719.243 -173.3003 -0.4576 103.6314][-0.235667 -0.965415 -0.111510 -0.971801 0.233160 0.035204 -0.007987 0.116662 -0.993140] 
fr 75546
ts 34288.411172
6d 1 [12 1.000][-1955.573 -69.473 718.963 -173.2906 -0.5643 103.6340][-0.235708 -0.965437 -0.111235 -0.971774 0.232987 0.037046 -0.009850 0.116828 -0.993103] 
fr 75547
ts 34288.427844
6d 1 [12 1.000][-1955.524 -69.377 718.982 -173.2897 -0.6353 103.6387][-0.235783 -0.965450 -0.110958 -0.971742 0.232924 0.038254 -0.011087 0.116843 -0.993089] 
fr 75548
ts 34288.444505
6d 0 
fr 75549
ts 34288.461171
6d 0 
fr 75550
ts 34288.477832
6d 1 [12 1.000][-1955.737 -69.142 719.023 -173.2939 -0.5575 103.6792][-0.236474 -0.965256 -0.111179 -0.971589 0.233764 0.037005 -0.009730 0.116771 -0.993111] 
fr 75551
ts 34288.494489
6d 1 [12 1.000][-1955.786 -69.115 718.972 -173.2927 -0.5466 103.7339][-0.237402 -0.965025 -0.111209 -0.971365 0.234705 0.036934 -0.009541 0.116793 -0.993111] 
fr 75552
ts 34288.511151
6d 0 
fr 75553
ts 34288.527802
6d 0 
fr 75554
ts 34288.544464
6d 1 [12 1.000][-1955.665 -69.232 718.989 -173.2931 -0.5759 103.7072][-0.236948 -0.965149 -0.111099 -0.971470 0.234198 0.037372 -0.010051 0.116785 -0.993106] 
fr 75555
ts 34288.561108
6d 1 [12 1.000][-1955.642 -69.313 718.942 -173.2854 -0.5825 103.7014][-0.236850 -0.965161 -0.111206 -0.971493 0.234083 0.037505 -0.010167 0.116919 -0.993089] 
fr 75556
ts 34288.577770
6d 0 
fr 75557
ts 34288.594458
6d 0 
fr 75558
ts 34288.611121
6d 0 
fr 75559
ts 34288.627803
6d 1 [12 1.000][-1955.575 -69.413 718.971 -173.2935 -0.5727 103.6833][-0.236543 -0.965246 -0.111120 -0.971570 0.233802 0.037272 -0.009996 0.116777 -0.993108] 
fr 75560
ts 34288.644465
6d 1 [12 1.000][-1955.575 -69.553 719.113 -173.2978 -0.5473 103.6302][-0.235644 -0.965458 -0.111186 -0.971792 0.232961 0.036723 -0.009553 0.116703 -0.993121] 
fr 75561
ts 34288.661140
6d 1 [12 1.000][-1955.571 -69.626 719.133 -173.3047 -0.5247 103.6337][-0.235704 -0.965447 -0.111160 -0.971782 0.233068 0.036321 -0.009158 0.116584 -0.993139] 
fr 75562
ts 34288.677802
6d 1 [12 1.000][-1955.661 -69.208 719.091 -173.3125 -0.5053 103.6792][-0.236476 -0.965267 -0.111079 -0.971597 0.233878 0.036050 -0.008819 0.116449 -0.993158] 
fr 75563
ts 34288.694470
6d 0 
fr 75564
ts 34288.711132
6d 0 
fr 75565
ts 34288.727792
6d 1 [12 1.000][-1955.652 -69.260 719.012 -173.3096 -0.5325 103.6800][-0.236488 -0.965271 -0.111017 -0.971590 0.233836 0.036522 -0.009294 0.116500 -0.993147] 
fr 75566
ts 34288.744457
6d 1 [12 1.000][-1955.660 -69.312 718.975 -173.3037 -0.5957 103.6825][-0.236528 -0.965280 -0.110855 -0.971569 0.233749 0.037616 -0.010397 0.116601 -0.993124] 
fr 75567
ts 34288.761109
6d 1 [12 1.000][-1955.623 -69.434 718.997 -173.3021 -0.5507 103.6784][-0.236461 -0.965272 -0.111069 -0.971593 0.233769 0.036855 -0.009611 0.116629 -0.993129] 
fr 75568
ts 34288.777771
6d 1 [12 1.000][-1955.551 -69.452 718.982 -173.2954 -0.6344 103.6744][-0.236390 -0.965315 -0.110841 -0.971595 0.233532 0.038284 -0.011072 0.116743 -0.993100] 
fr 75569
ts 34288.794415
6d 1 [12 1.000][-1955.552 -69.566 718.991 -173.2979 -0.5775 103.6673][-0.236271 -0.965322 -0.111038 -0.971635 0.233525 0.037302 -0.010079 0.116701 -0.993116] 
fr 75570
ts 34288.811080
6d 0 
fr 75571
ts 34288.827773
6d 0 
fr 75572
ts 34288.844435
6d 1 [12 1.000][-1955.528 -69.632 719.087 -173.3008 -0.4949 103.6570][-0.236100 -0.965330 -0.111333 -0.971690 0.233517 0.035879 -0.008637 0.116652 -0.993135] 
fr 75573
ts 34288.861121
6d 1 [12 1.000][-1955.545 -69.733 719.209 -173.3102 -0.4806 103.6256][-0.235568 -0.965469 -0.111253 -0.971822 0.233022 0.035539 -0.008388 0.116490 -0.993156] 
fr 75574
ts 34288.877783
6d 1 [12 1.000][-1955.532 -69.779 719.279 -173.3406 -0.4946 103.6170][-0.235422 -0.965570 -0.110688 -0.971855 0.232869 0.035635 -0.008632 0.115962 -0.993216] 
fr 75575
ts 34288.894457
6d 1 [12 1.000][-1955.527 -69.387 718.986 -173.3139 -0.5382 103.6358][-0.235738 -0.965462 -0.110949 -0.971771 0.233082 0.036515 -0.009393 0.116425 -0.993155] 
fr 75576
ts 34288.911123
6d 1 [12 1.000][-1955.534 -69.505 719.050 -173.3155 -0.5858 103.6351][-0.235725 -0.965491 -0.110727 -0.971766 0.232978 0.037309 -0.010224 0.116396 -0.993150] 
fr 75577
ts 34288.927794
6d 1 [12 1.000][-1955.541 -69.414 718.951 -173.3068 -0.5854 103.6330][-0.235689 -0.965483 -0.110878 -0.971775 0.232937 0.037334 -0.010217 0.116547 -0.993133] 
fr 75578
ts 34288.944456
6d 1 [12 1.000][-1955.532 -69.475 718.973 -173.3031 -0.5877 103.6320][-0.235673 -0.965480 -0.110930 -0.971778 0.232915 0.037386 -0.010258 0.116610 -0.993125] 
fr 75579
ts 34288.961121
6d 1 [12 1.000][-1955.524 -69.546 719.088 -173.3031 -0.5762 103.6288][-0.235618 -0.965488 -0.110980 -0.971794 0.232883 0.037185 -0.010056 0.116611 -0.993127] 
fr 75580
ts 34288.977782
6d 1 [12 1.000][-1955.522 -69.652 719.177 -173.3067 -0.5564 103.6242][-0.235541 -0.965504 -0.111003 -0.971816 0.232847 0.036827 -0.009710 0.116549 -0.993137] 
fr 75581
ts 34288.994440
6d 1 [12 1.000][-1955.522 -69.725 719.218 -173.3144 -0.4750 103.6214][-0.235496 -0.965492 -0.111208 -0.971840 0.232965 0.035419 -0.008289 0.116418 -0.993166] 
fr 75582
ts 34289.011103
6d 1 [12 1.000][-1955.521 -69.762 719.295 -173.3267 -0.4745 103.6164][-0.235412 -0.965536 -0.111006 -0.971860 0.232890 0.035352 -0.008282 0.116205 -0.993191] 
fr 75583
ts 34289.027754
6d 1 [12 1.000][-1955.521 -69.749 719.269 -173.3356 -0.4567 103.6128][-0.235352 -0.965559 -0.110931 -0.971878 0.232869 0.035010 -0.007971 0.116051 -0.993211] 
fr 75584
ts 34289.044415
6d 0 
fr 75585
ts 34289.061060
6d 0 
fr 75586
ts 34289.077721
6d 1 [12 1.000][-1955.555 -69.813 719.304 -173.3670 -0.4558 103.6098][-0.235302 -0.965631 -0.110406 -0.971890 0.232841 0.034860 -0.007955 0.115505 -0.993275] 
fr 75587
ts 34289.094410
6d 1 [12 1.000][-1955.566 -69.801 719.273 -173.3467 -0.4276 103.6033][-0.235192 -0.965605 -0.110867 -0.971920 0.232774 0.034455 -0.007463 0.115858 -0.993238] 
fr 75588
ts 34289.111071
6d 1 [12 1.000][-1955.572 -69.841 719.248 -173.3527 -0.4196 103.6010][-0.235152 -0.965622 -0.110801 -0.971931 0.232754 0.034291 -0.007323 0.115754 -0.993251] 
fr 75589
ts 34289.127755
6d 1 [12 1.000][-1955.577 -69.831 719.269 -173.3552 -0.4114 103.5999][-0.235135 -0.965628 -0.110793 -0.971936 0.232754 0.034141 -0.007180 0.115712 -0.993257] 
fr 75590
ts 34289.144416
6d 0 
fr 75591
ts 34289.161092
6d 0 
fr 75592
ts 34289.177753
6d 1 [12 1.000][-1955.573 -69.438 719.012 -173.3239 -0.5859 103.6102][-0.235302 -0.965609 -0.110602 -0.971868 0.232563 0.037228 -0.010225 0.116251 -0.993167] 
fr 75593
ts 34289.194422
6d 1 [12 1.000][-1955.552 -69.511 719.092 -173.3179 -0.5988 103.6353][-0.235727 -0.965501 -0.110633 -0.971763 0.232957 0.037518 -0.010451 0.116353 -0.993153] 
fr 75594
ts 34289.211083
6d 1 [12 1.000][-1955.556 -69.564 719.175 -173.3380 -0.5162 103.6182][-0.235442 -0.965570 -0.110644 -0.971847 0.232846 0.036013 -0.009010 0.116008 -0.993207] 
fr 75595
ts 34289.227742
6d 1 [12 1.000][-1955.559 -69.651 719.234 -173.3397 -0.4853 103.6220][-0.235507 -0.965543 -0.110739 -0.971836 0.232971 0.035492 -0.008470 0.115979 -0.993216] 
fr 75596
ts 34289.244409
6d 1 [12 1.000][-1955.563 -69.676 719.271 -173.3498 -0.4564 103.6208][-0.235488 -0.965554 -0.110687 -0.971845 0.233014 0.034961 -0.007965 0.115804 -0.993240] 
fr 75597
ts 34289.261062
6d 1 [12 1.000][-1955.562 -69.420 718.984 -173.3366 -0.5285 103.6262][-0.235576 -0.965541 -0.110612 -0.971812 0.232955 0.036241 -0.009224 0.116032 -0.993203] 
fr 75598
ts 34289.277723
6d 1 [12 1.000][-1955.560 -69.493 719.080 -173.3334 -0.6298 103.6321][-0.235672 -0.965559 -0.110248 -0.971770 0.232853 0.037970 -0.010991 0.116085 -0.993179] 
fr 75599
ts 34289.294371
6d 1 [12 1.000][-1955.555 -69.556 719.087 -173.3279 -0.5746 103.6340][-0.235707 -0.965514 -0.110565 -0.971772 0.232990 0.037068 -0.010029 0.116181 -0.993177] 
fr 75600
ts 34289.311032
6d 1 [12 1.000][-1955.553 -69.707 719.180 -173.3234 -0.5646 103.6320][-0.235673 -0.965509 -0.110684 -0.971783 0.232973 0.036913 -0.009853 0.116260 -0.993170] 
fr 75601
ts 34289.327674
6d 1 [12 1.000][-1955.553 -69.708 719.195 -173.3229 -0.4646 103.6283][-0.235615 -0.965475 -0.111102 -0.971813 0.233108 0.035224 -0.008109 0.116270 -0.993185] 
fr 75602
ts 34289.344337
6d 1 [12 1.000][-1955.557 -69.749 719.271 -173.3293 -0.4575 103.6283][-0.235615 -0.965484 -0.111023 -0.971814 0.233126 0.035077 -0.007984 0.116158 -0.993199] 
fr 75603
ts 34289.361022
6d 1 [12 1.000][-1955.559 -69.768 719.236 -173.3273 -0.4482 103.6265][-0.235585 -0.965483 -0.111096 -0.971822 0.233113 0.034926 -0.007823 0.116194 -0.993196] 
fr 75604
ts 34289.377683
6d 1 [12 1.000][-1955.558 -69.750 719.254 -173.3288 -0.4492 103.6243][-0.235548 -0.965495 -0.111069 -0.971831 0.233075 0.034932 -0.007839 0.116168 -0.993199] 
fr 75605
ts 34289.394363
6d 1 [12 1.000][-1955.546 -69.756 719.273 -173.3347 -0.4620 103.6188][-0.235454 -0.965535 -0.110919 -0.971852 0.232961 0.035114 -0.008064 0.116065 -0.993209] 
fr 75606
ts 34289.411024
6d 1 [12 1.000][-1955.512 -69.771 719.311 -173.3396 -0.4720 103.6140][-0.235371 -0.965569 -0.110800 -0.971871 0.232862 0.035254 -0.008239 0.115981 -0.993217] 
fr 75607
ts 34289.427697
6d 1 [12 1.000][-1955.534 -69.779 719.329 -173.3450 -0.4832 103.6138][-0.235368 -0.965586 -0.110663 -0.971870 0.232841 0.035419 -0.008433 0.115886 -0.993227] 
fr 75608
ts 34289.444358
6d 1 [12 1.000][-1955.537 -69.791 719.327 -173.3484 -0.4783 103.6130][-0.235354 -0.965593 -0.110627 -0.971874 0.232838 0.035321 -0.008348 0.115828 -0.993234] 
fr 75609
ts 34289.461024
6d 1 [12 1.000][-1955.540 -69.798 719.250 -173.3470 -0.4760 103.6145][-0.235380 -0.965583 -0.110658 -0.971868 0.232868 0.035291 -0.008308 0.115851 -0.993232] 
fr 75610
ts 34289.477684
6d 1 [12 1.000][-1955.542 -69.801 719.294 -173.3491 -0.4710 103.6111][-0.235323 -0.965599 -0.110646 -0.971883 0.232822 0.035191 -0.008220 0.115816 -0.993237] 
fr 75611
ts 34289.494343
6d 1 [12 1.000][-1955.549 -69.781 719.305 -173.3482 -0.4748 103.6128][-0.235352 -0.965592 -0.110644 -0.971875 0.232843 0.035263 -0.008287 0.115831 -0.993234] 
fr 75612
ts 34289.511005
6d 1 [12 1.000][-1955.553 -69.746 719.250 -173.3483 -0.4731 103.6127][-0.235350 -0.965592 -0.110649 -0.971876 0.232844 0.035233 -0.008257 0.115829 -0.993235] 
fr 75613
ts 34289.527656
6d 1 [12 1.000][-1955.558 -69.798 719.278 -173.3491 -0.4696 103.6122][-0.235341 -0.965594 -0.110651 -0.971878 0.232843 0.035170 -0.008196 0.115816 -0.993237] 
fr 75614
ts 34289.544318
6d 1 [12 1.000][-1955.555 -69.800 719.265 -173.3496 -0.4651 103.6117][-0.235333 -0.965594 -0.110661 -0.971881 0.232844 0.035092 -0.008118 0.115807 -0.993239] 
fr 75615
ts 34289.560963
6d 1 [12 1.000][-1955.560 -69.770 719.306 -173.3516 -0.4617 103.6113][-0.235325 -0.965598 -0.110642 -0.971883 0.232844 0.035025 -0.008058 0.115773 -0.993243] 
fr 75616
ts 34289.577624
6d 1 [12 1.000][-1955.562 -69.773 719.293 -173.3532 -0.4583 103.6107][-0.235315 -0.965602 -0.110628 -0.971886 0.232841 0.034960 -0.007999 0.115745 -0.993247] 
fr 75617
ts 34289.594314
6d 1 [12 1.000][-1955.563 -69.805 719.313 -173.3555 -0.4437 103.6090][-0.235288 -0.965607 -0.110650 -0.971895 0.232844 0.034702 -0.007745 0.115705 -0.993253] 
fr 75618
ts 34289.610975
6d 1 [12 1.000][-1955.565 -69.774 719.313 -173.3557 -0.4435 103.6092][-0.235291 -0.965606 -0.110647 -0.971894 0.232847 0.034697 -0.007740 0.115701 -0.993254] 
fr 75619
ts 34289.627658
6d 1 [12 1.000][-1955.563 -69.774 719.310 -173.3557 -0.4434 103.6091][-0.235289 -0.965606 -0.110649 -0.971895 0.232846 0.034696 -0.007739 0.115703 -0.993254] 
fr 75620
ts 34289.644320
6d 0 
fr 75621
ts 34289.660996
6d 0 
fr 75622
ts 34289.677658
6d 1 [12 1.000][-1955.558 -69.751 719.312 -173.3565 -0.4432 103.6089][-0.235285 -0.965609 -0.110636 -0.971896 0.232843 0.034689 -0.007735 0.115688 -0.993255] 
fr 75623
ts 34289.694326
6d 1 [12 1.000][-1955.559 -69.745 719.299 -173.3551 -0.4417 103.6090][-0.235288 -0.965605 -0.110666 -0.971895 0.232847 0.034669 -0.007708 0.115713 -0.993253] 
fr 75624
ts 34289.710988
6d 1 [12 1.000][-1955.560 -69.734 719.298 -173.3568 -0.4399 103.6098][-0.235301 -0.965604 -0.110643 -0.971892 0.232865 0.034634 -0.007678 0.115683 -0.993257] 
fr 75625
ts 34289.727647
6d 1 [12 1.000][-1955.558 -69.727 719.253 -173.3563 -0.4368 103.6096][-0.235297 -0.965603 -0.110664 -0.971894 0.232867 0.034583 -0.007623 0.115691 -0.993256] 
fr 75626
ts 34289.744313
6d 1 [12 1.000][-1955.563 -69.755 719.294 -173.3599 -0.4327 103.6089][-0.235286 -0.965611 -0.110621 -0.971897 0.232865 0.034498 -0.007551 0.115629 -0.993264] 
fr 75627
ts 34289.760966
6d 1 [12 1.000][-1955.561 -69.439 718.960 -173.3434 -0.5452 103.6132][-0.235355 -0.965615 -0.110437 -0.971863 0.232707 0.036469 -0.009515 0.115913 -0.993214] 
fr 75628
ts 34289.777629
6d 1 [12 1.000][-1955.562 -69.492 719.021 -173.2971 -0.5749 103.6206][-0.235479 -0.965509 -0.111092 -0.971828 0.232743 0.037172 -0.010034 0.116715 -0.993115] 
fr 75629
ts 34289.794276
6d 1 [12 1.000][-1955.556 -69.536 719.124 -173.3255 -0.5681 103.6245][-0.235546 -0.965545 -0.110639 -0.971812 0.232841 0.036950 -0.009916 0.116223 -0.993174] 
fr 75630
ts 34289.810938
6d 1 [12 1.000][-1955.550 -69.637 719.185 -173.3246 -0.5294 103.6238][-0.235536 -0.965528 -0.110812 -0.971822 0.232905 0.036300 -0.009240 0.116240 -0.993178] 
fr 75631
ts 34289.827579
6d 1 [12 1.000][-1955.550 -69.705 719.247 -173.3282 -0.4584 103.6218][-0.235505 -0.965509 -0.111043 -0.971840 0.233014 0.035086 -0.008001 0.116179 -0.993196] 
fr 75632
ts 34289.844241
6d 1 [12 1.000][-1955.556 -69.733 719.296 -173.3336 -0.4384 103.6205][-0.235482 -0.965515 -0.111034 -0.971848 0.233034 0.034724 -0.007652 0.116085 -0.993210] 
fr 75633
ts 34289.860927
6d 1 [12 1.000][-1955.560 -69.716 719.256 -173.3377 -0.4266 103.6192][-0.235461 -0.965523 -0.111014 -0.971855 0.233038 0.034505 -0.007445 0.116014 -0.993220] 
fr 75634
ts 34289.877590
6d 1 [12 1.000][-1955.561 -69.718 719.249 -173.3415 -0.4171 103.6183][-0.235447 -0.965529 -0.110990 -0.971860 0.233044 0.034328 -0.007279 0.115949 -0.993229] 
fr 75635
ts 34289.894269
6d 1 [12 1.000][-1955.565 -69.728 719.265 -173.3457 -0.4183 103.6175][-0.235434 -0.965541 -0.110914 -0.971863 0.233032 0.034329 -0.007300 0.115875 -0.993237] 
fr 75636
ts 34289.910930
6d 1 [12 1.000][-1955.567 -69.773 719.279 -173.3483 -0.4202 103.6175][-0.235433 -0.965547 -0.110862 -0.971863 0.233029 0.034351 -0.007334 0.115830 -0.993242] 
fr 75637
ts 34289.927603
6d 1 [12 1.000][-1955.563 -69.765 719.293 -173.3516 -0.4223 103.6146][-0.235383 -0.965566 -0.110800 -0.971875 0.232977 0.034369 -0.007371 0.115774 -0.993248] 
fr 75638
ts 34289.944264
6d 1 [12 1.000][-1955.562 -69.773 719.286 -173.3549 -0.4137 103.6116][-0.235332 -0.965581 -0.110781 -0.971888 0.232945 0.034203 -0.007220 0.115716 -0.993256] 
fr 75639
ts 34289.960930
6d 1 [12 1.000][-1955.566 -69.767 719.270 -173.3536 -0.4318 103.6112][-0.235326 -0.965588 -0.110729 -0.971887 0.232903 0.034513 -0.007536 0.115737 -0.993251] 
fr 75640
ts 34289.977591
6d 1 [12 1.000][-1955.569 -69.782 719.274 -173.3511 -0.4351 103.6136][-0.235366 -0.965575 -0.110756 -0.971877 0.232935 0.034584 -0.007594 0.115781 -0.993246] 
fr 75641
ts 34289.994251
6d 1 [12 1.000][-1955.564 -69.777 719.272 -173.3508 -0.4359 103.6118][-0.235336 -0.965582 -0.110759 -0.971884 0.232903 0.034595 -0.007608 0.115787 -0.993245] 
fr 75642
ts 34290.010911
6d 1 [12 1.000][-1955.557 -69.749 719.281 -173.3526 -0.4358 103.6119][-0.235336 -0.965586 -0.110730 -0.971884 0.232905 0.034585 -0.007606 0.115756 -0.993249] 
fr 75643
ts 34290.027563
6d 0 
fr 75644
ts 34290.044225
6d 0 
fr 75645
ts 34290.060870
6d 1 [12 1.000][-1955.744 -69.207 719.078 -173.3521 -0.4393 103.6162][-0.235411 -0.965568 -0.110721 -0.971866 0.232972 0.034655 -0.007667 0.115765 -0.993247] 
fr 75646
ts 34290.077531
6d 1 [12 1.000][-1955.714 -69.334 719.198 -173.3516 -0.4464 103.6278][-0.235607 -0.965524 -0.110693 -0.971817 0.233153 0.034800 -0.007791 0.115773 -0.993245] 
fr 75647
ts 34290.094222
6d 1 [12 1.000][-1955.694 -69.553 719.248 -173.3491 -0.4524 103.6306][-0.235654 -0.965510 -0.110709 -0.971805 0.233187 0.034917 -0.007896 0.115816 -0.993239] 
fr 75648
ts 34290.110883
6d 1 [12 1.000][-1955.682 -69.665 719.346 -173.3500 -0.4575 103.6347][-0.235722 -0.965498 -0.110670 -0.971788 0.233245 0.035006 -0.007985 0.115799 -0.993241] 
fr 75649
ts 34290.127567
6d 1 [12 1.000][-1955.679 -69.727 719.311 -173.3498 -0.4497 103.6340][-0.235712 -0.965497 -0.110706 -0.971791 0.233250 0.034875 -0.007849 0.115804 -0.993241] 
fr 75650
ts 34290.144227
6d 1 [12 1.000][-1955.556 -69.530 718.998 -173.3388 -0.4971 103.6395][-0.235803 -0.965476 -0.110694 -0.971762 0.233242 0.035729 -0.008677 0.115993 -0.993212] 
fr 75651
ts 34290.160905
6d 1 [12 1.000][-1955.520 -69.467 719.073 -173.3337 -0.5767 103.6434][-0.235867 -0.965488 -0.110453 -0.971733 0.233148 0.037097 -0.010065 0.116081 -0.993189] 
fr 75652
ts 34290.177565
6d 1 [12 1.000][-1955.560 -69.562 719.118 -173.3302 -0.5662 103.6491][-0.235964 -0.965453 -0.110551 -0.971712 0.233263 0.036945 -0.009881 0.116141 -0.993184] 
fr 75653
ts 34290.194235
6d 1 [12 1.000][-1955.543 -69.626 719.175 -173.3232 -0.5289 103.6477][-0.235942 -0.965427 -0.110822 -0.971723 0.233309 0.036343 -0.009231 0.116263 -0.993176] 
fr 75654
ts 34290.210897
6d 1 [12 1.000][-1955.542 -69.683 719.257 -173.3256 -0.5023 103.6442][-0.235883 -0.965433 -0.110894 -0.971742 0.233303 0.035879 -0.008767 0.116223 -0.993184] 
fr 75655
ts 34290.227559
6d 1 [12 1.000][-1955.544 -69.532 719.132 -173.3105 -0.5690 103.6460][-0.235910 -0.965429 -0.110873 -0.971724 0.233191 0.037067 -0.009931 0.116483 -0.993143] 
fr 75656
ts 34290.244221
6d 1 [12 1.000][-1955.549 -69.479 719.078 -173.3085 -0.5723 103.6443][-0.235882 -0.965434 -0.110894 -0.971730 0.233156 0.037127 -0.009988 0.116517 -0.993138] 
fr 75657
ts 34290.260876
6d 1 [12 1.000][-1955.540 -69.528 719.106 -173.3050 -0.5805 103.6445][-0.235885 -0.965430 -0.110920 -0.971728 0.233140 0.037280 -0.010131 0.116578 -0.993130] 
fr 75658
ts 34290.277537
6d 1 [12 1.000][-1955.561 -69.543 719.168 -173.3087 -0.4822 103.6410][-0.235829 -0.965404 -0.111262 -0.971758 0.233278 0.035603 -0.008417 0.116516 -0.993153] 
fr 75659
ts 34290.294182
6d 1 [12 1.000][-1955.563 -69.645 719.234 -173.3167 -0.4573 103.6374][-0.235769 -0.965422 -0.111232 -0.971776 0.233272 0.035144 -0.007981 0.116378 -0.993173] 
fr 75660
ts 34290.310847
6d 1 [12 1.000][-1955.746 -69.216 719.135 -173.3234 -0.4738 103.6527][-0.236029 -0.965381 -0.111041 -0.971711 0.233502 0.035424 -0.008269 0.116261 -0.993184] 
fr 75661
ts 34290.327485
6d 1 [12 1.000][-1955.735 -69.382 719.284 -173.3483 -0.4792 103.7026][-0.236875 -0.965228 -0.110569 -0.971504 0.234347 0.035509 -0.008363 0.115830 -0.993234] 
fr 75662
ts 34290.344151
6d 1 [12 1.000][-1955.713 -69.497 719.246 -173.3478 -0.4685 103.6697][-0.236317 -0.965356 -0.110642 -0.971642 0.233813 0.035267 -0.008176 0.115839 -0.993234] 
fr 75663
ts 34290.360838
6d 1 [12 1.000][-1955.666 -69.647 719.303 -173.3398 -0.4543 103.6684][-0.236295 -0.965339 -0.110835 -0.971649 0.233814 0.035059 -0.007929 0.115977 -0.993220] 
fr 75664
ts 34290.377499
6d 1 [12 1.000][-1955.599 -69.659 719.311 -173.3478 -0.4480 103.6640][-0.236220 -0.965370 -0.110729 -0.971668 0.233757 0.034911 -0.007818 0.115839 -0.993237] 
fr 75665
ts 34290.394180
6d 1 [12 1.000][-1955.619 -69.766 719.330 -173.3522 -0.4340 103.6571][-0.236103 -0.965400 -0.110717 -0.971698 0.233670 0.034644 -0.007575 0.115763 -0.993248] 
fr 75666
ts 34290.410838
6d 1 [12 1.000][-1955.644 -69.720 719.313 -173.3533 -0.4326 103.6487][-0.235961 -0.965435 -0.110709 -0.971733 0.233533 0.034600 -0.007550 0.115744 -0.993250] 
fr 75667
ts 34290.427510
6d 1 [12 1.000][-1955.564 -69.738 719.263 -173.3547 -0.4454 103.6192][-0.235461 -0.965564 -0.110651 -0.971853 0.233012 0.034753 -0.007773 0.115719 -0.993252] 
fr 75668
ts 34290.444175
6d 1 [12 1.000][-1955.599 -69.775 719.296 -173.3538 -0.4315 103.6197][-0.235469 -0.965554 -0.110722 -0.971853 0.233046 0.034523 -0.007531 0.115735 -0.993252] 
fr 75669
ts 34290.460841
6d 1 [12 1.000][-1955.586 -69.770 719.302 -173.3565 -0.4171 103.6286][-0.235622 -0.965516 -0.110730 -0.971818 0.233227 0.034287 -0.007280 0.115688 -0.993259] 
fr 75670
ts 34290.477502
6d 1 [12 1.000][-1955.575 -69.698 719.265 -173.3583 -0.4179 103.6253][-0.235565 -0.965534 -0.110699 -0.971831 0.233170 0.034288 -0.007294 0.115658 -0.993262] 
fr 75671
ts 34290.494158
6d 1 [12 1.000][-1955.566 -69.685 719.117 -173.2230 -0.6309 103.6284][-0.235609 -0.965360 -0.112107 -0.971786 0.232714 0.038432 -0.011012 0.117999 -0.992953] 
fr 75672
ts 34290.510823
6d 1 [12 1.000][-1955.558 -69.657 719.143 -173.2508 -0.6026 103.6303][-0.235643 -0.965393 -0.111752 -0.971783 0.232822 0.037845 -0.010517 0.117516 -0.993015] 
fr 75673
ts 34290.527475
6d 1 [12 1.000][-1955.552 -69.721 719.206 -173.2784 -0.5972 103.6296][-0.235631 -0.965447 -0.111310 -0.971787 0.232839 0.037640 -0.010422 0.117039 -0.993073] 
fr 75674
ts 34290.544138
6d 1 [12 1.000][-1955.564 -69.692 719.233 -173.2845 -0.5531 103.6273][-0.235594 -0.965447 -0.111389 -0.971804 0.232892 0.036868 -0.009653 0.116934 -0.993093] 
fr 75675
ts 34290.560782
6d 1 [12 1.000][-1955.557 -69.705 719.220 -173.2999 -0.4751 103.6226][-0.235518 -0.965458 -0.111451 -0.971835 0.232977 0.035483 -0.008292 0.116669 -0.993136] 
fr 75676
ts 34290.577444
6d 1 [12 1.000][-1955.553 -69.716 719.327 -173.3618 -0.4512 103.6169][-0.235422 -0.965590 -0.110509 -0.971861 0.232966 0.034818 -0.007875 0.115596 -0.993265] 
fr 75677
ts 34290.594134
6d 1 [12 1.000][-1955.551 -69.713 719.292 -173.3498 -0.4440 103.6150][-0.235389 -0.965572 -0.110741 -0.971870 0.232940 0.034741 -0.007749 0.115803 -0.993242] 
fr 75678
ts 34290.610796
6d 1 [12 1.000][-1955.550 -69.437 719.045 -173.3097 -0.5190 103.6199][-0.235470 -0.965510 -0.111108 -0.971839 0.232850 0.036178 -0.009058 0.116498 -0.993150] 
fr 75679
ts 34290.627479
6d 1 [12 1.000][-1955.548 -69.429 719.041 -173.3065 -0.5606 103.6255][-0.235564 -0.965500 -0.110989 -0.971810 0.232861 0.036902 -0.009784 0.116553 -0.993136] 
fr 75680
ts 34290.644141
6d 1 [12 1.000][-1955.541 -69.351 718.917 -173.2907 -0.6185 103.6290][-0.235621 -0.965484 -0.111015 -0.971785 0.232795 0.037948 -0.010794 0.116824 -0.993094] 
fr 75681
ts 34290.660817
6d 1 [12 1.000][-1955.541 -69.376 718.979 -173.2839 -0.5771 103.6323][-0.235679 -0.965437 -0.111297 -0.971779 0.232929 0.037285 -0.010072 0.116944 -0.993087] 
fr 75682
ts 34290.677479
6d 1 [12 1.000][-1955.541 -69.515 719.132 -173.2872 -0.5690 103.6311][-0.235657 -0.965445 -0.111276 -0.971785 0.232925 0.037133 -0.009931 0.116887 -0.993096] 
fr 75683
ts 34290.694149
6d 1 [12 1.000][-1955.548 -69.653 719.206 -173.2912 -0.4780 103.6297][-0.235637 -0.965414 -0.111582 -0.971805 0.233085 0.035582 -0.008343 0.116820 -0.993118] 
fr 75684
ts 34290.710810
6d 1 [12 1.000][-1955.551 -69.636 719.228 -173.2973 -0.4611 103.6264][-0.235582 -0.965431 -0.111550 -0.971821 0.233066 0.035265 -0.008047 0.116714 -0.993133] 
fr 75685
ts 34290.727472
6d 1 [12 1.000][-1955.555 -69.761 719.299 -173.3286 -0.4544 103.6235][-0.235533 -0.965501 -0.111051 -0.971834 0.233050 0.035020 -0.007931 0.116171 -0.993198] 
fr 75686
ts 34290.744136
6d 1 [12 1.000][-1955.557 -69.760 719.299 -173.3407 -0.4429 103.6195][-0.235466 -0.965535 -0.110896 -0.971852 0.233013 0.034768 -0.007729 0.115961 -0.993224] 
fr 75687
ts 34290.760786
6d 1 [12 1.000][-1955.564 -69.709 719.303 -173.3547 -0.4417 103.6193][-0.235463 -0.965562 -0.110665 -0.971853 0.233021 0.034690 -0.007708 0.115719 -0.993252] 
fr 75688
ts 34290.777451
6d 1 [12 1.000][-1955.570 -69.770 719.307 -173.3617 -0.4425 103.6178][-0.235438 -0.965582 -0.110545 -0.971859 0.232998 0.034674 -0.007723 0.115598 -0.993266] 
fr 75689
ts 34290.794100
6d 1 [12 1.000][-1955.575 -69.741 719.332 -173.3735 -0.4241 103.6175][-0.235433 -0.965597 -0.110422 -0.971862 0.233037 0.034314 -0.007401 0.115394 -0.993292] 
fr 75690
ts 34290.810762
6d 1 [12 1.000][-1955.569 -69.706 719.329 -173.3768 -0.4336 103.6131][-0.235358 -0.965626 -0.110329 -0.971879 0.232946 0.034452 -0.007567 0.115335 -0.993298] 
fr 75691
ts 34290.827404
6d 1 [12 1.000][-1955.583 -69.720 719.269 -173.3635 -0.4065 103.6136][-0.235366 -0.965586 -0.110664 -0.971881 0.232998 0.034051 -0.007094 0.115567 -0.993274] 
fr 75692
ts 34290.844066
6d 0 
fr 75693
ts 34290.860752
6d 0 
fr 75694
ts 34290.877415
6d 1 [12 1.000][-1955.796 -69.176 719.070 -173.3595 -0.4332 103.7217][-0.237198 -0.965150 -0.110558 -0.971432 0.234765 0.034726 -0.007561 0.115637 -0.993263] 
fr 75695
ts 34290.894094
6d 1 [12 1.000][-1955.742 -69.409 719.253 -173.3654 -0.5134 103.7093][-0.236987 -0.965250 -0.110136 -0.971472 0.234403 0.036029 -0.008961 0.115533 -0.993263] 
fr 75696
ts 34290.910756
6d 1 [12 1.000][-1955.714 -69.612 719.272 -173.3639 -0.5099 103.6862][-0.236595 -0.965340 -0.110190 -0.971568 0.234020 0.035932 -0.008900 0.115559 -0.993261] 
fr 75697
ts 34290.927428
6d 1 [12 1.000][-1955.637 -69.584 719.275 -173.3668 -0.4827 103.6732][-0.236375 -0.965386 -0.110260 -0.971625 0.233856 0.035437 -0.008425 0.115508 -0.993271] 
fr 75698
ts 34290.944090
6d 1 [12 1.000][-1955.573 -69.684 719.287 -173.3682 -0.4778 103.6549][-0.236065 -0.965460 -0.110270 -0.971701 0.233558 0.035313 -0.008339 0.115485 -0.993274] 
fr 75699
ts 34290.960756
6d 1 [12 1.000][-1955.583 -69.772 719.296 -173.3646 -0.4738 103.6491][-0.235967 -0.965475 -0.110349 -0.971726 0.233466 0.035249 -0.008270 0.115546 -0.993268] 
fr 75700
ts 34290.977419
6d 1 [12 1.000][-1955.547 -69.725 719.310 -173.3690 -0.4535 103.6065][-0.235245 -0.965648 -0.110384 -0.971904 0.232790 0.034807 -0.007915 0.115471 -0.993279] 
fr 75701
ts 34290.994077
6d 1 [12 1.000][-1955.541 -69.694 719.322 -173.3723 -0.4496 103.6153][-0.235395 -0.965616 -0.110340 -0.971868 0.232949 0.034746 -0.007847 0.115415 -0.993286] 
fr 75702
ts 34291.010739
6d 1 [12 1.000][-1955.567 -69.705 719.322 -173.3732 -0.4369 103.6100][-0.235304 -0.965634 -0.110379 -0.971892 0.232884 0.034517 -0.007626 0.115398 -0.993290] 
fr 75703
ts 34291.027392
6d 1 [12 1.000][-1955.554 -69.731 719.322 -173.3702 -0.4245 103.6058][-0.235234 -0.965639 -0.110484 -0.971911 0.232836 0.034312 -0.007408 0.115451 -0.993285] 
fr 75704
ts 34291.044052
6d 1 [12 1.000][-1955.525 -69.681 719.136 -173.2287 -0.6777 103.6292][-0.235621 -0.965391 -0.111819 -0.971773 0.232638 0.039197 -0.011827 0.117898 -0.992955] 
fr 75705
ts 34291.060698
6d 1 [12 1.000][-1955.525 -69.512 719.009 -173.1978 -0.6742 103.6325][-0.235677 -0.965315 -0.112352 -0.971760 0.232680 0.039271 -0.011767 0.118434 -0.992892] 
fr 75706
ts 34291.077360
6d 1 [12 1.000][-1955.529 -69.583 718.977 -173.2208 -0.6184 103.6336][-0.235698 -0.965329 -0.112191 -0.971767 0.232825 0.038240 -0.010793 0.118037 -0.992951] 
fr 75707
ts 34291.094047
6d 1 [12 1.000][-1955.546 -69.634 719.149 -173.2491 -0.5795 103.6360][-0.235741 -0.965355 -0.111871 -0.971763 0.232963 0.037475 -0.010115 0.117547 -0.993016] 
fr 75708
ts 34291.110713
6d 1 [12 1.000][-1955.528 -69.640 719.235 -173.3143 -0.5691 103.6320][-0.235673 -0.965494 -0.110818 -0.971782 0.232958 0.037026 -0.009932 0.116417 -0.993151] 
fr 75709
ts 34291.127396
6d 1 [12 1.000][-1955.529 -69.720 719.226 -173.3289 -0.4890 103.6291][-0.235627 -0.965495 -0.110901 -0.971806 0.233077 0.035612 -0.008535 0.116165 -0.993193] 
fr 75710
ts 34291.144057
6d 1 [12 1.000][-1955.522 -69.724 719.277 -173.3606 -0.4635 103.6252][-0.235561 -0.965560 -0.110473 -0.971826 0.233080 0.035046 -0.008090 0.115616 -0.993261] 
fr 75711
ts 34291.160734
6d 1 [12 1.000][-1955.523 -69.722 719.281 -173.3675 -0.4308 103.6222][-0.235512 -0.965570 -0.110492 -0.971842 0.233098 0.034461 -0.007519 0.115496 -0.993279] 
fr 75712
ts 34291.177396
6d 1 [12 1.000][-1955.557 -69.747 719.294 -173.3657 -0.4309 103.6199][-0.235472 -0.965576 -0.110525 -0.971852 0.233058 0.034466 -0.007521 0.115529 -0.993276] 
fr 75713
ts 34291.194066
6d 1 [12 1.000][-1955.568 -69.815 719.334 -173.3679 -0.4254 103.6162][-0.235410 -0.965593 -0.110511 -0.971868 0.233008 0.034357 -0.007425 0.115490 -0.993281] 
fr 75714
ts 34291.210727
6d 1 [12 1.000][-1955.574 -69.787 719.278 -173.3574 -0.4223 103.6125][-0.235348 -0.965586 -0.110703 -0.971883 0.232945 0.034339 -0.007370 0.115672 -0.993260] 
fr 75715
ts 34291.227390
