fr 84757
ts 34441.906126
6d 1 [12 1.000][-1904.716 -76.631 715.602 -172.7875 1.1170 104.7311][-0.254234 -0.958855 -0.126342 -0.966946 0.254638 0.013220 0.019495 0.125527 -0.991899] 
fr 84758
ts 34441.922792
6d 1 [12 1.000][-1904.716 -76.631 715.602 -172.7875 1.1170 104.7311][-0.254234 -0.958855 -0.126342 -0.966946 0.254638 0.013220 0.019495 0.125527 -0.991899] 
fr 84759
ts 34441.939476
6d 1 [12 1.000][-1904.716 -76.631 715.602 -172.7875 1.1170 104.7311][-0.254234 -0.958855 -0.126342 -0.966946 0.254638 0.013220 0.019495 0.125527 -0.991899] 
fr 84760
ts 34441.956139
6d 1 [12 1.000][-1904.716 -76.631 715.602 -172.7875 1.1170 104.7311][-0.254234 -0.958855 -0.126342 -0.966946 0.254638 0.013220 0.019495 0.125527 -0.991899] 
fr 84761
ts 34441.972817
6d 1 [12 1.000][-1904.716 -76.631 715.602 -172.7875 1.1170 104.7311][-0.254234 -0.958855 -0.126342 -0.966946 0.254638 0.013220 0.019495 0.125527 -0.991899] 
fr 84762
ts 34441.989478
6d 1 [12 1.000][-1904.716 -76.631 715.602 -172.7875 1.1170 104.7311][-0.254234 -0.958855 -0.126342 -0.966946 0.254638 0.013220 0.019495 0.125527 -0.991899] 
fr 84763
ts 34442.006149
6d 1 [12 1.000][-1904.716 -76.631 715.602 -172.7875 1.1170 104.7311][-0.254234 -0.958855 -0.126342 -0.966946 0.254638 0.013220 0.019495 0.125527 -0.991899] 
fr 84764
ts 34442.022812
6d 1 [12 1.000][-1904.716 -76.631 715.602 -172.7875 1.1170 104.7311][-0.254234 -0.958855 -0.126342 -0.966946 0.254638 0.013220 0.019495 0.125527 -0.991899] 
fr 84765
ts 34442.039475
6d 1 [12 1.000][-1904.716 -76.631 715.602 -172.7875 1.1170 104.7311][-0.254234 -0.958855 -0.126342 -0.966946 0.254638 0.013220 0.019495 0.125527 -0.991899] 
fr 84766
ts 34442.056137
6d 1 [12 1.000][-1904.711 -76.613 715.594 -172.7881 1.1176 104.7307][-0.254228 -0.958858 -0.126334 -0.966948 0.254632 0.013207 0.019505 0.125516 -0.991900] 
fr 84767
ts 34442.072794
6d 1 [12 1.000][-1904.716 -76.602 715.581 -172.7881 1.1195 104.7303][-0.254222 -0.958858 -0.126341 -0.966949 0.254631 0.013174 0.019538 0.125515 -0.991899] 
fr 84768
ts 34442.089456
6d 1 [12 1.000][-1904.721 -76.605 715.607 -172.7887 1.1205 104.7303][-0.254222 -0.958859 -0.126337 -0.966948 0.254633 0.013156 0.019555 0.125506 -0.991900] 
fr 84769
ts 34442.106106
6d 1 [12 1.000][-1904.726 -76.596 715.666 -172.7938 1.1263 104.7276][-0.254175 -0.958879 -0.126277 -0.966959 0.254600 0.013029 0.019656 0.125416 -0.991910] 
fr 84770
ts 34442.122768
6d 1 [12 1.000][-1904.726 -76.596 715.666 -172.7938 1.1263 104.7276][-0.254175 -0.958879 -0.126277 -0.966959 0.254600 0.013029 0.019656 0.125416 -0.991910] 
fr 84771
ts 34442.139412
6d 1 [12 1.000][-1904.726 -76.596 715.666 -172.7938 1.1263 104.7276][-0.254175 -0.958879 -0.126277 -0.966959 0.254600 0.013029 0.019656 0.125416 -0.991910] 
fr 84772
ts 34442.156072
6d 1 [12 1.000][-1904.726 -76.596 715.666 -172.7938 1.1263 104.7276][-0.254175 -0.958879 -0.126277 -0.966959 0.254600 0.013029 0.019656 0.125416 -0.991910] 
fr 84773
ts 34442.172762
6d 1 [12 1.000][-1904.726 -76.596 715.666 -172.7938 1.1263 104.7276][-0.254175 -0.958879 -0.126277 -0.966959 0.254600 0.013029 0.019656 0.125416 -0.991910] 
fr 84774
ts 34442.189424
6d 1 [12 1.000][-1904.726 -76.596 715.666 -172.7938 1.1263 104.7276][-0.254175 -0.958879 -0.126277 -0.966959 0.254600 0.013029 0.019656 0.125416 -0.991910] 
fr 84775
ts 34442.206104
6d 1 [12 1.000][-1904.726 -76.596 715.666 -172.7938 1.1263 104.7276][-0.254175 -0.958879 -0.126277 -0.966959 0.254600 0.013029 0.019656 0.125416 -0.991910] 
fr 84776
ts 34442.222767
6d 1 [12 1.000][-1904.726 -76.596 715.666 -172.7938 1.1263 104.7276][-0.254175 -0.958879 -0.126277 -0.966959 0.254600 0.013029 0.019656 0.125416 -0.991910] 
fr 84777
ts 34442.239439
6d 1 [12 1.000][-1904.726 -76.596 715.666 -172.7938 1.1263 104.7276][-0.254175 -0.958879 -0.126277 -0.966959 0.254600 0.013029 0.019656 0.125416 -0.991910] 
fr 84778
ts 34442.256103
6d 1 [12 1.000][-1904.726 -76.596 715.666 -172.7938 1.1263 104.7276][-0.254175 -0.958879 -0.126277 -0.966959 0.254600 0.013029 0.019656 0.125416 -0.991910] 
fr 84779
ts 34442.272771
6d 1 [12 1.000][-1904.726 -76.596 715.666 -172.7938 1.1263 104.7276][-0.254175 -0.958879 -0.126277 -0.966959 0.254600 0.013029 0.019656 0.125416 -0.991910] 
fr 84780
ts 34442.289433
6d 1 [12 1.000][-1904.726 -76.596 715.666 -172.7938 1.1263 104.7276][-0.254175 -0.958879 -0.126277 -0.966959 0.254600 0.013029 0.019656 0.125416 -0.991910] 
fr 84781
ts 34442.306093
6d 1 [12 1.000][-1904.726 -76.596 715.666 -172.7938 1.1263 104.7276][-0.254175 -0.958879 -0.126277 -0.966959 0.254600 0.013029 0.019656 0.125416 -0.991910] 
fr 84782
ts 34442.322755
6d 1 [12 1.000][-1904.726 -76.596 715.666 -172.7938 1.1263 104.7276][-0.254175 -0.958879 -0.126277 -0.966959 0.254600 0.013029 0.019656 0.125416 -0.991910] 
fr 84783
ts 34442.339404
6d 1 [12 1.000][-1904.726 -76.596 715.666 -172.7938 1.1263 104.7276][-0.254175 -0.958879 -0.126277 -0.966959 0.254600 0.013029 0.019656 0.125416 -0.991910] 
fr 84784
ts 34442.356072
6d 1 [12 1.000][-1904.726 -76.596 715.666 -172.7938 1.1263 104.7276][-0.254175 -0.958879 -0.126277 -0.966959 0.254600 0.013029 0.019656 0.125416 -0.991910] 
fr 84785
ts 34442.372717
6d 1 [12 1.000][-1904.726 -76.596 715.666 -172.7938 1.1263 104.7276][-0.254175 -0.958879 -0.126277 -0.966959 0.254600 0.013029 0.019656 0.125416 -0.991910] 
fr 84786
ts 34442.389380
6d 1 [12 1.000][-1904.726 -76.596 715.666 -172.7938 1.1263 104.7276][-0.254175 -0.958879 -0.126277 -0.966959 0.254600 0.013029 0.019656 0.125416 -0.991910] 
fr 84787
ts 34442.406072
6d 1 [12 1.000][-1904.726 -76.596 715.666 -172.7938 1.1263 104.7276][-0.254175 -0.958879 -0.126277 -0.966959 0.254600 0.013029 0.019656 0.125416 -0.991910] 
fr 84788
ts 34442.422733
6d 1 [12 1.000][-1904.726 -76.596 715.666 -172.7938 1.1263 104.7276][-0.254175 -0.958879 -0.126277 -0.966959 0.254600 0.013029 0.019656 0.125416 -0.991910] 
fr 84789
ts 34442.439414
6d 1 [12 1.000][-1904.726 -76.596 715.666 -172.7938 1.1263 104.7276][-0.254175 -0.958879 -0.126277 -0.966959 0.254600 0.013029 0.019656 0.125416 -0.991910] 
fr 84790
ts 34442.456081
6d 1 [12 1.000][-1904.726 -76.596 715.666 -172.7938 1.1263 104.7276][-0.254175 -0.958879 -0.126277 -0.966959 0.254600 0.013029 0.019656 0.125416 -0.991910] 
fr 84791
ts 34442.472757
6d 1 [12 1.000][-1904.726 -76.596 715.666 -172.7938 1.1263 104.7276][-0.254175 -0.958879 -0.126277 -0.966959 0.254600 0.013029 0.019656 0.125416 -0.991910] 
fr 84792
ts 34442.489419
6d 1 [12 1.000][-1904.726 -76.596 715.666 -172.7938 1.1263 104.7276][-0.254175 -0.958879 -0.126277 -0.966959 0.254600 0.013029 0.019656 0.125416 -0.991910] 
fr 84793
ts 34442.506091
6d 1 [12 1.000][-1904.726 -76.596 715.666 -172.7938 1.1263 104.7276][-0.254175 -0.958879 -0.126277 -0.966959 0.254600 0.013029 0.019656 0.125416 -0.991910] 
fr 84794
ts 34442.522752
6d 1 [12 1.000][-1904.726 -76.596 715.666 -172.7938 1.1263 104.7276][-0.254175 -0.958879 -0.126277 -0.966959 0.254600 0.013029 0.019656 0.125416 -0.991910] 
fr 84795
ts 34442.539413
6d 1 [12 1.000][-1904.726 -76.596 715.666 -172.7938 1.1263 104.7276][-0.254175 -0.958879 -0.126277 -0.966959 0.254600 0.013029 0.019656 0.125416 -0.991910] 
fr 84796
ts 34442.556078
6d 1 [12 1.000][-1904.726 -76.596 715.666 -172.7938 1.1263 104.7276][-0.254175 -0.958879 -0.126277 -0.966959 0.254600 0.013029 0.019656 0.125416 -0.991910] 
fr 84797
ts 34442.572733
6d 1 [12 1.000][-1904.726 -76.596 715.666 -172.7938 1.1263 104.7276][-0.254175 -0.958879 -0.126277 -0.966959 0.254600 0.013029 0.019656 0.125416 -0.991910] 
fr 84798
ts 34442.589398
6d 1 [12 1.000][-1904.726 -76.596 715.666 -172.7938 1.1263 104.7276][-0.254175 -0.958879 -0.126277 -0.966959 0.254600 0.013029 0.019656 0.125416 -0.991910] 
fr 84799
ts 34442.606049
6d 1 [12 1.000][-1904.726 -76.596 715.666 -172.7938 1.1263 104.7276][-0.254175 -0.958879 -0.126277 -0.966959 0.254600 0.013029 0.019656 0.125416 -0.991910] 
fr 84800
ts 34442.622710
6d 1 [12 1.000][-1904.726 -76.596 715.666 -172.7938 1.1263 104.7276][-0.254175 -0.958879 -0.126277 -0.966959 0.254600 0.013029 0.019656 0.125416 -0.991910] 
fr 84801
ts 34442.639353
6d 1 [12 1.000][-1904.726 -76.596 715.666 -172.7938 1.1263 104.7276][-0.254175 -0.958879 -0.126277 -0.966959 0.254600 0.013029 0.019656 0.125416 -0.991910] 
fr 84802
ts 34442.656015
6d 1 [12 1.000][-1904.726 -76.596 715.666 -172.7938 1.1263 104.7276][-0.254175 -0.958879 -0.126277 -0.966959 0.254600 0.013029 0.019656 0.125416 -0.991910] 
fr 84803
ts 34442.672705
6d 1 [12 1.000][-1904.726 -76.596 715.666 -172.7938 1.1263 104.7276][-0.254175 -0.958879 -0.126277 -0.966959 0.254600 0.013029 0.019656 0.125416 -0.991910] 
fr 84804
ts 34442.689366
6d 1 [12 1.000][-1904.726 -76.596 715.666 -172.7938 1.1263 104.7276][-0.254175 -0.958879 -0.126277 -0.966959 0.254600 0.013029 0.019656 0.125416 -0.991910] 
fr 84805
ts 34442.706044
6d 1 [12 1.000][-1904.726 -76.596 715.666 -172.7938 1.1263 104.7276][-0.254175 -0.958879 -0.126277 -0.966959 0.254600 0.013029 0.019656 0.125416 -0.991910] 
fr 84806
ts 34442.722708
6d 1 [12 1.000][-1904.726 -76.596 715.666 -172.7938 1.1263 104.7276][-0.254175 -0.958879 -0.126277 -0.966959 0.254600 0.013029 0.019656 0.125416 -0.991910] 
fr 84807
ts 34442.739382
6d 1 [12 1.000][-1904.726 -76.596 715.666 -172.7938 1.1263 104.7276][-0.254175 -0.958879 -0.126277 -0.966959 0.254600 0.013029 0.019656 0.125416 -0.991910] 
fr 84808
ts 34442.756046
6d 1 [12 1.000][-1904.711 -76.631 715.594 -172.7933 1.1260 104.7274][-0.254172 -0.958879 -0.126285 -0.966959 0.254597 0.013036 0.019652 0.125426 -0.991908] 
fr 84809
ts 34442.772714
6d 1 [12 1.000][-1904.710 -76.637 715.612 -172.7901 1.1222 104.7268][-0.254162 -0.958877 -0.126321 -0.966963 0.254578 0.013113 0.019585 0.125481 -0.991903] 
fr 84810
ts 34442.789376
6d 1 [12 1.000][-1904.710 -76.637 715.612 -172.7901 1.1222 104.7268][-0.254162 -0.958877 -0.126321 -0.966963 0.254578 0.013113 0.019585 0.125481 -0.991903] 
fr 84811
ts 34442.806037
6d 1 [12 1.000][-1904.710 -76.637 715.612 -172.7901 1.1222 104.7268][-0.254162 -0.958877 -0.126321 -0.966963 0.254578 0.013113 0.019585 0.125481 -0.991903] 
fr 84812
ts 34442.822698
6d 1 [12 1.000][-1904.710 -76.637 715.612 -172.7901 1.1222 104.7268][-0.254162 -0.958877 -0.126321 -0.966963 0.254578 0.013113 0.019585 0.125481 -0.991903] 
fr 84813
ts 34442.839353
6d 1 [12 1.000][-1904.710 -76.637 715.612 -172.7901 1.1222 104.7268][-0.254162 -0.958877 -0.126321 -0.966963 0.254578 0.013113 0.019585 0.125481 -0.991903] 
fr 84814
ts 34442.856014
6d 1 [12 1.000][-1904.710 -76.637 715.612 -172.7901 1.1222 104.7268][-0.254162 -0.958877 -0.126321 -0.966963 0.254578 0.013113 0.019585 0.125481 -0.991903] 
fr 84815
ts 34442.872662
6d 1 [12 1.000][-1904.710 -76.637 715.612 -172.7901 1.1222 104.7268][-0.254162 -0.958877 -0.126321 -0.966963 0.254578 0.013113 0.019585 0.125481 -0.991903] 
fr 84816
ts 34442.889323
6d 1 [12 1.000][-1904.710 -76.637 715.612 -172.7901 1.1222 104.7268][-0.254162 -0.958877 -0.126321 -0.966963 0.254578 0.013113 0.019585 0.125481 -0.991903] 
fr 84817
ts 34442.906016
6d 1 [12 1.000][-1904.710 -76.637 715.612 -172.7901 1.1222 104.7268][-0.254162 -0.958877 -0.126321 -0.966963 0.254578 0.013113 0.019585 0.125481 -0.991903] 
fr 84818
ts 34442.922677
6d 1 [12 1.000][-1904.710 -76.637 715.612 -172.7901 1.1222 104.7268][-0.254162 -0.958877 -0.126321 -0.966963 0.254578 0.013113 0.019585 0.125481 -0.991903] 
fr 84819
ts 34442.939363
6d 1 [12 1.000][-1904.710 -76.637 715.612 -172.7901 1.1222 104.7268][-0.254162 -0.958877 -0.126321 -0.966963 0.254578 0.013113 0.019585 0.125481 -0.991903] 
fr 84820
ts 34442.956023
6d 1 [12 1.000][-1904.710 -76.637 715.612 -172.7901 1.1222 104.7268][-0.254162 -0.958877 -0.126321 -0.966963 0.254578 0.013113 0.019585 0.125481 -0.991903] 
fr 84821
ts 34442.972703
6d 1 [12 1.000][-1904.710 -76.637 715.612 -172.7901 1.1222 104.7268][-0.254162 -0.958877 -0.126321 -0.966963 0.254578 0.013113 0.019585 0.125481 -0.991903] 
fr 84822
ts 34442.989364
6d 1 [12 1.000][-1904.710 -76.637 715.612 -172.7901 1.1222 104.7268][-0.254162 -0.958877 -0.126321 -0.966963 0.254578 0.013113 0.019585 0.125481 -0.991903] 
fr 84823
ts 34443.006035
6d 1 [12 1.000][-1904.710 -76.637 715.612 -172.7901 1.1222 104.7268][-0.254162 -0.958877 -0.126321 -0.966963 0.254578 0.013113 0.019585 0.125481 -0.991903] 
fr 84824
ts 34443.022697
6d 1 [12 1.000][-1904.710 -76.637 715.612 -172.7901 1.1222 104.7268][-0.254162 -0.958877 -0.126321 -0.966963 0.254578 0.013113 0.019585 0.125481 -0.991903] 
fr 84825
ts 34443.039362
6d 1 [12 1.000][-1904.710 -76.637 715.612 -172.7901 1.1222 104.7268][-0.254162 -0.958877 -0.126321 -0.966963 0.254578 0.013113 0.019585 0.125481 -0.991903] 
fr 84826
ts 34443.056024
6d 1 [12 1.000][-1904.710 -76.637 715.612 -172.7901 1.1222 104.7268][-0.254162 -0.958877 -0.126321 -0.966963 0.254578 0.013113 0.019585 0.125481 -0.991903] 
fr 84827
ts 34443.072681
6d 1 [12 1.000][-1904.710 -76.637 715.612 -172.7901 1.1222 104.7268][-0.254162 -0.958877 -0.126321 -0.966963 0.254578 0.013113 0.019585 0.125481 -0.991903] 
fr 84828
ts 34443.089343
6d 1 [12 1.000][-1904.710 -76.637 715.612 -172.7901 1.1222 104.7268][-0.254162 -0.958877 -0.126321 -0.966963 0.254578 0.013113 0.019585 0.125481 -0.991903] 
fr 84829
ts 34443.105994
6d 1 [12 1.000][-1904.710 -76.637 715.612 -172.7901 1.1222 104.7268][-0.254162 -0.958877 -0.126321 -0.966963 0.254578 0.013113 0.019585 0.125481 -0.991903] 
fr 84830
ts 34443.122656
6d 1 [12 1.000][-1904.710 -76.637 715.612 -172.7901 1.1222 104.7268][-0.254162 -0.958877 -0.126321 -0.966963 0.254578 0.013113 0.019585 0.125481 -0.991903] 
fr 84831
ts 34443.139299
6d 1 [12 1.000][-1904.710 -76.637 715.612 -172.7901 1.1222 104.7268][-0.254162 -0.958877 -0.126321 -0.966963 0.254578 0.013113 0.019585 0.125481 -0.991903] 
fr 84832
ts 34443.155961
6d 1 [12 1.000][-1904.710 -76.637 715.612 -172.7901 1.1222 104.7268][-0.254162 -0.958877 -0.126321 -0.966963 0.254578 0.013113 0.019585 0.125481 -0.991903] 
fr 84833
ts 34443.172648
6d 1 [12 1.000][-1904.710 -76.637 715.612 -172.7901 1.1222 104.7268][-0.254162 -0.958877 -0.126321 -0.966963 0.254578 0.013113 0.019585 0.125481 -0.991903] 
fr 84834
ts 34443.189312
6d 1 [12 1.000][-1904.710 -76.637 715.612 -172.7901 1.1222 104.7268][-0.254162 -0.958877 -0.126321 -0.966963 0.254578 0.013113 0.019585 0.125481 -0.991903] 
fr 84835
ts 34443.205993
6d 1 [12 1.000][-1904.705 -76.650 715.584 -172.7895 1.1223 104.7277][-0.254177 -0.958872 -0.126331 -0.966959 0.254593 0.013116 0.019586 0.125491 -0.991901] 
fr 84836
ts 34443.222655
6d 1 [12 1.000][-1904.704 -76.659 715.598 -172.7898 1.1231 104.7283][-0.254187 -0.958869 -0.126329 -0.966956 0.254605 0.013102 0.019601 0.125485 -0.991902] 
fr 84837
ts 34443.239330
6d 1 [12 1.000][-1904.699 -76.668 715.582 -172.7834 1.1182 104.7336][-0.254277 -0.958834 -0.126414 -0.966935 0.254681 0.013225 0.019515 0.125597 -0.991889] 
fr 84838
ts 34443.255993
6d 1 [12 1.000][-1904.699 -76.668 715.582 -172.7834 1.1182 104.7336][-0.254277 -0.958834 -0.126414 -0.966935 0.254681 0.013225 0.019515 0.125597 -0.991889] 
fr 84839
ts 34443.272659
6d 1 [12 1.000][-1904.699 -76.668 715.582 -172.7834 1.1182 104.7336][-0.254277 -0.958834 -0.126414 -0.966935 0.254681 0.013225 0.019515 0.125597 -0.991889] 
fr 84840
ts 34443.289322
6d 1 [12 1.000][-1904.699 -76.668 715.582 -172.7834 1.1182 104.7336][-0.254277 -0.958834 -0.126414 -0.966935 0.254681 0.013225 0.019515 0.125597 -0.991889] 
fr 84841
ts 34443.305983
6d 1 [12 1.000][-1904.699 -76.668 715.582 -172.7834 1.1182 104.7336][-0.254277 -0.958834 -0.126414 -0.966935 0.254681 0.013225 0.019515 0.125597 -0.991889] 
fr 84842
ts 34443.322645
6d 1 [12 1.000][-1904.699 -76.668 715.582 -172.7834 1.1182 104.7336][-0.254277 -0.958834 -0.126414 -0.966935 0.254681 0.013225 0.019515 0.125597 -0.991889] 
fr 84843
ts 34443.339295
6d 1 [12 1.000][-1904.699 -76.668 715.582 -172.7834 1.1182 104.7336][-0.254277 -0.958834 -0.126414 -0.966935 0.254681 0.013225 0.019515 0.125597 -0.991889] 
fr 84844
ts 34443.355961
6d 1 [12 1.000][-1904.699 -76.668 715.582 -172.7834 1.1182 104.7336][-0.254277 -0.958834 -0.126414 -0.966935 0.254681 0.013225 0.019515 0.125597 -0.991889] 
fr 84845
ts 34443.372608
6d 1 [12 1.000][-1904.699 -76.668 715.582 -172.7834 1.1182 104.7336][-0.254277 -0.958834 -0.126414 -0.966935 0.254681 0.013225 0.019515 0.125597 -0.991889] 
fr 84846
ts 34443.389270
6d 1 [12 1.000][-1904.699 -76.668 715.582 -172.7834 1.1182 104.7336][-0.254277 -0.958834 -0.126414 -0.966935 0.254681 0.013225 0.019515 0.125597 -0.991889] 
fr 84847
ts 34443.405962
6d 1 [12 1.000][-1904.699 -76.668 715.582 -172.7834 1.1182 104.7336][-0.254277 -0.958834 -0.126414 -0.966935 0.254681 0.013225 0.019515 0.125597 -0.991889] 
fr 84848
ts 34443.422624
6d 1 [12 1.000][-1904.699 -76.668 715.582 -172.7834 1.1182 104.7336][-0.254277 -0.958834 -0.126414 -0.966935 0.254681 0.013225 0.019515 0.125597 -0.991889] 
fr 84849
ts 34443.439309
6d 1 [12 1.000][-1904.699 -76.668 715.582 -172.7834 1.1182 104.7336][-0.254277 -0.958834 -0.126414 -0.966935 0.254681 0.013225 0.019515 0.125597 -0.991889] 
fr 84850
ts 34443.455972
6d 1 [12 1.000][-1904.699 -76.668 715.582 -172.7834 1.1182 104.7336][-0.254277 -0.958834 -0.126414 -0.966935 0.254681 0.013225 0.019515 0.125597 -0.991889] 
fr 84851
ts 34443.472650
6d 1 [12 1.000][-1904.699 -76.668 715.582 -172.7834 1.1182 104.7336][-0.254277 -0.958834 -0.126414 -0.966935 0.254681 0.013225 0.019515 0.125597 -0.991889] 
fr 84852
ts 34443.489311
6d 1 [12 1.000][-1904.699 -76.668 715.582 -172.7834 1.1182 104.7336][-0.254277 -0.958834 -0.126414 -0.966935 0.254681 0.013225 0.019515 0.125597 -0.991889] 
fr 84853
ts 34443.505983
6d 1 [12 1.000][-1904.699 -76.668 715.582 -172.7834 1.1182 104.7336][-0.254277 -0.958834 -0.126414 -0.966935 0.254681 0.013225 0.019515 0.125597 -0.991889] 
fr 84854
ts 34443.522644
6d 1 [12 1.000][-1904.699 -76.668 715.582 -172.7834 1.1182 104.7336][-0.254277 -0.958834 -0.126414 -0.966935 0.254681 0.013225 0.019515 0.125597 -0.991889] 
fr 84855
ts 34443.539309
6d 1 [12 1.000][-1904.699 -76.668 715.582 -172.7834 1.1182 104.7336][-0.254277 -0.958834 -0.126414 -0.966935 0.254681 0.013225 0.019515 0.125597 -0.991889] 
fr 84856
ts 34443.555971
6d 1 [12 1.000][-1904.699 -76.668 715.582 -172.7834 1.1182 104.7336][-0.254277 -0.958834 -0.126414 -0.966935 0.254681 0.013225 0.019515 0.125597 -0.991889] 
fr 84857
ts 34443.572629
6d 1 [12 1.000][-1904.699 -76.668 715.582 -172.7834 1.1182 104.7336][-0.254277 -0.958834 -0.126414 -0.966935 0.254681 0.013225 0.019515 0.125597 -0.991889] 
fr 84858
ts 34443.589290
6d 1 [12 1.000][-1904.699 -76.668 715.582 -172.7834 1.1182 104.7336][-0.254277 -0.958834 -0.126414 -0.966935 0.254681 0.013225 0.019515 0.125597 -0.991889] 
fr 84859
ts 34443.605942
6d 1 [12 1.000][-1904.699 -76.668 715.582 -172.7834 1.1182 104.7336][-0.254277 -0.958834 -0.126414 -0.966935 0.254681 0.013225 0.019515 0.125597 -0.991889] 
fr 84860
ts 34443.622603
6d 1 [12 1.000][-1904.699 -76.668 715.582 -172.7834 1.1182 104.7336][-0.254277 -0.958834 -0.126414 -0.966935 0.254681 0.013225 0.019515 0.125597 -0.991889] 
fr 84861
ts 34443.639247
6d 1 [12 1.000][-1904.699 -76.668 715.582 -172.7834 1.1182 104.7336][-0.254277 -0.958834 -0.126414 -0.966935 0.254681 0.013225 0.019515 0.125597 -0.991889] 
fr 84862
ts 34443.655910
6d 1 [12 1.000][-1904.699 -76.668 715.582 -172.7834 1.1182 104.7336][-0.254277 -0.958834 -0.126414 -0.966935 0.254681 0.013225 0.019515 0.125597 -0.991889] 
fr 84863
ts 34443.672595
6d 1 [12 1.000][-1904.695 -76.626 715.559 -172.7834 1.1182 104.7329][-0.254264 -0.958837 -0.126413 -0.966938 0.254669 0.013223 0.019515 0.125596 -0.991890] 
fr 84864
ts 34443.689259
6d 1 [12 1.000][-1904.698 -76.627 715.576 -172.7851 1.1224 104.7261][-0.254149 -0.958869 -0.126406 -0.966967 0.254565 0.013130 0.019588 0.125567 -0.991892] 
fr 84865
ts 34443.705941
6d 1 [12 1.000][-1904.698 -76.627 715.576 -172.7851 1.1224 104.7261][-0.254149 -0.958869 -0.126406 -0.966967 0.254565 0.013130 0.019588 0.125567 -0.991892] 
fr 84866
ts 34443.722602
6d 1 [12 1.000][-1904.698 -76.627 715.576 -172.7851 1.1224 104.7261][-0.254149 -0.958869 -0.126406 -0.966967 0.254565 0.013130 0.019588 0.125567 -0.991892] 
fr 84867
ts 34443.739276
6d 1 [12 1.000][-1904.698 -76.627 715.576 -172.7851 1.1224 104.7261][-0.254149 -0.958869 -0.126406 -0.966967 0.254565 0.013130 0.019588 0.125567 -0.991892] 
fr 84868
ts 34443.755939
6d 1 [12 1.000][-1904.698 -76.627 715.576 -172.7851 1.1224 104.7261][-0.254149 -0.958869 -0.126406 -0.966967 0.254565 0.013130 0.019588 0.125567 -0.991892] 
fr 84869
ts 34443.772606
6d 1 [12 1.000][-1904.698 -76.627 715.576 -172.7851 1.1224 104.7261][-0.254149 -0.958869 -0.126406 -0.966967 0.254565 0.013130 0.019588 0.125567 -0.991892] 
fr 84870
ts 34443.789270
6d 1 [12 1.000][-1904.698 -76.627 715.576 -172.7851 1.1224 104.7261][-0.254149 -0.958869 -0.126406 -0.966967 0.254565 0.013130 0.019588 0.125567 -0.991892] 
fr 84871
ts 34443.805931
6d 1 [12 1.000][-1904.698 -76.627 715.576 -172.7851 1.1224 104.7261][-0.254149 -0.958869 -0.126406 -0.966967 0.254565 0.013130 0.019588 0.125567 -0.991892] 
fr 84872
ts 34443.822593
6d 1 [12 1.000][-1904.698 -76.627 715.576 -172.7851 1.1224 104.7261][-0.254149 -0.958869 -0.126406 -0.966967 0.254565 0.013130 0.019588 0.125567 -0.991892] 
fr 84873
ts 34443.839249
6d 1 [12 1.000][-1904.693 -76.707 715.583 -172.7844 1.1218 104.7259][-0.254146 -0.958869 -0.126415 -0.966968 0.254560 0.013142 0.019579 0.125579 -0.991890] 
fr 84874
ts 34443.855910
6d 1 [12 1.000][-1904.700 -76.682 715.588 -172.7772 1.1168 104.7240][-0.254114 -0.958864 -0.126514 -0.966978 0.254516 0.013254 0.019491 0.125704 -0.991876] 
fr 84875
ts 34443.872558
6d 1 [12 1.000][-1904.700 -76.682 715.588 -172.7772 1.1168 104.7240][-0.254114 -0.958864 -0.126514 -0.966978 0.254516 0.013254 0.019491 0.125704 -0.991876] 
fr 84876
ts 34443.889220
6d 1 [12 1.000][-1904.700 -76.682 715.588 -172.7772 1.1168 104.7240][-0.254114 -0.958864 -0.126514 -0.966978 0.254516 0.013254 0.019491 0.125704 -0.991876] 
fr 84877
ts 34443.905913
6d 1 [12 1.000][-1904.700 -76.682 715.588 -172.7772 1.1168 104.7240][-0.254114 -0.958864 -0.126514 -0.966978 0.254516 0.013254 0.019491 0.125704 -0.991876] 
fr 84878
ts 34443.922568
6d 1 [12 1.000][-1904.700 -76.682 715.588 -172.7772 1.1168 104.7240][-0.254114 -0.958864 -0.126514 -0.966978 0.254516 0.013254 0.019491 0.125704 -0.991876] 
fr 84879
ts 34443.939260
6d 1 [12 1.000][-1904.700 -76.682 715.588 -172.7772 1.1168 104.7240][-0.254114 -0.958864 -0.126514 -0.966978 0.254516 0.013254 0.019491 0.125704 -0.991876] 
fr 84880
ts 34443.955921
6d 1 [12 1.000][-1904.700 -76.682 715.588 -172.7772 1.1168 104.7240][-0.254114 -0.958864 -0.126514 -0.966978 0.254516 0.013254 0.019491 0.125704 -0.991876] 
fr 84881
ts 34443.972599
6d 1 [12 1.000][-1904.700 -76.682 715.588 -172.7772 1.1168 104.7240][-0.254114 -0.958864 -0.126514 -0.966978 0.254516 0.013254 0.019491 0.125704 -0.991876] 
fr 84882
ts 34443.989261
6d 1 [12 1.000][-1904.700 -76.682 715.588 -172.7772 1.1168 104.7240][-0.254114 -0.958864 -0.126514 -0.966978 0.254516 0.013254 0.019491 0.125704 -0.991876] 
fr 84883
ts 34444.005934
6d 1 [12 1.000][-1904.700 -76.682 715.588 -172.7772 1.1168 104.7240][-0.254114 -0.958864 -0.126514 -0.966978 0.254516 0.013254 0.019491 0.125704 -0.991876] 
fr 84884
ts 34444.022594
6d 1 [12 1.000][-1904.700 -76.682 715.588 -172.7772 1.1168 104.7240][-0.254114 -0.958864 -0.126514 -0.966978 0.254516 0.013254 0.019491 0.125704 -0.991876] 
fr 84885
ts 34444.039260
6d 1 [12 1.000][-1904.700 -76.682 715.588 -172.7772 1.1168 104.7240][-0.254114 -0.958864 -0.126514 -0.966978 0.254516 0.013254 0.019491 0.125704 -0.991876] 
fr 84886
ts 34444.055922
6d 1 [12 1.000][-1904.700 -76.682 715.588 -172.7772 1.1168 104.7240][-0.254114 -0.958864 -0.126514 -0.966978 0.254516 0.013254 0.019491 0.125704 -0.991876] 
fr 84887
ts 34444.072578
6d 1 [12 1.000][-1904.700 -76.682 715.588 -172.7772 1.1168 104.7240][-0.254114 -0.958864 -0.126514 -0.966978 0.254516 0.013254 0.019491 0.125704 -0.991876] 
fr 84888
ts 34444.089241
6d 1 [12 1.000][-1904.700 -76.682 715.588 -172.7772 1.1168 104.7240][-0.254114 -0.958864 -0.126514 -0.966978 0.254516 0.013254 0.019491 0.125704 -0.991876] 
fr 84889
ts 34444.105888
6d 1 [12 1.000][-1904.700 -76.682 715.588 -172.7772 1.1168 104.7240][-0.254114 -0.958864 -0.126514 -0.966978 0.254516 0.013254 0.019491 0.125704 -0.991876] 
fr 84890
ts 34444.122554
6d 1 [12 1.000][-1904.700 -76.682 715.588 -172.7772 1.1168 104.7240][-0.254114 -0.958864 -0.126514 -0.966978 0.254516 0.013254 0.019491 0.125704 -0.991876] 
fr 84891
ts 34444.139198
6d 1 [12 1.000][-1904.700 -76.682 715.588 -172.7772 1.1168 104.7240][-0.254114 -0.958864 -0.126514 -0.966978 0.254516 0.013254 0.019491 0.125704 -0.991876] 
fr 84892
ts 34444.155860
6d 1 [12 1.000][-1904.700 -76.682 715.588 -172.7772 1.1168 104.7240][-0.254114 -0.958864 -0.126514 -0.966978 0.254516 0.013254 0.019491 0.125704 -0.991876] 
fr 84893
ts 34444.172549
6d 1 [12 1.000][-1904.700 -76.682 715.588 -172.7772 1.1168 104.7240][-0.254114 -0.958864 -0.126514 -0.966978 0.254516 0.013254 0.019491 0.125704 -0.991876] 
fr 84894
ts 34444.189210
6d 1 [12 1.000][-1904.700 -76.682 715.588 -172.7772 1.1168 104.7240][-0.254114 -0.958864 -0.126514 -0.966978 0.254516 0.013254 0.019491 0.125704 -0.991876] 
fr 84895
ts 34444.205893
6d 1 [12 1.000][-1904.700 -76.682 715.588 -172.7772 1.1168 104.7240][-0.254114 -0.958864 -0.126514 -0.966978 0.254516 0.013254 0.019491 0.125704 -0.991876] 
fr 84896
ts 34444.222556
6d 1 [12 1.000][-1904.700 -76.682 715.588 -172.7772 1.1168 104.7240][-0.254114 -0.958864 -0.126514 -0.966978 0.254516 0.013254 0.019491 0.125704 -0.991876] 
fr 84897
ts 34444.239231
6d 1 [12 1.000][-1904.700 -76.682 715.588 -172.7772 1.1168 104.7240][-0.254114 -0.958864 -0.126514 -0.966978 0.254516 0.013254 0.019491 0.125704 -0.991876] 
fr 84898
ts 34444.255892
6d 1 [12 1.000][-1904.700 -76.682 715.588 -172.7772 1.1168 104.7240][-0.254114 -0.958864 -0.126514 -0.966978 0.254516 0.013254 0.019491 0.125704 -0.991876] 
fr 84899
ts 34444.272560
6d 1 [12 1.000][-1904.700 -76.682 715.588 -172.7772 1.1168 104.7240][-0.254114 -0.958864 -0.126514 -0.966978 0.254516 0.013254 0.019491 0.125704 -0.991876] 
fr 84900
ts 34444.289221
6d 1 [12 1.000][-1904.700 -76.682 715.588 -172.7772 1.1168 104.7240][-0.254114 -0.958864 -0.126514 -0.966978 0.254516 0.013254 0.019491 0.125704 -0.991876] 
fr 84901
ts 34444.305883
6d 1 [12 1.000][-1904.700 -76.682 715.588 -172.7772 1.1168 104.7240][-0.254114 -0.958864 -0.126514 -0.966978 0.254516 0.013254 0.019491 0.125704 -0.991876] 
fr 84902
ts 34444.322546
6d 1 [12 1.000][-1904.700 -76.682 715.588 -172.7772 1.1168 104.7240][-0.254114 -0.958864 -0.126514 -0.966978 0.254516 0.013254 0.019491 0.125704 -0.991876] 
fr 84903
ts 34444.339200
6d 1 [12 1.000][-1904.700 -76.682 715.588 -172.7772 1.1168 104.7240][-0.254114 -0.958864 -0.126514 -0.966978 0.254516 0.013254 0.019491 0.125704 -0.991876] 
fr 84904
ts 34444.355862
6d 1 [12 1.000][-1904.699 -76.665 715.574 -172.7770 1.1173 104.7241][-0.254116 -0.958863 -0.126520 -0.966977 0.254519 0.013248 0.019499 0.125708 -0.991876] 
fr 84905
ts 34444.372509
6d 1 [12 1.000][-1904.698 -76.647 715.574 -172.7801 1.1258 104.7248][-0.254128 -0.958862 -0.126504 -0.966971 0.254550 0.013093 0.019647 0.125653 -0.991880] 
fr 84906
ts 34444.389171
6d 1 [12 1.000][-1904.698 -76.647 715.574 -172.7801 1.1258 104.7248][-0.254128 -0.958862 -0.126504 -0.966971 0.254550 0.013093 0.019647 0.125653 -0.991880] 
fr 84907
ts 34444.405812
6d 1 [12 1.000][-1904.689 -76.651 715.674 -172.7806 1.1254 104.7246][-0.254123 -0.958864 -0.126495 -0.966972 0.254545 0.013097 0.019641 0.125645 -0.991881] 
fr 84908
ts 34444.422475
6d 1 [12 1.000][-1904.687 -76.657 715.594 -172.7799 1.1224 104.7235][-0.254106 -0.958869 -0.126494 -0.966978 0.254521 0.013149 0.019587 0.125658 -0.991880] 
fr 84909
ts 34444.439155
6d 1 [12 1.000][-1904.687 -76.657 715.594 -172.7799 1.1224 104.7235][-0.254106 -0.958869 -0.126494 -0.966978 0.254521 0.013149 0.019587 0.125658 -0.991880] 
fr 84910
ts 34444.455821
6d 1 [12 1.000][-1904.687 -76.657 715.594 -172.7799 1.1224 104.7235][-0.254106 -0.958869 -0.126494 -0.966978 0.254521 0.013149 0.019587 0.125658 -0.991880] 
