fr 15799
ts 33292.767941
6d 1 [12 1.000][-1962.746 -64.576 716.621 -173.0732 -1.2885 90.5284][-0.009219 -0.992684 -0.120390 -0.999705 0.006443 0.023433 -0.022486 0.120570 -0.992450] 
fr 15800
ts 33292.784602
6d 1 [12 1.000][-1962.746 -64.576 716.621 -173.0732 -1.2885 90.5284][-0.009219 -0.992684 -0.120390 -0.999705 0.006443 0.023433 -0.022486 0.120570 -0.992450] 
fr 15801
ts 33292.801279
6d 1 [12 1.000][-1962.746 -64.576 716.621 -173.0732 -1.2885 90.5284][-0.009219 -0.992684 -0.120390 -0.999705 0.006443 0.023433 -0.022486 0.120570 -0.992450] 
fr 15802
ts 33292.817941
6d 1 [12 1.000][-1962.746 -64.576 716.621 -173.0732 -1.2885 90.5284][-0.009219 -0.992684 -0.120390 -0.999705 0.006443 0.023433 -0.022486 0.120570 -0.992450] 
fr 15803
ts 33292.834611
6d 1 [12 1.000][-1962.746 -64.576 716.621 -173.0732 -1.2885 90.5284][-0.009219 -0.992684 -0.120390 -0.999705 0.006443 0.023433 -0.022486 0.120570 -0.992450] 
fr 15804
ts 33292.851272
6d 1 [12 1.000][-1962.746 -64.576 716.621 -173.0732 -1.2885 90.5284][-0.009219 -0.992684 -0.120390 -0.999705 0.006443 0.023433 -0.022486 0.120570 -0.992450] 
fr 15805
ts 33292.867936
6d 1 [12 1.000][-1962.746 -64.576 716.621 -173.0732 -1.2885 90.5284][-0.009219 -0.992684 -0.120390 -0.999705 0.006443 0.023433 -0.022486 0.120570 -0.992450] 
fr 15806
ts 33292.884596
6d 1 [12 1.000][-1962.746 -64.576 716.621 -173.0732 -1.2885 90.5284][-0.009219 -0.992684 -0.120390 -0.999705 0.006443 0.023433 -0.022486 0.120570 -0.992450] 
fr 15807
ts 33292.901253
6d 1 [12 1.000][-1962.746 -64.576 716.621 -173.0732 -1.2885 90.5284][-0.009219 -0.992684 -0.120390 -0.999705 0.006443 0.023433 -0.022486 0.120570 -0.992450] 
fr 15808
ts 33292.917914
6d 1 [12 1.000][-1962.746 -64.576 716.621 -173.0732 -1.2885 90.5284][-0.009219 -0.992684 -0.120390 -0.999705 0.006443 0.023433 -0.022486 0.120570 -0.992450] 
fr 15809
ts 33292.934564
6d 1 [12 1.000][-1962.746 -64.576 716.621 -173.0732 -1.2885 90.5284][-0.009219 -0.992684 -0.120390 -0.999705 0.006443 0.023433 -0.022486 0.120570 -0.992450] 
fr 15810
ts 33292.951227
6d 1 [12 1.000][-1962.746 -64.576 716.621 -173.0732 -1.2885 90.5284][-0.009219 -0.992684 -0.120390 -0.999705 0.006443 0.023433 -0.022486 0.120570 -0.992450] 
fr 15811
ts 33292.967868
6d 1 [12 1.000][-1962.746 -64.576 716.621 -173.0732 -1.2885 90.5284][-0.009219 -0.992684 -0.120390 -0.999705 0.006443 0.023433 -0.022486 0.120570 -0.992450] 
fr 15812
ts 33292.984529
6d 1 [12 1.000][-1962.763 -64.623 716.678 -173.0733 -1.2888 90.5290][-0.009230 -0.992684 -0.120388 -0.999704 0.006453 0.023439 -0.022491 0.120568 -0.992450] 
fr 15813
ts 33293.001218
6d 1 [12 1.000][-1962.755 -64.628 716.684 -173.0743 -1.2903 90.5293][-0.009236 -0.992686 -0.120371 -0.999704 0.006456 0.023466 -0.022517 0.120552 -0.992452] 
fr 15814
ts 33293.017879
6d 1 [12 1.000][-1962.754 -64.618 716.653 -173.0727 -1.2896 90.5338][-0.009315 -0.992682 -0.120396 -0.999703 0.006535 0.023464 -0.022506 0.120579 -0.992449] 
fr 15815
ts 33293.034557
6d 1 [12 1.000][-1962.754 -64.618 716.653 -173.0727 -1.2896 90.5338][-0.009315 -0.992682 -0.120396 -0.999703 0.006535 0.023464 -0.022506 0.120579 -0.992449] 
fr 15816
ts 33293.051221
6d 1 [12 1.000][-1962.754 -64.618 716.653 -173.0727 -1.2896 90.5338][-0.009315 -0.992682 -0.120396 -0.999703 0.006535 0.023464 -0.022506 0.120579 -0.992449] 
fr 15817
ts 33293.067895
6d 1 [12 1.000][-1962.754 -64.618 716.653 -173.0727 -1.2896 90.5338][-0.009315 -0.992682 -0.120396 -0.999703 0.006535 0.023464 -0.022506 0.120579 -0.992449] 
fr 15818
ts 33293.084556
6d 1 [12 1.000][-1962.760 -64.595 716.666 -173.0736 -1.2900 90.5337][-0.009312 -0.992684 -0.120382 -0.999703 0.006532 0.023470 -0.022512 0.120564 -0.992450] 
fr 15819
ts 33293.101220
6d 1 [12 1.000][-1962.756 -64.611 716.659 -173.0791 -1.2994 90.5322][-0.009286 -0.992696 -0.120284 -0.999700 0.006489 0.023630 -0.022677 0.120468 -0.992458] 
fr 15820
ts 33293.117885
6d 1 [12 1.000][-1962.756 -64.611 716.659 -173.0791 -1.2994 90.5322][-0.009286 -0.992696 -0.120284 -0.999700 0.006489 0.023630 -0.022677 0.120468 -0.992458] 
fr 15821
ts 33293.134545
6d 1 [12 1.000][-1962.749 -64.592 716.614 -173.0788 -1.2986 90.5320][-0.009282 -0.992695 -0.120290 -0.999700 0.006486 0.023616 -0.022664 0.120473 -0.992458] 
fr 15822
ts 33293.151206
6d 1 [12 1.000][-1962.748 -64.556 716.549 -173.0773 -1.2968 90.5318][-0.009280 -0.992692 -0.120317 -0.999701 0.006487 0.023584 -0.022631 0.120500 -0.992455] 
fr 15823
ts 33293.167860
6d 1 [12 1.000][-1962.751 -64.574 716.565 -173.0756 -1.2959 90.5321][-0.009285 -0.992689 -0.120347 -0.999701 0.006493 0.023570 -0.022616 0.120529 -0.992452] 
fr 15824
ts 33293.184521
6d 1 [12 1.000][-1962.743 -64.574 716.587 -173.0754 -1.2960 90.5317][-0.009278 -0.992688 -0.120349 -0.999701 0.006486 0.023570 -0.022617 0.120532 -0.992452] 
fr 15825
ts 33293.201166
6d 1 [12 1.000][-1962.734 -64.570 716.606 -173.0712 -1.2902 90.5303][-0.009253 -0.992679 -0.120424 -0.999704 0.006471 0.023468 -0.022517 0.120606 -0.992445] 
fr 15826
ts 33293.217828
6d 1 [12 1.000][-1962.734 -64.570 716.606 -173.0712 -1.2902 90.5303][-0.009253 -0.992679 -0.120424 -0.999704 0.006471 0.023468 -0.022517 0.120606 -0.992445] 
fr 15827
ts 33293.234520
6d 1 [12 1.000][-1962.734 -64.570 716.606 -173.0712 -1.2902 90.5303][-0.009253 -0.992679 -0.120424 -0.999704 0.006471 0.023468 -0.022517 0.120606 -0.992445] 
fr 15828
ts 33293.251183
6d 1 [12 1.000][-1962.728 -64.562 716.655 -173.0712 -1.2913 90.5301][-0.009249 -0.992680 -0.120423 -0.999703 0.006466 0.023486 -0.022535 0.120605 -0.992445] 
fr 15829
ts 33293.267861
6d 1 [12 1.000][-1962.732 -64.565 716.598 -173.0709 -1.2960 90.5281][-0.009215 -0.992679 -0.120428 -0.999702 0.006422 0.023563 -0.022617 0.120610 -0.992442] 
fr 15830
ts 33293.284527
6d 1 [12 1.000][-1962.732 -64.565 716.598 -173.0709 -1.2960 90.5281][-0.009215 -0.992679 -0.120428 -0.999702 0.006422 0.023563 -0.022617 0.120610 -0.992442] 
fr 15831
ts 33293.301204
6d 1 [12 1.000][-1962.726 -64.587 716.639 -173.0712 -1.2970 90.5281][-0.009215 -0.992680 -0.120424 -0.999701 0.006420 0.023581 -0.022635 0.120605 -0.992442] 
fr 15832
ts 33293.317866
6d 1 [12 1.000][-1962.733 -64.571 716.641 -173.0708 -1.2955 90.5280][-0.009212 -0.992679 -0.120431 -0.999702 0.006420 0.023555 -0.022609 0.120612 -0.992442] 
fr 15833
ts 33293.334532
6d 1 [12 1.000][-1962.736 -64.572 716.620 -173.0708 -1.3011 90.5282][-0.009216 -0.992679 -0.120430 -0.999700 0.006412 0.023651 -0.022706 0.120612 -0.992440] 
fr 15834
ts 33293.351198
6d 1 [12 1.000][-1962.736 -64.572 716.620 -173.0708 -1.3011 90.5282][-0.009216 -0.992679 -0.120430 -0.999700 0.006412 0.023651 -0.022706 0.120612 -0.992440] 
fr 15835
ts 33293.367861
6d 1 [12 1.000][-1962.736 -64.572 716.620 -173.0708 -1.3011 90.5282][-0.009216 -0.992679 -0.120430 -0.999700 0.006412 0.023651 -0.022706 0.120612 -0.992440] 
fr 15836
ts 33293.384523
6d 1 [12 1.000][-1962.736 -64.572 716.620 -173.0708 -1.3011 90.5282][-0.009216 -0.992679 -0.120430 -0.999700 0.006412 0.023651 -0.022706 0.120612 -0.992440] 
fr 15837
ts 33293.401179
6d 1 [12 1.000][-1962.736 -64.572 716.620 -173.0708 -1.3011 90.5282][-0.009216 -0.992679 -0.120430 -0.999700 0.006412 0.023651 -0.022706 0.120612 -0.992440] 
fr 15838
ts 33293.417840
6d 1 [12 1.000][-1962.736 -64.572 716.620 -173.0708 -1.3011 90.5282][-0.009216 -0.992679 -0.120430 -0.999700 0.006412 0.023651 -0.022706 0.120612 -0.992440] 
fr 15839
ts 33293.434490
6d 1 [12 1.000][-1962.736 -64.572 716.620 -173.0708 -1.3011 90.5282][-0.009216 -0.992679 -0.120430 -0.999700 0.006412 0.023651 -0.022706 0.120612 -0.992440] 
fr 15840
ts 33293.451152
6d 1 [12 1.000][-1962.736 -64.572 716.620 -173.0708 -1.3011 90.5282][-0.009216 -0.992679 -0.120430 -0.999700 0.006412 0.023651 -0.022706 0.120612 -0.992440] 
fr 15841
ts 33293.467794
6d 1 [12 1.000][-1962.736 -64.572 716.620 -173.0708 -1.3011 90.5282][-0.009216 -0.992679 -0.120430 -0.999700 0.006412 0.023651 -0.022706 0.120612 -0.992440] 
fr 15842
ts 33293.484457
6d 1 [12 1.000][-1962.736 -64.572 716.620 -173.0708 -1.3011 90.5282][-0.009216 -0.992679 -0.120430 -0.999700 0.006412 0.023651 -0.022706 0.120612 -0.992440] 
fr 15843
ts 33293.501144
6d 1 [12 1.000][-1962.736 -64.572 716.620 -173.0708 -1.3011 90.5282][-0.009216 -0.992679 -0.120430 -0.999700 0.006412 0.023651 -0.022706 0.120612 -0.992440] 
fr 15844
ts 33293.517806
6d 1 [12 1.000][-1962.736 -64.572 716.620 -173.0708 -1.3011 90.5282][-0.009216 -0.992679 -0.120430 -0.999700 0.006412 0.023651 -0.022706 0.120612 -0.992440] 
fr 15845
ts 33293.534487
6d 1 [12 1.000][-1962.736 -64.572 716.620 -173.0708 -1.3011 90.5282][-0.009216 -0.992679 -0.120430 -0.999700 0.006412 0.023651 -0.022706 0.120612 -0.992440] 
fr 15846
ts 33293.551149
6d 1 [12 1.000][-1962.736 -64.572 716.620 -173.0708 -1.3011 90.5282][-0.009216 -0.992679 -0.120430 -0.999700 0.006412 0.023651 -0.022706 0.120612 -0.992440] 
fr 15847
ts 33293.567818
6d 1 [12 1.000][-1962.736 -64.572 716.620 -173.0708 -1.3011 90.5282][-0.009216 -0.992679 -0.120430 -0.999700 0.006412 0.023651 -0.022706 0.120612 -0.992440] 
fr 15848
ts 33293.584485
6d 1 [12 1.000][-1962.736 -64.572 716.620 -173.0708 -1.3011 90.5282][-0.009216 -0.992679 -0.120430 -0.999700 0.006412 0.023651 -0.022706 0.120612 -0.992440] 
fr 15849
ts 33293.601151
6d 1 [12 1.000][-1962.736 -64.572 716.620 -173.0708 -1.3011 90.5282][-0.009216 -0.992679 -0.120430 -0.999700 0.006412 0.023651 -0.022706 0.120612 -0.992440] 
fr 15850
ts 33293.617813
6d 1 [12 1.000][-1962.736 -64.572 716.620 -173.0708 -1.3011 90.5282][-0.009216 -0.992679 -0.120430 -0.999700 0.006412 0.023651 -0.022706 0.120612 -0.992440] 
fr 15851
ts 33293.634471
6d 1 [12 1.000][-1962.736 -64.572 716.620 -173.0708 -1.3011 90.5282][-0.009216 -0.992679 -0.120430 -0.999700 0.006412 0.023651 -0.022706 0.120612 -0.992440] 
fr 15852
ts 33293.651133
6d 1 [12 1.000][-1962.768 -64.594 716.639 -173.0712 -1.2982 90.5285][-0.009221 -0.992680 -0.120424 -0.999701 0.006423 0.023601 -0.022655 0.120606 -0.992442] 
fr 15853
ts 33293.667787
6d 1 [12 1.000][-1962.766 -64.598 716.640 -173.0740 -1.2739 90.5313][-0.009270 -0.992685 -0.120377 -0.999710 0.006524 0.023187 -0.022232 0.120557 -0.992457] 
fr 15854
ts 33293.684447
6d 1 [12 1.000][-1962.766 -64.598 716.640 -173.0740 -1.2739 90.5313][-0.009270 -0.992685 -0.120377 -0.999710 0.006524 0.023187 -0.022232 0.120557 -0.992457] 
fr 15855
ts 33293.701091
6d 1 [12 1.000][-1962.766 -64.598 716.640 -173.0740 -1.2739 90.5313][-0.009270 -0.992685 -0.120377 -0.999710 0.006524 0.023187 -0.022232 0.120557 -0.992457] 
fr 15856
ts 33293.717756
6d 1 [12 1.000][-1962.766 -64.598 716.640 -173.0740 -1.2739 90.5313][-0.009270 -0.992685 -0.120377 -0.999710 0.006524 0.023187 -0.022232 0.120557 -0.992457] 
fr 15857
ts 33293.734447
6d 1 [12 1.000][-1962.766 -64.598 716.640 -173.0740 -1.2739 90.5313][-0.009270 -0.992685 -0.120377 -0.999710 0.006524 0.023187 -0.022232 0.120557 -0.992457] 
fr 15858
ts 33293.751110
6d 1 [12 1.000][-1962.766 -64.598 716.640 -173.0740 -1.2739 90.5313][-0.009270 -0.992685 -0.120377 -0.999710 0.006524 0.023187 -0.022232 0.120557 -0.992457] 
fr 15859
ts 33293.767790
6d 1 [12 1.000][-1962.766 -64.598 716.640 -173.0740 -1.2739 90.5313][-0.009270 -0.992685 -0.120377 -0.999710 0.006524 0.023187 -0.022232 0.120557 -0.992457] 
fr 15860
ts 33293.784455
6d 1 [12 1.000][-1962.766 -64.598 716.640 -173.0740 -1.2739 90.5313][-0.009270 -0.992685 -0.120377 -0.999710 0.006524 0.023187 -0.022232 0.120557 -0.992457] 
fr 15861
ts 33293.801133
6d 1 [12 1.000][-1962.766 -64.598 716.640 -173.0740 -1.2739 90.5313][-0.009270 -0.992685 -0.120377 -0.999710 0.006524 0.023187 -0.022232 0.120557 -0.992457] 
fr 15862
ts 33293.817795
6d 1 [12 1.000][-1962.766 -64.598 716.640 -173.0740 -1.2739 90.5313][-0.009270 -0.992685 -0.120377 -0.999710 0.006524 0.023187 -0.022232 0.120557 -0.992457] 
fr 15863
ts 33293.834466
6d 1 [12 1.000][-1962.739 -64.592 716.622 -173.0745 -1.2773 90.5307][-0.009261 -0.992686 -0.120368 -0.999709 0.006508 0.023244 -0.022291 0.120548 -0.992457] 
fr 15864
ts 33293.851127
6d 1 [12 1.000][-1962.753 -64.585 716.605 -173.0767 -1.2979 90.5281][-0.009214 -0.992691 -0.120329 -0.999701 0.006419 0.023596 -0.022651 0.120510 -0.992454] 
fr 15865
ts 33293.867791
6d 1 [12 1.000][-1962.752 -64.580 716.539 -173.0761 -1.2980 90.5282][-0.009217 -0.992690 -0.120339 -0.999701 0.006422 0.023598 -0.022652 0.120521 -0.992452] 
fr 15866
ts 33293.884452
6d 1 [12 1.000][-1962.747 -64.579 716.591 -173.0748 -1.3013 90.5281][-0.009214 -0.992687 -0.120361 -0.999700 0.006411 0.023655 -0.022710 0.120543 -0.992448] 
fr 15867
ts 33293.901108
6d 1 [12 1.000][-1962.747 -64.579 716.591 -173.0748 -1.3013 90.5281][-0.009214 -0.992687 -0.120361 -0.999700 0.006411 0.023655 -0.022710 0.120543 -0.992448] 
fr 15868
ts 33293.917771
6d 1 [12 1.000][-1962.747 -64.579 716.591 -173.0748 -1.3013 90.5281][-0.009214 -0.992687 -0.120361 -0.999700 0.006411 0.023655 -0.022710 0.120543 -0.992448] 
fr 15869
ts 33293.934421
6d 1 [12 1.000][-1962.747 -64.579 716.591 -173.0748 -1.3013 90.5281][-0.009214 -0.992687 -0.120361 -0.999700 0.006411 0.023655 -0.022710 0.120543 -0.992448] 
fr 15870
ts 33293.951081
6d 1 [12 1.000][-1962.747 -64.579 716.591 -173.0748 -1.3013 90.5281][-0.009214 -0.992687 -0.120361 -0.999700 0.006411 0.023655 -0.022710 0.120543 -0.992448] 
fr 15871
ts 33293.967721
6d 1 [12 1.000][-1962.757 -64.571 716.697 -173.0748 -1.3013 90.5286][-0.009223 -0.992688 -0.120360 -0.999700 0.006420 0.023656 -0.022710 0.120542 -0.992448] 
fr 15872
ts 33293.984386
6d 1 [12 1.000][-1962.768 -64.575 716.632 -173.0748 -1.2997 90.5295][-0.009239 -0.992687 -0.120360 -0.999700 0.006439 0.023629 -0.022681 0.120542 -0.992449] 
fr 15873
ts 33294.001074
6d 1 [12 1.000][-1962.775 -64.580 716.604 -173.0729 -1.2963 90.5347][-0.009331 -0.992683 -0.120391 -0.999701 0.006536 0.023582 -0.022623 0.120575 -0.992446] 
fr 15874
ts 33294.017736
6d 1 [12 1.000][-1962.775 -64.580 716.604 -173.0729 -1.2963 90.5347][-0.009331 -0.992683 -0.120391 -0.999701 0.006536 0.023582 -0.022623 0.120575 -0.992446] 
fr 15875
ts 33294.034413
6d 1 [12 1.000][-1962.775 -64.580 716.604 -173.0729 -1.2963 90.5347][-0.009331 -0.992683 -0.120391 -0.999701 0.006536 0.023582 -0.022623 0.120575 -0.992446] 
fr 15876
ts 33294.051079
6d 1 [12 1.000][-1962.775 -64.580 716.604 -173.0729 -1.2963 90.5347][-0.009331 -0.992683 -0.120391 -0.999701 0.006536 0.023582 -0.022623 0.120575 -0.992446] 
fr 15877
ts 33294.067753
6d 1 [12 1.000][-1962.775 -64.580 716.604 -173.0729 -1.2963 90.5347][-0.009331 -0.992683 -0.120391 -0.999701 0.006536 0.023582 -0.022623 0.120575 -0.992446] 
fr 15878
ts 33294.084414
6d 1 [12 1.000][-1962.775 -64.580 716.604 -173.0729 -1.2963 90.5347][-0.009331 -0.992683 -0.120391 -0.999701 0.006536 0.023582 -0.022623 0.120575 -0.992446] 
fr 15879
ts 33294.101081
6d 1 [12 1.000][-1962.775 -64.580 716.604 -173.0729 -1.2963 90.5347][-0.009331 -0.992683 -0.120391 -0.999701 0.006536 0.023582 -0.022623 0.120575 -0.992446] 
fr 15880
ts 33294.117743
6d 1 [12 1.000][-1962.775 -64.580 716.604 -173.0729 -1.2963 90.5347][-0.009331 -0.992683 -0.120391 -0.999701 0.006536 0.023582 -0.022623 0.120575 -0.992446] 
fr 15881
ts 33294.134394
6d 1 [12 1.000][-1962.775 -64.580 716.604 -173.0729 -1.2963 90.5347][-0.009331 -0.992683 -0.120391 -0.999701 0.006536 0.023582 -0.022623 0.120575 -0.992446] 
fr 15882
ts 33294.151065
6d 1 [12 1.000][-1962.775 -64.580 716.604 -173.0729 -1.2963 90.5347][-0.009331 -0.992683 -0.120391 -0.999701 0.006536 0.023582 -0.022623 0.120575 -0.992446] 
fr 15883
ts 33294.167718
6d 1 [12 1.000][-1962.775 -64.580 716.604 -173.0729 -1.2963 90.5347][-0.009331 -0.992683 -0.120391 -0.999701 0.006536 0.023582 -0.022623 0.120575 -0.992446] 
fr 15884
ts 33294.184380
6d 1 [12 1.000][-1962.775 -64.580 716.604 -173.0729 -1.2963 90.5347][-0.009331 -0.992683 -0.120391 -0.999701 0.006536 0.023582 -0.022623 0.120575 -0.992446] 
fr 15885
ts 33294.201026
6d 1 [12 1.000][-1962.775 -64.580 716.604 -173.0729 -1.2963 90.5347][-0.009331 -0.992683 -0.120391 -0.999701 0.006536 0.023582 -0.022623 0.120575 -0.992446] 
fr 15886
ts 33294.217688
6d 1 [12 1.000][-1962.775 -64.580 716.604 -173.0729 -1.2963 90.5347][-0.009331 -0.992683 -0.120391 -0.999701 0.006536 0.023582 -0.022623 0.120575 -0.992446] 
fr 15887
ts 33294.234380
6d 1 [12 1.000][-1962.775 -64.580 716.604 -173.0729 -1.2963 90.5347][-0.009331 -0.992683 -0.120391 -0.999701 0.006536 0.023582 -0.022623 0.120575 -0.992446] 
fr 15888
ts 33294.251044
6d 1 [12 1.000][-1962.775 -64.580 716.604 -173.0729 -1.2963 90.5347][-0.009331 -0.992683 -0.120391 -0.999701 0.006536 0.023582 -0.022623 0.120575 -0.992446] 
fr 15889
ts 33294.267725
6d 1 [12 1.000][-1962.775 -64.580 716.604 -173.0729 -1.2963 90.5347][-0.009331 -0.992683 -0.120391 -0.999701 0.006536 0.023582 -0.022623 0.120575 -0.992446] 
fr 15890
ts 33294.284388
6d 1 [12 1.000][-1962.775 -64.580 716.604 -173.0729 -1.2963 90.5347][-0.009331 -0.992683 -0.120391 -0.999701 0.006536 0.023582 -0.022623 0.120575 -0.992446] 
fr 15891
ts 33294.301065
6d 1 [12 1.000][-1962.775 -64.580 716.604 -173.0729 -1.2963 90.5347][-0.009331 -0.992683 -0.120391 -0.999701 0.006536 0.023582 -0.022623 0.120575 -0.992446] 
fr 15892
ts 33294.317727
6d 1 [12 1.000][-1962.775 -64.580 716.604 -173.0729 -1.2963 90.5347][-0.009331 -0.992683 -0.120391 -0.999701 0.006536 0.023582 -0.022623 0.120575 -0.992446] 
fr 15893
ts 33294.334398
6d 1 [12 1.000][-1962.775 -64.580 716.604 -173.0729 -1.2963 90.5347][-0.009331 -0.992683 -0.120391 -0.999701 0.006536 0.023582 -0.022623 0.120575 -0.992446] 
fr 15894
ts 33294.351060
6d 1 [12 1.000][-1962.775 -64.580 716.604 -173.0729 -1.2963 90.5347][-0.009331 -0.992683 -0.120391 -0.999701 0.006536 0.023582 -0.022623 0.120575 -0.992446] 
fr 15895
ts 33294.367720
6d 1 [12 1.000][-1962.775 -64.580 716.604 -173.0729 -1.2963 90.5347][-0.009331 -0.992683 -0.120391 -0.999701 0.006536 0.023582 -0.022623 0.120575 -0.992446] 
fr 15896
ts 33294.384385
6d 1 [12 1.000][-1962.775 -64.580 716.604 -173.0729 -1.2963 90.5347][-0.009331 -0.992683 -0.120391 -0.999701 0.006536 0.023582 -0.022623 0.120575 -0.992446] 
fr 15897
ts 33294.401038
6d 1 [12 1.000][-1962.775 -64.580 716.604 -173.0729 -1.2963 90.5347][-0.009331 -0.992683 -0.120391 -0.999701 0.006536 0.023582 -0.022623 0.120575 -0.992446] 
fr 15898
ts 33294.417703
6d 1 [12 1.000][-1962.775 -64.580 716.604 -173.0729 -1.2963 90.5347][-0.009331 -0.992683 -0.120391 -0.999701 0.006536 0.023582 -0.022623 0.120575 -0.992446] 
fr 15899
ts 33294.434352
6d 1 [12 1.000][-1962.775 -64.580 716.604 -173.0729 -1.2963 90.5347][-0.009331 -0.992683 -0.120391 -0.999701 0.006536 0.023582 -0.022623 0.120575 -0.992446] 
fr 15900
ts 33294.451015
6d 1 [12 1.000][-1962.775 -64.580 716.604 -173.0729 -1.2963 90.5347][-0.009331 -0.992683 -0.120391 -0.999701 0.006536 0.023582 -0.022623 0.120575 -0.992446] 
fr 15901
ts 33294.467654
6d 1 [12 1.000][-1962.775 -64.580 716.604 -173.0729 -1.2963 90.5347][-0.009331 -0.992683 -0.120391 -0.999701 0.006536 0.023582 -0.022623 0.120575 -0.992446] 
fr 15902
ts 33294.484319
6d 1 [12 1.000][-1962.775 -64.580 716.604 -173.0729 -1.2963 90.5347][-0.009331 -0.992683 -0.120391 -0.999701 0.006536 0.023582 -0.022623 0.120575 -0.992446] 
fr 15903
ts 33294.501008
6d 1 [12 1.000][-1962.775 -64.580 716.604 -173.0729 -1.2963 90.5347][-0.009331 -0.992683 -0.120391 -0.999701 0.006536 0.023582 -0.022623 0.120575 -0.992446] 
fr 15904
ts 33294.517669
6d 1 [12 1.000][-1962.775 -64.580 716.604 -173.0729 -1.2963 90.5347][-0.009331 -0.992683 -0.120391 -0.999701 0.006536 0.023582 -0.022623 0.120575 -0.992446] 
fr 15905
ts 33294.534350
6d 1 [12 1.000][-1962.775 -64.580 716.604 -173.0729 -1.2963 90.5347][-0.009331 -0.992683 -0.120391 -0.999701 0.006536 0.023582 -0.022623 0.120575 -0.992446] 
fr 15906
ts 33294.551012
6d 1 [12 1.000][-1962.775 -64.580 716.604 -173.0729 -1.2963 90.5347][-0.009331 -0.992683 -0.120391 -0.999701 0.006536 0.023582 -0.022623 0.120575 -0.992446] 
fr 15907
ts 33294.567683
6d 1 [12 1.000][-1962.775 -64.580 716.604 -173.0729 -1.2963 90.5347][-0.009331 -0.992683 -0.120391 -0.999701 0.006536 0.023582 -0.022623 0.120575 -0.992446] 
fr 15908
ts 33294.584348
6d 1 [12 1.000][-1962.775 -64.580 716.604 -173.0729 -1.2963 90.5347][-0.009331 -0.992683 -0.120391 -0.999701 0.006536 0.023582 -0.022623 0.120575 -0.992446] 
fr 15909
ts 33294.601016
6d 1 [12 1.000][-1962.775 -64.580 716.604 -173.0729 -1.2963 90.5347][-0.009331 -0.992683 -0.120391 -0.999701 0.006536 0.023582 -0.022623 0.120575 -0.992446] 
fr 15910
ts 33294.617677
6d 1 [12 1.000][-1962.775 -64.580 716.604 -173.0729 -1.2963 90.5347][-0.009331 -0.992683 -0.120391 -0.999701 0.006536 0.023582 -0.022623 0.120575 -0.992446] 
fr 15911
ts 33294.634338
6d 1 [12 1.000][-1962.775 -64.580 716.604 -173.0729 -1.2963 90.5347][-0.009331 -0.992683 -0.120391 -0.999701 0.006536 0.023582 -0.022623 0.120575 -0.992446] 
fr 15912
ts 33294.650999
6d 1 [12 1.000][-1962.775 -64.580 716.604 -173.0729 -1.2963 90.5347][-0.009331 -0.992683 -0.120391 -0.999701 0.006536 0.023582 -0.022623 0.120575 -0.992446] 
fr 15913
ts 33294.667654
6d 1 [12 1.000][-1962.775 -64.580 716.604 -173.0729 -1.2963 90.5347][-0.009331 -0.992683 -0.120391 -0.999701 0.006536 0.023582 -0.022623 0.120575 -0.992446] 
fr 15914
ts 33294.684315
6d 1 [12 1.000][-1962.775 -64.580 716.604 -173.0729 -1.2963 90.5347][-0.009331 -0.992683 -0.120391 -0.999701 0.006536 0.023582 -0.022623 0.120575 -0.992446] 
fr 15915
ts 33294.700961
6d 1 [12 1.000][-1962.775 -64.580 716.604 -173.0729 -1.2963 90.5347][-0.009331 -0.992683 -0.120391 -0.999701 0.006536 0.023582 -0.022623 0.120575 -0.992446] 
fr 15916
ts 33294.717623
6d 1 [12 1.000][-1962.768 -64.592 716.592 -173.0724 -1.2948 90.5345][-0.009326 -0.992682 -0.120400 -0.999701 0.006535 0.023556 -0.022597 0.120584 -0.992446] 
fr 15917
ts 33294.734314
6d 1 [12 1.000][-1962.767 -64.584 716.617 -173.0704 -1.2792 90.5315][-0.009273 -0.992677 -0.120439 -0.999708 0.006514 0.023279 -0.022324 0.120620 -0.992448] 
fr 15918
ts 33294.750978
6d 1 [12 1.000][-1962.767 -64.584 716.617 -173.0704 -1.2792 90.5315][-0.009273 -0.992677 -0.120439 -0.999708 0.006514 0.023279 -0.022324 0.120620 -0.992448] 
fr 15919
ts 33294.767657
6d 1 [12 1.000][-1962.767 -64.584 716.617 -173.0704 -1.2792 90.5315][-0.009273 -0.992677 -0.120439 -0.999708 0.006514 0.023279 -0.022324 0.120620 -0.992448] 
fr 15920
ts 33294.784323
6d 1 [12 1.000][-1962.767 -64.584 716.617 -173.0704 -1.2792 90.5315][-0.009273 -0.992677 -0.120439 -0.999708 0.006514 0.023279 -0.022324 0.120620 -0.992448] 
fr 15921
ts 33294.801000
6d 1 [12 1.000][-1962.767 -64.584 716.617 -173.0704 -1.2792 90.5315][-0.009273 -0.992677 -0.120439 -0.999708 0.006514 0.023279 -0.022324 0.120620 -0.992448] 
fr 15922
ts 33294.817662
6d 1 [12 1.000][-1962.767 -64.584 716.617 -173.0704 -1.2792 90.5315][-0.009273 -0.992677 -0.120439 -0.999708 0.006514 0.023279 -0.022324 0.120620 -0.992448] 
fr 15923
ts 33294.834334
6d 1 [12 1.000][-1962.767 -64.584 716.617 -173.0704 -1.2792 90.5315][-0.009273 -0.992677 -0.120439 -0.999708 0.006514 0.023279 -0.022324 0.120620 -0.992448] 
fr 15924
ts 33294.850995
6d 1 [12 1.000][-1962.767 -64.584 716.617 -173.0704 -1.2792 90.5315][-0.009273 -0.992677 -0.120439 -0.999708 0.006514 0.023279 -0.022324 0.120620 -0.992448] 
