fr 83474
ts 34420.525830
6d 1 [12 1.000][-1904.804 -76.461 715.761 -172.8133 1.1606 104.7252][-0.254131 -0.958914 -0.126102 -0.966958 0.254637 0.012362 0.020256 0.125077 -0.991940] 
fr 83475
ts 34420.542484
6d 1 [12 1.000][-1904.804 -76.461 715.761 -172.8133 1.1606 104.7252][-0.254131 -0.958914 -0.126102 -0.966958 0.254637 0.012362 0.020256 0.125077 -0.991940] 
fr 83476
ts 34420.559147
6d 1 [12 1.000][-1904.804 -76.461 715.761 -172.8133 1.1606 104.7252][-0.254131 -0.958914 -0.126102 -0.966958 0.254637 0.012362 0.020256 0.125077 -0.991940] 
fr 83477
ts 34420.575793
6d 1 [12 1.000][-1904.802 -76.497 715.767 -172.8142 1.1606 104.7248][-0.254125 -0.958917 -0.126087 -0.966959 0.254631 0.012358 0.020255 0.125061 -0.991942] 
fr 83478
ts 34420.592456
6d 1 [12 1.000][-1904.797 -76.486 715.764 -172.8212 1.1610 104.7228][-0.254090 -0.958942 -0.125971 -0.966968 0.254599 0.012316 0.020262 0.124940 -0.991957] 
fr 83479
ts 34420.609148
6d 1 [12 1.000][-1904.797 -76.486 715.764 -172.8212 1.1610 104.7228][-0.254090 -0.958942 -0.125971 -0.966968 0.254599 0.012316 0.020262 0.124940 -0.991957] 
fr 83480
ts 34420.625809
6d 1 [12 1.000][-1904.797 -76.486 715.764 -172.8212 1.1610 104.7228][-0.254090 -0.958942 -0.125971 -0.966968 0.254599 0.012316 0.020262 0.124940 -0.991957] 
fr 83481
ts 34420.642495
6d 1 [12 1.000][-1904.797 -76.486 715.764 -172.8212 1.1610 104.7228][-0.254090 -0.958942 -0.125971 -0.966968 0.254599 0.012316 0.020262 0.124940 -0.991957] 
fr 83482
ts 34420.659156
6d 1 [12 1.000][-1904.797 -76.486 715.764 -172.8212 1.1610 104.7228][-0.254090 -0.958942 -0.125971 -0.966968 0.254599 0.012316 0.020262 0.124940 -0.991957] 
fr 83483
ts 34420.675834
6d 1 [12 1.000][-1904.797 -76.486 715.764 -172.8212 1.1610 104.7228][-0.254090 -0.958942 -0.125971 -0.966968 0.254599 0.012316 0.020262 0.124940 -0.991957] 
fr 83484
ts 34420.692497
6d 1 [12 1.000][-1904.797 -76.486 715.764 -172.8212 1.1610 104.7228][-0.254090 -0.958942 -0.125971 -0.966968 0.254599 0.012316 0.020262 0.124940 -0.991957] 
fr 83485
ts 34420.709168
6d 1 [12 1.000][-1904.797 -76.486 715.764 -172.8212 1.1610 104.7228][-0.254090 -0.958942 -0.125971 -0.966968 0.254599 0.012316 0.020262 0.124940 -0.991957] 
fr 83486
ts 34420.725827
6d 1 [12 1.000][-1904.797 -76.486 715.764 -172.8212 1.1610 104.7228][-0.254090 -0.958942 -0.125971 -0.966968 0.254599 0.012316 0.020262 0.124940 -0.991957] 
fr 83487
ts 34420.742491
6d 1 [12 1.000][-1904.797 -76.486 715.764 -172.8212 1.1610 104.7228][-0.254090 -0.958942 -0.125971 -0.966968 0.254599 0.012316 0.020262 0.124940 -0.991957] 
fr 83488
ts 34420.759156
6d 1 [12 1.000][-1904.797 -76.486 715.764 -172.8212 1.1610 104.7228][-0.254090 -0.958942 -0.125971 -0.966968 0.254599 0.012316 0.020262 0.124940 -0.991957] 
fr 83489
ts 34420.775813
6d 1 [12 1.000][-1904.797 -76.486 715.764 -172.8212 1.1610 104.7228][-0.254090 -0.958942 -0.125971 -0.966968 0.254599 0.012316 0.020262 0.124940 -0.991957] 
fr 83490
ts 34420.792475
6d 1 [12 1.000][-1904.797 -76.486 715.764 -172.8212 1.1610 104.7228][-0.254090 -0.958942 -0.125971 -0.966968 0.254599 0.012316 0.020262 0.124940 -0.991957] 
fr 83491
ts 34420.809122
6d 1 [12 1.000][-1904.797 -76.486 715.764 -172.8212 1.1610 104.7228][-0.254090 -0.958942 -0.125971 -0.966968 0.254599 0.012316 0.020262 0.124940 -0.991957] 
fr 83492
ts 34420.825787
6d 1 [12 1.000][-1904.797 -76.486 715.764 -172.8212 1.1610 104.7228][-0.254090 -0.958942 -0.125971 -0.966968 0.254599 0.012316 0.020262 0.124940 -0.991957] 
fr 83493
ts 34420.842426
6d 1 [12 1.000][-1904.797 -76.486 715.764 -172.8212 1.1610 104.7228][-0.254090 -0.958942 -0.125971 -0.966968 0.254599 0.012316 0.020262 0.124940 -0.991957] 
fr 83494
ts 34420.859093
6d 1 [12 1.000][-1904.797 -76.486 715.764 -172.8212 1.1610 104.7228][-0.254090 -0.958942 -0.125971 -0.966968 0.254599 0.012316 0.020262 0.124940 -0.991957] 
fr 83495
ts 34420.875782
6d 1 [12 1.000][-1904.797 -76.486 715.764 -172.8212 1.1610 104.7228][-0.254090 -0.958942 -0.125971 -0.966968 0.254599 0.012316 0.020262 0.124940 -0.991957] 
fr 83496
ts 34420.892444
6d 1 [12 1.000][-1904.797 -76.486 715.764 -172.8212 1.1610 104.7228][-0.254090 -0.958942 -0.125971 -0.966968 0.254599 0.012316 0.020262 0.124940 -0.991957] 
fr 83497
ts 34420.909126
6d 1 [12 1.000][-1904.797 -76.486 715.764 -172.8212 1.1610 104.7228][-0.254090 -0.958942 -0.125971 -0.966968 0.254599 0.012316 0.020262 0.124940 -0.991957] 
fr 83498
ts 34420.925787
6d 1 [12 1.000][-1904.797 -76.486 715.764 -172.8212 1.1610 104.7228][-0.254090 -0.958942 -0.125971 -0.966968 0.254599 0.012316 0.020262 0.124940 -0.991957] 
fr 83499
ts 34420.942461
6d 1 [12 1.000][-1904.797 -76.486 715.764 -172.8212 1.1610 104.7228][-0.254090 -0.958942 -0.125971 -0.966968 0.254599 0.012316 0.020262 0.124940 -0.991957] 
fr 83500
ts 34420.959123
6d 1 [12 1.000][-1904.797 -76.486 715.764 -172.8212 1.1610 104.7228][-0.254090 -0.958942 -0.125971 -0.966968 0.254599 0.012316 0.020262 0.124940 -0.991957] 
fr 83501
ts 34420.975792
6d 1 [12 1.000][-1904.797 -76.486 715.764 -172.8212 1.1610 104.7228][-0.254090 -0.958942 -0.125971 -0.966968 0.254599 0.012316 0.020262 0.124940 -0.991957] 
fr 83502
ts 34420.992453
6d 1 [12 1.000][-1904.797 -76.486 715.764 -172.8212 1.1610 104.7228][-0.254090 -0.958942 -0.125971 -0.966968 0.254599 0.012316 0.020262 0.124940 -0.991957] 
fr 83503
ts 34421.009115
6d 1 [12 1.000][-1904.797 -76.486 715.764 -172.8212 1.1610 104.7228][-0.254090 -0.958942 -0.125971 -0.966968 0.254599 0.012316 0.020262 0.124940 -0.991957] 
fr 83504
ts 34421.025777
6d 1 [12 1.000][-1904.797 -76.486 715.764 -172.8212 1.1610 104.7228][-0.254090 -0.958942 -0.125971 -0.966968 0.254599 0.012316 0.020262 0.124940 -0.991957] 
fr 83505
ts 34421.042431
6d 1 [12 1.000][-1904.775 -76.506 715.728 -172.8187 1.1590 104.7226][-0.254088 -0.958938 -0.126005 -0.966970 0.254592 0.012361 0.020227 0.124984 -0.991953] 
fr 83506
ts 34421.059092
6d 1 [12 1.000][-1904.785 -76.496 715.726 -172.7969 1.1445 104.7215][-0.254070 -0.958903 -0.126306 -0.966980 0.254537 0.012698 0.019973 0.125362 -0.991910] 
fr 83507
ts 34421.075740
6d 1 [12 1.000][-1904.785 -76.496 715.726 -172.7969 1.1445 104.7215][-0.254070 -0.958903 -0.126306 -0.966980 0.254537 0.012698 0.019973 0.125362 -0.991910] 
fr 83508
ts 34421.092401
6d 1 [12 1.000][-1904.785 -76.496 715.726 -172.7969 1.1445 104.7215][-0.254070 -0.958903 -0.126306 -0.966980 0.254537 0.012698 0.019973 0.125362 -0.991910] 
fr 83509
ts 34421.109094
6d 1 [12 1.000][-1904.822 -76.491 715.734 -172.7976 1.1457 104.7221][-0.254080 -0.958901 -0.126301 -0.966977 0.254550 0.012676 0.019994 0.125350 -0.991911] 
fr 83510
ts 34421.125756
6d 1 [12 1.000][-1904.803 -76.488 715.728 -172.8025 1.1514 104.7261][-0.254147 -0.958891 -0.126242 -0.966957 0.254630 0.012568 0.020094 0.125265 -0.991920] 
fr 83511
ts 34421.142438
6d 1 [12 1.000][-1904.803 -76.488 715.728 -172.8025 1.1514 104.7261][-0.254147 -0.958891 -0.126242 -0.966957 0.254630 0.012568 0.020094 0.125265 -0.991920] 
fr 83512
ts 34421.159102
6d 1 [12 1.000][-1904.803 -76.488 715.728 -172.8025 1.1514 104.7261][-0.254147 -0.958891 -0.126242 -0.966957 0.254630 0.012568 0.020094 0.125265 -0.991920] 
fr 83513
ts 34421.175782
6d 1 [12 1.000][-1904.803 -76.488 715.728 -172.8025 1.1514 104.7261][-0.254147 -0.958891 -0.126242 -0.966957 0.254630 0.012568 0.020094 0.125265 -0.991920] 
fr 83514
ts 34421.192443
6d 1 [12 1.000][-1904.803 -76.488 715.728 -172.8025 1.1514 104.7261][-0.254147 -0.958891 -0.126242 -0.966957 0.254630 0.012568 0.020094 0.125265 -0.991920] 
fr 83515
ts 34421.209114
6d 1 [12 1.000][-1904.803 -76.488 715.728 -172.8025 1.1514 104.7261][-0.254147 -0.958891 -0.126242 -0.966957 0.254630 0.012568 0.020094 0.125265 -0.991920] 
fr 83516
ts 34421.225776
6d 1 [12 1.000][-1904.803 -76.488 715.728 -172.8025 1.1514 104.7261][-0.254147 -0.958891 -0.126242 -0.966957 0.254630 0.012568 0.020094 0.125265 -0.991920] 
fr 83517
ts 34421.242439
6d 1 [12 1.000][-1904.803 -76.488 715.728 -172.8025 1.1514 104.7261][-0.254147 -0.958891 -0.126242 -0.966957 0.254630 0.012568 0.020094 0.125265 -0.991920] 
fr 83518
ts 34421.259103
6d 1 [12 1.000][-1904.803 -76.488 715.728 -172.8025 1.1514 104.7261][-0.254147 -0.958891 -0.126242 -0.966957 0.254630 0.012568 0.020094 0.125265 -0.991920] 
fr 83519
ts 34421.275761
6d 1 [12 1.000][-1904.803 -76.488 715.728 -172.8025 1.1514 104.7261][-0.254147 -0.958891 -0.126242 -0.966957 0.254630 0.012568 0.020094 0.125265 -0.991920] 
fr 83520
ts 34421.292422
6d 1 [12 1.000][-1904.803 -76.488 715.728 -172.8025 1.1514 104.7261][-0.254147 -0.958891 -0.126242 -0.966957 0.254630 0.012568 0.020094 0.125265 -0.991920] 
fr 83521
ts 34421.309070
6d 1 [12 1.000][-1904.803 -76.488 715.728 -172.8025 1.1514 104.7261][-0.254147 -0.958891 -0.126242 -0.966957 0.254630 0.012568 0.020094 0.125265 -0.991920] 
fr 83522
ts 34421.325735
6d 1 [12 1.000][-1904.803 -76.488 715.728 -172.8025 1.1514 104.7261][-0.254147 -0.958891 -0.126242 -0.966957 0.254630 0.012568 0.020094 0.125265 -0.991920] 
fr 83523
ts 34421.342380
6d 1 [12 1.000][-1904.803 -76.488 715.728 -172.8025 1.1514 104.7261][-0.254147 -0.958891 -0.126242 -0.966957 0.254630 0.012568 0.020094 0.125265 -0.991920] 
fr 83524
ts 34421.359041
6d 1 [12 1.000][-1904.803 -76.488 715.728 -172.8025 1.1514 104.7261][-0.254147 -0.958891 -0.126242 -0.966957 0.254630 0.012568 0.020094 0.125265 -0.991920] 
fr 83525
ts 34421.375729
6d 1 [12 1.000][-1904.803 -76.488 715.728 -172.8025 1.1514 104.7261][-0.254147 -0.958891 -0.126242 -0.966957 0.254630 0.012568 0.020094 0.125265 -0.991920] 
fr 83526
ts 34421.392391
6d 1 [12 1.000][-1904.803 -76.488 715.728 -172.8025 1.1514 104.7261][-0.254147 -0.958891 -0.126242 -0.966957 0.254630 0.012568 0.020094 0.125265 -0.991920] 
fr 83527
ts 34421.409074
6d 1 [12 1.000][-1904.803 -76.488 715.728 -172.8025 1.1514 104.7261][-0.254147 -0.958891 -0.126242 -0.966957 0.254630 0.012568 0.020094 0.125265 -0.991920] 
fr 83528
ts 34421.425734
6d 1 [12 1.000][-1904.803 -76.488 715.728 -172.8025 1.1514 104.7261][-0.254147 -0.958891 -0.126242 -0.966957 0.254630 0.012568 0.020094 0.125265 -0.991920] 
fr 83529
ts 34421.442411
6d 1 [12 1.000][-1904.803 -76.488 715.728 -172.8025 1.1514 104.7261][-0.254147 -0.958891 -0.126242 -0.966957 0.254630 0.012568 0.020094 0.125265 -0.991920] 
fr 83530
ts 34421.459072
6d 1 [12 1.000][-1904.803 -76.488 715.728 -172.8025 1.1514 104.7261][-0.254147 -0.958891 -0.126242 -0.966957 0.254630 0.012568 0.020094 0.125265 -0.991920] 
fr 83531
ts 34421.475740
6d 1 [12 1.000][-1904.803 -76.488 715.728 -172.8025 1.1514 104.7261][-0.254147 -0.958891 -0.126242 -0.966957 0.254630 0.012568 0.020094 0.125265 -0.991920] 
fr 83532
ts 34421.492402
6d 1 [12 1.000][-1904.803 -76.488 715.728 -172.8025 1.1514 104.7261][-0.254147 -0.958891 -0.126242 -0.966957 0.254630 0.012568 0.020094 0.125265 -0.991920] 
fr 83533
ts 34421.509064
6d 1 [12 1.000][-1904.803 -76.488 715.728 -172.8025 1.1514 104.7261][-0.254147 -0.958891 -0.126242 -0.966957 0.254630 0.012568 0.020094 0.125265 -0.991920] 
fr 83534
ts 34421.525725
6d 1 [12 1.000][-1904.803 -76.488 715.728 -172.8025 1.1514 104.7261][-0.254147 -0.958891 -0.126242 -0.966957 0.254630 0.012568 0.020094 0.125265 -0.991920] 
fr 83535
ts 34421.542380
6d 1 [12 1.000][-1904.803 -76.488 715.728 -172.8025 1.1514 104.7261][-0.254147 -0.958891 -0.126242 -0.966957 0.254630 0.012568 0.020094 0.125265 -0.991920] 
fr 83536
ts 34421.559041
6d 1 [12 1.000][-1904.803 -76.488 715.728 -172.8025 1.1514 104.7261][-0.254147 -0.958891 -0.126242 -0.966957 0.254630 0.012568 0.020094 0.125265 -0.991920] 
fr 83537
ts 34421.575685
6d 1 [12 1.000][-1904.803 -76.488 715.728 -172.8025 1.1514 104.7261][-0.254147 -0.958891 -0.126242 -0.966957 0.254630 0.012568 0.020094 0.125265 -0.991920] 
fr 83538
ts 34421.592350
6d 1 [12 1.000][-1904.803 -76.488 715.728 -172.8025 1.1514 104.7261][-0.254147 -0.958891 -0.126242 -0.966957 0.254630 0.012568 0.020094 0.125265 -0.991920] 
fr 83539
ts 34421.609043
6d 1 [12 1.000][-1904.803 -76.488 715.728 -172.8025 1.1514 104.7261][-0.254147 -0.958891 -0.126242 -0.966957 0.254630 0.012568 0.020094 0.125265 -0.991920] 
fr 83540
ts 34421.625704
6d 1 [12 1.000][-1904.803 -76.488 715.728 -172.8025 1.1514 104.7261][-0.254147 -0.958891 -0.126242 -0.966957 0.254630 0.012568 0.020094 0.125265 -0.991920] 
fr 83541
ts 34421.642389
6d 1 [12 1.000][-1904.803 -76.488 715.728 -172.8025 1.1514 104.7261][-0.254147 -0.958891 -0.126242 -0.966957 0.254630 0.012568 0.020094 0.125265 -0.991920] 
fr 83542
ts 34421.659052
6d 1 [12 1.000][-1904.803 -76.488 715.728 -172.8025 1.1514 104.7261][-0.254147 -0.958891 -0.126242 -0.966957 0.254630 0.012568 0.020094 0.125265 -0.991920] 
fr 83543
ts 34421.675731
6d 1 [12 1.000][-1904.803 -76.488 715.728 -172.8025 1.1514 104.7261][-0.254147 -0.958891 -0.126242 -0.966957 0.254630 0.012568 0.020094 0.125265 -0.991920] 
fr 83544
ts 34421.692392
6d 1 [12 1.000][-1904.803 -76.488 715.728 -172.8025 1.1514 104.7261][-0.254147 -0.958891 -0.126242 -0.966957 0.254630 0.012568 0.020094 0.125265 -0.991920] 
fr 83545
ts 34421.709065
6d 1 [12 1.000][-1904.803 -76.488 715.728 -172.8025 1.1514 104.7261][-0.254147 -0.958891 -0.126242 -0.966957 0.254630 0.012568 0.020094 0.125265 -0.991920] 
fr 83546
ts 34421.725727
6d 1 [12 1.000][-1904.803 -76.488 715.728 -172.8025 1.1514 104.7261][-0.254147 -0.958891 -0.126242 -0.966957 0.254630 0.012568 0.020094 0.125265 -0.991920] 
fr 83547
ts 34421.742388
6d 1 [12 1.000][-1904.803 -76.488 715.728 -172.8025 1.1514 104.7261][-0.254147 -0.958891 -0.126242 -0.966957 0.254630 0.012568 0.020094 0.125265 -0.991920] 
fr 83548
ts 34421.759054
6d 1 [12 1.000][-1904.803 -76.488 715.728 -172.8025 1.1514 104.7261][-0.254147 -0.958891 -0.126242 -0.966957 0.254630 0.012568 0.020094 0.125265 -0.991920] 
fr 83549
ts 34421.775711
6d 1 [12 1.000][-1904.803 -76.488 715.728 -172.8025 1.1514 104.7261][-0.254147 -0.958891 -0.126242 -0.966957 0.254630 0.012568 0.020094 0.125265 -0.991920] 
fr 83550
ts 34421.792374
6d 1 [12 1.000][-1904.803 -76.488 715.728 -172.8025 1.1514 104.7261][-0.254147 -0.958891 -0.126242 -0.966957 0.254630 0.012568 0.020094 0.125265 -0.991920] 
fr 83551
ts 34421.809023
6d 1 [12 1.000][-1904.803 -76.488 715.728 -172.8025 1.1514 104.7261][-0.254147 -0.958891 -0.126242 -0.966957 0.254630 0.012568 0.020094 0.125265 -0.991920] 
fr 83552
ts 34421.825685
6d 1 [12 1.000][-1904.803 -76.488 715.728 -172.8025 1.1514 104.7261][-0.254147 -0.958891 -0.126242 -0.966957 0.254630 0.012568 0.020094 0.125265 -0.991920] 
fr 83553
ts 34421.842330
6d 1 [12 1.000][-1904.803 -76.488 715.728 -172.8025 1.1514 104.7261][-0.254147 -0.958891 -0.126242 -0.966957 0.254630 0.012568 0.020094 0.125265 -0.991920] 
fr 83554
ts 34421.858992
6d 1 [12 1.000][-1904.803 -76.488 715.728 -172.8025 1.1514 104.7261][-0.254147 -0.958891 -0.126242 -0.966957 0.254630 0.012568 0.020094 0.125265 -0.991920] 
fr 83555
ts 34421.875680
6d 1 [12 1.000][-1904.803 -76.488 715.728 -172.8025 1.1514 104.7261][-0.254147 -0.958891 -0.126242 -0.966957 0.254630 0.012568 0.020094 0.125265 -0.991920] 
fr 83556
ts 34421.892343
6d 1 [12 1.000][-1904.803 -76.488 715.728 -172.8025 1.1514 104.7261][-0.254147 -0.958891 -0.126242 -0.966957 0.254630 0.012568 0.020094 0.125265 -0.991920] 
fr 83557
ts 34421.909025
6d 1 [12 1.000][-1904.803 -76.488 715.728 -172.8025 1.1514 104.7261][-0.254147 -0.958891 -0.126242 -0.966957 0.254630 0.012568 0.020094 0.125265 -0.991920] 
fr 83558
ts 34421.925686
6d 1 [12 1.000][-1904.803 -76.488 715.728 -172.8025 1.1514 104.7261][-0.254147 -0.958891 -0.126242 -0.966957 0.254630 0.012568 0.020094 0.125265 -0.991920] 
fr 83559
ts 34421.942361
6d 1 [12 1.000][-1904.803 -76.488 715.728 -172.8025 1.1514 104.7261][-0.254147 -0.958891 -0.126242 -0.966957 0.254630 0.012568 0.020094 0.125265 -0.991920] 
fr 83560
ts 34421.959023
6d 1 [12 1.000][-1904.803 -76.488 715.728 -172.8025 1.1514 104.7261][-0.254147 -0.958891 -0.126242 -0.966957 0.254630 0.012568 0.020094 0.125265 -0.991920] 
fr 83561
ts 34421.975691
6d 1 [12 1.000][-1904.803 -76.488 715.728 -172.8025 1.1514 104.7261][-0.254147 -0.958891 -0.126242 -0.966957 0.254630 0.012568 0.020094 0.125265 -0.991920] 
fr 83562
ts 34421.992353
6d 1 [12 1.000][-1904.803 -76.488 715.728 -172.8025 1.1514 104.7261][-0.254147 -0.958891 -0.126242 -0.966957 0.254630 0.012568 0.020094 0.125265 -0.991920] 
fr 83563
ts 34422.009014
6d 1 [12 1.000][-1904.803 -76.488 715.728 -172.8025 1.1514 104.7261][-0.254147 -0.958891 -0.126242 -0.966957 0.254630 0.012568 0.020094 0.125265 -0.991920] 
fr 83564
ts 34422.025676
6d 1 [12 1.000][-1904.778 -76.464 715.790 -172.8029 1.1503 104.7256][-0.254139 -0.958895 -0.126230 -0.966959 0.254620 0.012583 0.020075 0.125258 -0.991921] 
fr 83565
ts 34422.042332
6d 1 [12 1.000][-1904.782 -76.468 715.767 -172.8039 1.1492 104.7204][-0.254051 -0.958921 -0.126210 -0.966983 0.254530 0.012585 0.020056 0.125240 -0.991924] 
fr 83566
ts 34422.058992
6d 1 [12 1.000][-1904.782 -76.468 715.767 -172.8039 1.1492 104.7204][-0.254051 -0.958921 -0.126210 -0.966983 0.254530 0.012585 0.020056 0.125240 -0.991924] 
fr 83567
ts 34422.075641
6d 1 [12 1.000][-1904.782 -76.468 715.767 -172.8039 1.1492 104.7204][-0.254051 -0.958921 -0.126210 -0.966983 0.254530 0.012585 0.020056 0.125240 -0.991924] 
fr 83568
ts 34422.092302
6d 1 [12 1.000][-1904.782 -76.468 715.767 -172.8039 1.1492 104.7204][-0.254051 -0.958921 -0.126210 -0.966983 0.254530 0.012585 0.020056 0.125240 -0.991924] 
fr 83569
ts 34422.108943
6d 1 [12 1.000][-1904.782 -76.468 715.767 -172.8039 1.1492 104.7204][-0.254051 -0.958921 -0.126210 -0.966983 0.254530 0.012585 0.020056 0.125240 -0.991924] 
fr 83570
ts 34422.125605
6d 1 [12 1.000][-1904.782 -76.468 715.767 -172.8039 1.1492 104.7204][-0.254051 -0.958921 -0.126210 -0.966983 0.254530 0.012585 0.020056 0.125240 -0.991924] 
fr 83571
ts 34422.142289
6d 1 [12 1.000][-1904.782 -76.468 715.767 -172.8039 1.1492 104.7204][-0.254051 -0.958921 -0.126210 -0.966983 0.254530 0.012585 0.020056 0.125240 -0.991924] 
fr 83572
ts 34422.158952
6d 1 [12 1.000][-1904.782 -76.468 715.767 -172.8039 1.1492 104.7204][-0.254051 -0.958921 -0.126210 -0.966983 0.254530 0.012585 0.020056 0.125240 -0.991924] 
fr 83573
ts 34422.175630
6d 1 [12 1.000][-1904.782 -76.468 715.767 -172.8039 1.1492 104.7204][-0.254051 -0.958921 -0.126210 -0.966983 0.254530 0.012585 0.020056 0.125240 -0.991924] 
fr 83574
ts 34422.192293
6d 1 [12 1.000][-1904.782 -76.468 715.767 -172.8039 1.1492 104.7204][-0.254051 -0.958921 -0.126210 -0.966983 0.254530 0.012585 0.020056 0.125240 -0.991924] 
fr 83575
ts 34422.208965
6d 1 [12 1.000][-1904.782 -76.468 715.767 -172.8039 1.1492 104.7204][-0.254051 -0.958921 -0.126210 -0.966983 0.254530 0.012585 0.020056 0.125240 -0.991924] 
fr 83576
ts 34422.225627
6d 1 [12 1.000][-1904.782 -76.468 715.767 -172.8039 1.1492 104.7204][-0.254051 -0.958921 -0.126210 -0.966983 0.254530 0.012585 0.020056 0.125240 -0.991924] 
fr 83577
ts 34422.242290
6d 1 [12 1.000][-1904.782 -76.468 715.767 -172.8039 1.1492 104.7204][-0.254051 -0.958921 -0.126210 -0.966983 0.254530 0.012585 0.020056 0.125240 -0.991924] 
fr 83578
ts 34422.258953
6d 1 [12 1.000][-1904.782 -76.468 715.767 -172.8039 1.1492 104.7204][-0.254051 -0.958921 -0.126210 -0.966983 0.254530 0.012585 0.020056 0.125240 -0.991924] 
fr 83579
ts 34422.275612
6d 1 [12 1.000][-1904.782 -76.468 715.767 -172.8039 1.1492 104.7204][-0.254051 -0.958921 -0.126210 -0.966983 0.254530 0.012585 0.020056 0.125240 -0.991924] 
fr 83580
ts 34422.292273
6d 1 [12 1.000][-1904.782 -76.468 715.767 -172.8039 1.1492 104.7204][-0.254051 -0.958921 -0.126210 -0.966983 0.254530 0.012585 0.020056 0.125240 -0.991924] 
fr 83581
ts 34422.308926
6d 1 [12 1.000][-1904.782 -76.468 715.767 -172.8039 1.1492 104.7204][-0.254051 -0.958921 -0.126210 -0.966983 0.254530 0.012585 0.020056 0.125240 -0.991924] 
fr 83582
ts 34422.325587
6d 1 [12 1.000][-1904.782 -76.468 715.767 -172.8039 1.1492 104.7204][-0.254051 -0.958921 -0.126210 -0.966983 0.254530 0.012585 0.020056 0.125240 -0.991924] 
fr 83583
ts 34422.342227
6d 1 [12 1.000][-1904.782 -76.468 715.767 -172.8039 1.1492 104.7204][-0.254051 -0.958921 -0.126210 -0.966983 0.254530 0.012585 0.020056 0.125240 -0.991924] 
fr 83584
ts 34422.358893
6d 1 [12 1.000][-1904.782 -76.468 715.767 -172.8039 1.1492 104.7204][-0.254051 -0.958921 -0.126210 -0.966983 0.254530 0.012585 0.020056 0.125240 -0.991924] 
fr 83585
ts 34422.375579
6d 1 [12 1.000][-1904.782 -76.468 715.767 -172.8039 1.1492 104.7204][-0.254051 -0.958921 -0.126210 -0.966983 0.254530 0.012585 0.020056 0.125240 -0.991924] 
fr 83586
ts 34422.392244
6d 1 [12 1.000][-1904.782 -76.468 715.767 -172.8039 1.1492 104.7204][-0.254051 -0.958921 -0.126210 -0.966983 0.254530 0.012585 0.020056 0.125240 -0.991924] 
fr 83587
ts 34422.408927
6d 1 [12 1.000][-1904.782 -76.468 715.767 -172.8039 1.1492 104.7204][-0.254051 -0.958921 -0.126210 -0.966983 0.254530 0.012585 0.020056 0.125240 -0.991924] 
fr 83588
ts 34422.425588
6d 1 [12 1.000][-1904.782 -76.468 715.767 -172.8039 1.1492 104.7204][-0.254051 -0.958921 -0.126210 -0.966983 0.254530 0.012585 0.020056 0.125240 -0.991924] 
fr 83589
ts 34422.442264
6d 1 [12 1.000][-1904.782 -76.468 715.767 -172.8039 1.1492 104.7204][-0.254051 -0.958921 -0.126210 -0.966983 0.254530 0.012585 0.020056 0.125240 -0.991924] 
fr 83590
ts 34422.458926
6d 1 [12 1.000][-1904.782 -76.468 715.767 -172.8039 1.1492 104.7204][-0.254051 -0.958921 -0.126210 -0.966983 0.254530 0.012585 0.020056 0.125240 -0.991924] 
fr 83591
ts 34422.475590
6d 1 [12 1.000][-1904.782 -76.468 715.767 -172.8039 1.1492 104.7204][-0.254051 -0.958921 -0.126210 -0.966983 0.254530 0.012585 0.020056 0.125240 -0.991924] 
fr 83592
ts 34422.492255
6d 1 [12 1.000][-1904.782 -76.468 715.767 -172.8039 1.1492 104.7204][-0.254051 -0.958921 -0.126210 -0.966983 0.254530 0.012585 0.020056 0.125240 -0.991924] 
fr 83593
ts 34422.508918
6d 1 [12 1.000][-1904.782 -76.468 715.767 -172.8039 1.1492 104.7204][-0.254051 -0.958921 -0.126210 -0.966983 0.254530 0.012585 0.020056 0.125240 -0.991924] 
fr 83594
ts 34422.525580
6d 1 [12 1.000][-1904.782 -76.468 715.767 -172.8039 1.1492 104.7204][-0.254051 -0.958921 -0.126210 -0.966983 0.254530 0.012585 0.020056 0.125240 -0.991924] 
fr 83595
ts 34422.542233
6d 1 [12 1.000][-1904.807 -76.402 715.726 -172.8048 1.1529 104.7204][-0.254050 -0.958921 -0.126211 -0.966982 0.254538 0.012518 0.020121 0.125224 -0.991924] 
fr 83596
ts 34422.558897
6d 1 [12 1.000][-1904.806 -76.410 715.728 -172.8128 1.1787 104.7223][-0.254080 -0.958916 -0.126191 -0.966964 0.254626 0.012055 0.020571 0.125086 -0.991933] 
fr 83597
ts 34422.575545
6d 1 [12 1.000][-1904.806 -76.410 715.728 -172.8128 1.1787 104.7223][-0.254080 -0.958916 -0.126191 -0.966964 0.254626 0.012055 0.020571 0.125086 -0.991933] 
fr 83598
ts 34422.592206
6d 1 [12 1.000][-1904.797 -76.456 715.737 -172.8124 1.1780 104.7219][-0.254074 -0.958917 -0.126195 -0.966966 0.254619 0.012068 0.020559 0.125092 -0.991932] 
fr 83599
ts 34422.608847
6d 1 [12 1.000][-1904.801 -76.431 715.743 -172.8115 1.1786 104.7200][-0.254043 -0.958923 -0.126213 -0.966974 0.254589 0.012058 0.020569 0.125108 -0.991930] 
fr 83600
ts 34422.625509
6d 1 [12 1.000][-1904.805 -76.440 715.769 -172.8118 1.1778 104.7201][-0.254043 -0.958924 -0.126204 -0.966974 0.254587 0.012071 0.020554 0.125102 -0.991931] 
fr 83601
ts 34422.642195
6d 1 [12 1.000][-1904.805 -76.436 715.748 -172.8116 1.1709 104.7198][-0.254039 -0.958928 -0.126177 -0.966978 0.254568 0.012187 0.020434 0.125107 -0.991933] 
fr 83602
ts 34422.658858
6d 1 [12 1.000][-1904.805 -76.436 715.748 -172.8116 1.1709 104.7198][-0.254039 -0.958928 -0.126177 -0.966978 0.254568 0.012187 0.020434 0.125107 -0.991933] 
fr 83603
ts 34422.675537
6d 1 [12 1.000][-1904.805 -76.436 715.748 -172.8116 1.1709 104.7198][-0.254039 -0.958928 -0.126177 -0.966978 0.254568 0.012187 0.020434 0.125107 -0.991933] 
fr 83604
ts 34422.692198
6d 1 [12 1.000][-1904.805 -76.436 715.748 -172.8116 1.1709 104.7198][-0.254039 -0.958928 -0.126177 -0.966978 0.254568 0.012187 0.020434 0.125107 -0.991933] 
fr 83605
ts 34422.708869
6d 1 [12 1.000][-1904.805 -76.436 715.748 -172.8116 1.1709 104.7198][-0.254039 -0.958928 -0.126177 -0.966978 0.254568 0.012187 0.020434 0.125107 -0.991933] 
fr 83606
ts 34422.725532
6d 1 [12 1.000][-1904.805 -76.436 715.748 -172.8116 1.1709 104.7198][-0.254039 -0.958928 -0.126177 -0.966978 0.254568 0.012187 0.020434 0.125107 -0.991933] 
fr 83607
ts 34422.742197
6d 1 [12 1.000][-1904.805 -76.436 715.748 -172.8116 1.1709 104.7198][-0.254039 -0.958928 -0.126177 -0.966978 0.254568 0.012187 0.020434 0.125107 -0.991933] 
fr 83608
ts 34422.758861
6d 1 [12 1.000][-1904.805 -76.436 715.748 -172.8116 1.1709 104.7198][-0.254039 -0.958928 -0.126177 -0.966978 0.254568 0.012187 0.020434 0.125107 -0.991933] 
fr 83609
ts 34422.775514
6d 1 [12 1.000][-1904.805 -76.436 715.748 -172.8116 1.1709 104.7198][-0.254039 -0.958928 -0.126177 -0.966978 0.254568 0.012187 0.020434 0.125107 -0.991933] 
fr 83610
ts 34422.792180
6d 1 [12 1.000][-1904.806 -76.460 715.731 -172.8111 1.1698 104.7197][-0.254038 -0.958928 -0.126180 -0.966979 0.254564 0.012207 0.020416 0.125115 -0.991932] 
fr 83611
ts 34422.808832
6d 1 [12 1.000][-1904.806 -76.458 715.756 -172.8109 1.1612 104.7191][-0.254028 -0.958935 -0.126147 -0.966985 0.254535 0.012351 0.020265 0.125119 -0.991935] 
fr 83612
ts 34422.825493
6d 1 [12 1.000][-1904.806 -76.458 715.756 -172.8109 1.1612 104.7191][-0.254028 -0.958935 -0.126147 -0.966985 0.254535 0.012351 0.020265 0.125119 -0.991935] 
fr 83613
ts 34422.842138
6d 1 [12 1.000][-1904.806 -76.458 715.756 -172.8109 1.1612 104.7191][-0.254028 -0.958935 -0.126147 -0.966985 0.254535 0.012351 0.020265 0.125119 -0.991935] 
fr 83614
ts 34422.858800
6d 1 [12 1.000][-1904.806 -76.458 715.756 -172.8109 1.1612 104.7191][-0.254028 -0.958935 -0.126147 -0.966985 0.254535 0.012351 0.020265 0.125119 -0.991935] 
fr 83615
ts 34422.875490
6d 1 [12 1.000][-1904.806 -76.458 715.756 -172.8109 1.1612 104.7191][-0.254028 -0.958935 -0.126147 -0.966985 0.254535 0.012351 0.020265 0.125119 -0.991935] 
fr 83616
ts 34422.892152
6d 1 [12 1.000][-1904.806 -76.458 715.756 -172.8109 1.1612 104.7191][-0.254028 -0.958935 -0.126147 -0.966985 0.254535 0.012351 0.020265 0.125119 -0.991935] 
fr 83617
ts 34422.908835
6d 1 [12 1.000][-1904.806 -76.458 715.756 -172.8109 1.1612 104.7191][-0.254028 -0.958935 -0.126147 -0.966985 0.254535 0.012351 0.020265 0.125119 -0.991935] 
fr 83618
ts 34422.925497
6d 1 [12 1.000][-1904.806 -76.458 715.756 -172.8109 1.1612 104.7191][-0.254028 -0.958935 -0.126147 -0.966985 0.254535 0.012351 0.020265 0.125119 -0.991935] 
fr 83619
ts 34422.942172
6d 1 [12 1.000][-1904.806 -76.458 715.756 -172.8109 1.1612 104.7191][-0.254028 -0.958935 -0.126147 -0.966985 0.254535 0.012351 0.020265 0.125119 -0.991935] 
fr 83620
ts 34422.958834
6d 1 [12 1.000][-1904.806 -76.458 715.756 -172.8109 1.1612 104.7191][-0.254028 -0.958935 -0.126147 -0.966985 0.254535 0.012351 0.020265 0.125119 -0.991935] 
fr 83621
ts 34422.975501
6d 1 [12 1.000][-1904.806 -76.458 715.756 -172.8109 1.1612 104.7191][-0.254028 -0.958935 -0.126147 -0.966985 0.254535 0.012351 0.020265 0.125119 -0.991935] 
fr 83622
ts 34422.992165
6d 1 [12 1.000][-1904.806 -76.458 715.756 -172.8109 1.1612 104.7191][-0.254028 -0.958935 -0.126147 -0.966985 0.254535 0.012351 0.020265 0.125119 -0.991935] 
fr 83623
ts 34423.008827
6d 1 [12 1.000][-1904.806 -76.458 715.756 -172.8109 1.1612 104.7191][-0.254028 -0.958935 -0.126147 -0.966985 0.254535 0.012351 0.020265 0.125119 -0.991935] 
fr 83624
ts 34423.025487
6d 1 [12 1.000][-1904.792 -76.482 715.735 -172.8105 1.1593 104.7199][-0.254041 -0.958932 -0.126144 -0.966982 0.254544 0.012386 0.020232 0.125126 -0.991935] 
fr 83625
ts 34423.042144
6d 1 [12 1.000][-1904.794 -76.461 715.744 -172.8104 1.1579 104.7204][-0.254051 -0.958930 -0.126139 -0.966980 0.254551 0.012411 0.020207 0.125127 -0.991935] 
fr 83626
ts 34423.058805
6d 1 [12 1.000][-1904.793 -76.442 715.727 -172.8107 1.1588 104.7206][-0.254053 -0.958930 -0.126138 -0.966979 0.254555 0.012395 0.020223 0.125122 -0.991935] 
fr 83627
ts 34423.075454
6d 1 [12 1.000][-1904.789 -76.469 715.749 -172.8091 1.1456 104.7253][-0.254134 -0.958913 -0.126105 -0.966962 0.254606 0.012634 0.019992 0.125150 -0.991936] 
fr 83628
ts 34423.092115
6d 1 [12 1.000][-1904.789 -76.469 715.749 -172.8091 1.1456 104.7253][-0.254134 -0.958913 -0.126105 -0.966962 0.254606 0.012634 0.019992 0.125150 -0.991936] 
fr 83629
ts 34423.108753
6d 1 [12 1.000][-1904.789 -76.469 715.749 -172.8091 1.1456 104.7253][-0.254134 -0.958913 -0.126105 -0.966962 0.254606 0.012634 0.019992 0.125150 -0.991936] 
fr 83630
ts 34423.125418
6d 1 [12 1.000][-1904.789 -76.469 715.749 -172.8091 1.1456 104.7253][-0.254134 -0.958913 -0.126105 -0.966962 0.254606 0.012634 0.019992 0.125150 -0.991936] 
fr 83631
ts 34423.142101
6d 1 [12 1.000][-1904.789 -76.469 715.749 -172.8091 1.1456 104.7253][-0.254134 -0.958913 -0.126105 -0.966962 0.254606 0.012634 0.019992 0.125150 -0.991936] 
fr 83632
ts 34423.158767
6d 1 [12 1.000][-1904.789 -76.469 715.749 -172.8091 1.1456 104.7253][-0.254134 -0.958913 -0.126105 -0.966962 0.254606 0.012634 0.019992 0.125150 -0.991936] 
fr 83633
ts 34423.175447
6d 1 [12 1.000][-1904.789 -76.469 715.749 -172.8091 1.1456 104.7253][-0.254134 -0.958913 -0.126105 -0.966962 0.254606 0.012634 0.019992 0.125150 -0.991936] 
fr 83634
ts 34423.192107
6d 1 [12 1.000][-1904.789 -76.469 715.749 -172.8091 1.1456 104.7253][-0.254134 -0.958913 -0.126105 -0.966962 0.254606 0.012634 0.019992 0.125150 -0.991936] 
fr 83635
ts 34423.208777
6d 1 [12 1.000][-1904.774 -76.481 715.770 -172.8089 1.1446 104.7249][-0.254127 -0.958914 -0.126105 -0.966965 0.254597 0.012650 0.019975 0.125154 -0.991936] 
fr 83636
ts 34423.225442
6d 1 [12 1.000][-1904.781 -76.473 715.747 -172.8029 1.1342 104.7213][-0.254068 -0.958923 -0.126160 -0.966984 0.254514 0.012842 0.019795 0.125258 -0.991927] 
fr 83637
ts 34423.242109
6d 1 [12 1.000][-1904.781 -76.473 715.747 -172.8029 1.1342 104.7213][-0.254068 -0.958923 -0.126160 -0.966984 0.254514 0.012842 0.019795 0.125258 -0.991927] 
fr 83638
ts 34423.258770
6d 1 [12 1.000][-1904.781 -76.473 715.747 -172.8029 1.1342 104.7213][-0.254068 -0.958923 -0.126160 -0.966984 0.254514 0.012842 0.019795 0.125258 -0.991927] 
fr 83639
ts 34423.275429
6d 1 [12 1.000][-1904.781 -76.473 715.747 -172.8029 1.1342 104.7213][-0.254068 -0.958923 -0.126160 -0.966984 0.254514 0.012842 0.019795 0.125258 -0.991927] 
fr 83640
ts 34423.292089
6d 1 [12 1.000][-1904.781 -76.473 715.747 -172.8029 1.1342 104.7213][-0.254068 -0.958923 -0.126160 -0.966984 0.254514 0.012842 0.019795 0.125258 -0.991927] 
fr 83641
ts 34423.308743
6d 1 [12 1.000][-1904.781 -76.473 715.747 -172.8029 1.1342 104.7213][-0.254068 -0.958923 -0.126160 -0.966984 0.254514 0.012842 0.019795 0.125258 -0.991927] 
fr 83642
ts 34423.325405
6d 1 [12 1.000][-1904.781 -76.473 715.747 -172.8029 1.1342 104.7213][-0.254068 -0.958923 -0.126160 -0.966984 0.254514 0.012842 0.019795 0.125258 -0.991927] 
fr 83643
ts 34423.342046
6d 1 [12 1.000][-1904.781 -76.473 715.747 -172.8029 1.1342 104.7213][-0.254068 -0.958923 -0.126160 -0.966984 0.254514 0.012842 0.019795 0.125258 -0.991927] 
fr 83644
ts 34423.358711
6d 1 [12 1.000][-1904.781 -76.473 715.747 -172.8029 1.1342 104.7213][-0.254068 -0.958923 -0.126160 -0.966984 0.254514 0.012842 0.019795 0.125258 -0.991927] 
fr 83645
ts 34423.375402
6d 1 [12 1.000][-1904.781 -76.473 715.747 -172.8029 1.1342 104.7213][-0.254068 -0.958923 -0.126160 -0.966984 0.254514 0.012842 0.019795 0.125258 -0.991927] 
fr 83646
ts 34423.392063
6d 1 [12 1.000][-1904.781 -76.473 715.747 -172.8029 1.1342 104.7213][-0.254068 -0.958923 -0.126160 -0.966984 0.254514 0.012842 0.019795 0.125258 -0.991927] 
fr 83647
ts 34423.408737
6d 1 [12 1.000][-1904.781 -76.473 715.747 -172.8029 1.1342 104.7213][-0.254068 -0.958923 -0.126160 -0.966984 0.254514 0.012842 0.019795 0.125258 -0.991927] 
fr 83648
ts 34423.425408
6d 1 [12 1.000][-1904.781 -76.473 715.747 -172.8029 1.1342 104.7213][-0.254068 -0.958923 -0.126160 -0.966984 0.254514 0.012842 0.019795 0.125258 -0.991927] 
fr 83649
ts 34423.442082
6d 1 [12 1.000][-1904.781 -76.473 715.747 -172.8029 1.1342 104.7213][-0.254068 -0.958923 -0.126160 -0.966984 0.254514 0.012842 0.019795 0.125258 -0.991927] 
fr 83650
ts 34423.458745
6d 1 [12 1.000][-1904.781 -76.473 715.747 -172.8029 1.1342 104.7213][-0.254068 -0.958923 -0.126160 -0.966984 0.254514 0.012842 0.019795 0.125258 -0.991927] 
fr 83651
ts 34423.475416
6d 1 [12 1.000][-1904.781 -76.473 715.747 -172.8029 1.1342 104.7213][-0.254068 -0.958923 -0.126160 -0.966984 0.254514 0.012842 0.019795 0.125258 -0.991927] 
fr 83652
ts 34423.492076
6d 1 [12 1.000][-1904.781 -76.473 715.747 -172.8029 1.1342 104.7213][-0.254068 -0.958923 -0.126160 -0.966984 0.254514 0.012842 0.019795 0.125258 -0.991927] 
fr 83653
ts 34423.508739
6d 1 [12 1.000][-1904.781 -76.473 715.747 -172.8029 1.1342 104.7213][-0.254068 -0.958923 -0.126160 -0.966984 0.254514 0.012842 0.019795 0.125258 -0.991927] 
fr 83654
ts 34423.525401
6d 1 [12 1.000][-1904.772 -76.462 715.674 -172.8023 1.1358 104.7212][-0.254067 -0.958921 -0.126178 -0.966984 0.254516 0.012820 0.019821 0.125269 -0.991925] 
fr 83655
ts 34423.542052
6d 1 [12 1.000][-1904.773 -76.470 715.694 -172.7996 1.1470 104.7205][-0.254053 -0.958912 -0.126272 -0.966983 0.254527 0.012641 0.020018 0.125315 -0.991915] 
fr 83656
ts 34423.558718
6d 1 [12 1.000][-1904.773 -76.470 715.694 -172.7996 1.1470 104.7205][-0.254053 -0.958912 -0.126272 -0.966983 0.254527 0.012641 0.020018 0.125315 -0.991915] 
fr 83657
ts 34423.575367
6d 1 [12 1.000][-1904.773 -76.470 715.694 -172.7996 1.1470 104.7205][-0.254053 -0.958912 -0.126272 -0.966983 0.254527 0.012641 0.020018 0.125315 -0.991915] 
fr 83658
ts 34423.592028
6d 1 [12 1.000][-1904.773 -76.470 715.694 -172.7996 1.1470 104.7205][-0.254053 -0.958912 -0.126272 -0.966983 0.254527 0.012641 0.020018 0.125315 -0.991915] 
fr 83659
ts 34423.608670
6d 1 [12 1.000][-1904.774 -76.474 715.781 -172.8006 1.1483 104.7204][-0.254051 -0.958914 -0.126261 -0.966983 0.254528 0.012614 0.020041 0.125297 -0.991917] 
fr 83660
ts 34423.625332
6d 1 [12 1.000][-1904.777 -76.469 715.710 -172.8050 1.1599 104.7211][-0.254062 -0.958914 -0.126239 -0.966976 0.254565 0.012404 0.020242 0.125221 -0.991922] 
fr 83661
ts 34423.642019
6d 1 [12 1.000][-1904.781 -76.474 715.753 -172.8059 1.1598 104.7211][-0.254062 -0.958916 -0.126223 -0.966976 0.254565 0.012400 0.020241 0.125205 -0.991924] 
fr 83662
ts 34423.658681
6d 1 [12 1.000][-1904.779 -76.480 715.724 -172.8100 1.1609 104.7206][-0.254054 -0.958927 -0.126160 -0.966978 0.254561 0.012363 0.020260 0.125135 -0.991933] 
fr 83663
ts 34423.675360
6d 1 [12 1.000][-1904.779 -76.480 715.724 -172.8100 1.1609 104.7206][-0.254054 -0.958927 -0.126160 -0.966978 0.254561 0.012363 0.020260 0.125135 -0.991933] 
fr 83664
ts 34423.692022
6d 1 [12 1.000][-1904.780 -76.484 715.646 -172.8093 1.1607 104.7208][-0.254056 -0.958925 -0.126170 -0.966977 0.254562 0.012370 0.020256 0.125147 -0.991931] 
fr 83665
ts 34423.708695
6d 1 [12 1.000][-1904.777 -76.486 715.684 -172.8072 1.1582 104.7216][-0.254070 -0.958918 -0.126194 -0.966975 0.254570 0.012423 0.020213 0.125183 -0.991928] 
fr 83666
ts 34423.725355
6d 1 [12 1.000][-1904.782 -76.488 715.688 -172.8063 1.1579 104.7217][-0.254073 -0.958915 -0.126209 -0.966974 0.254572 0.012432 0.020208 0.125199 -0.991926] 
fr 83667
ts 34423.742023
6d 1 [12 1.000][-1904.781 -76.490 715.707 -172.8021 1.1569 104.7229][-0.254092 -0.958902 -0.126274 -0.966969 0.254588 0.012470 0.020191 0.125271 -0.991917] 
fr 83668
ts 34423.758682
6d 1 [12 1.000][-1904.781 -76.490 715.707 -172.8021 1.1569 104.7229][-0.254092 -0.958902 -0.126274 -0.966969 0.254588 0.012470 0.020191 0.125271 -0.991917] 
fr 83669
ts 34423.775343
6d 1 [12 1.000][-1904.781 -76.490 715.707 -172.8021 1.1569 104.7229][-0.254092 -0.958902 -0.126274 -0.966969 0.254588 0.012470 0.020191 0.125271 -0.991917] 
fr 83670
ts 34423.792006
6d 1 [12 1.000][-1904.781 -76.490 715.707 -172.8021 1.1569 104.7229][-0.254092 -0.958902 -0.126274 -0.966969 0.254588 0.012470 0.020191 0.125271 -0.991917] 
fr 83671
ts 34423.808658
6d 1 [12 1.000][-1904.781 -76.490 715.707 -172.8021 1.1569 104.7229][-0.254092 -0.958902 -0.126274 -0.966969 0.254588 0.012470 0.020191 0.125271 -0.991917] 
fr 83672
ts 34423.825319
6d 1 [12 1.000][-1904.781 -76.490 715.707 -172.8021 1.1569 104.7229][-0.254092 -0.958902 -0.126274 -0.966969 0.254588 0.012470 0.020191 0.125271 -0.991917] 
fr 83673
ts 34423.841965
6d 1 [12 1.000][-1904.773 -76.515 715.760 -172.8022 1.1543 104.7228][-0.254091 -0.958903 -0.126261 -0.966970 0.254581 0.012513 0.020145 0.125270 -0.991918] 
fr 83674
ts 34423.858627
6d 1 [12 1.000][-1904.767 -76.517 715.746 -172.8023 1.1387 104.7219][-0.254078 -0.958916 -0.126190 -0.966980 0.254533 0.012772 0.019873 0.125268 -0.991924] 
fr 83675
ts 34423.875313
6d 1 [12 1.000][-1904.767 -76.517 715.746 -172.8023 1.1387 104.7219][-0.254078 -0.958916 -0.126190 -0.966980 0.254533 0.012772 0.019873 0.125268 -0.991924] 
fr 83676
ts 34423.891979
6d 1 [12 1.000][-1904.767 -76.517 715.746 -172.8023 1.1387 104.7219][-0.254078 -0.958916 -0.126190 -0.966980 0.254533 0.012772 0.019873 0.125268 -0.991924] 
fr 83677
ts 34423.908663
6d 1 [12 1.000][-1904.767 -76.517 715.746 -172.8023 1.1387 104.7219][-0.254078 -0.958916 -0.126190 -0.966980 0.254533 0.012772 0.019873 0.125268 -0.991924] 
fr 83678
ts 34423.925324
6d 1 [12 1.000][-1904.767 -76.517 715.746 -172.8023 1.1387 104.7219][-0.254078 -0.958916 -0.126190 -0.966980 0.254533 0.012772 0.019873 0.125268 -0.991924] 
fr 83679
ts 34423.942000
6d 1 [12 1.000][-1904.767 -76.477 715.742 -172.8030 1.1388 104.7221][-0.254080 -0.958917 -0.126179 -0.966979 0.254536 0.012768 0.019874 0.125257 -0.991925] 
fr 83680
ts 34423.958662
6d 1 [12 1.000][-1904.764 -76.500 715.733 -172.8085 1.1382 104.7209][-0.254060 -0.958935 -0.126084 -0.966984 0.254517 0.012751 0.019863 0.125161 -0.991938] 
fr 83681
ts 34423.975328
6d 1 [12 1.000][-1904.766 -76.489 715.684 -172.8079 1.1387 104.7211][-0.254064 -0.958932 -0.126097 -0.966983 0.254521 0.012744 0.019874 0.125171 -0.991936] 
fr 83682
ts 34423.991993
6d 1 [12 1.000][-1904.772 -76.490 715.720 -172.8068 1.1422 104.7224][-0.254085 -0.958922 -0.126130 -0.966977 0.254549 0.012694 0.019933 0.125190 -0.991932] 
fr 83683
ts 34424.008657
6d 1 [12 1.000][-1904.772 -76.490 715.720 -172.8068 1.1422 104.7224][-0.254085 -0.958922 -0.126130 -0.966977 0.254549 0.012694 0.019933 0.125190 -0.991932] 
fr 83684
ts 34424.025318
6d 1 [12 1.000][-1904.772 -76.490 715.720 -172.8068 1.1422 104.7224][-0.254085 -0.958922 -0.126130 -0.966977 0.254549 0.012694 0.019933 0.125190 -0.991932] 
fr 83685
ts 34424.041973
6d 1 [12 1.000][-1904.772 -76.490 715.720 -172.8068 1.1422 104.7224][-0.254085 -0.958922 -0.126130 -0.966977 0.254549 0.012694 0.019933 0.125190 -0.991932] 
fr 83686
ts 34424.058635
6d 1 [12 1.000][-1904.772 -76.490 715.720 -172.8068 1.1422 104.7224][-0.254085 -0.958922 -0.126130 -0.966977 0.254549 0.012694 0.019933 0.125190 -0.991932] 
fr 83687
ts 34424.075285
6d 1 [12 1.000][-1904.772 -76.490 715.720 -172.8068 1.1422 104.7224][-0.254085 -0.958922 -0.126130 -0.966977 0.254549 0.012694 0.019933 0.125190 -0.991932] 
fr 83688
ts 34424.091946
6d 1 [12 1.000][-1904.772 -76.490 715.720 -172.8068 1.1422 104.7224][-0.254085 -0.958922 -0.126130 -0.966977 0.254549 0.012694 0.019933 0.125190 -0.991932] 
fr 83689
ts 34424.108588
6d 1 [12 1.000][-1904.772 -76.490 715.720 -172.8068 1.1422 104.7224][-0.254085 -0.958922 -0.126130 -0.966977 0.254549 0.012694 0.019933 0.125190 -0.991932] 
fr 83690
ts 34424.125249
