fr 37172
ts 33648.934462
6d 0 
fr 37173
ts 33648.951106
6d 0 
fr 37174
ts 33648.967771
6d 0 
fr 37175
ts 33648.984462
6d 0 
fr 37176
ts 33649.001124
6d 0 
fr 37177
ts 33649.017805
6d 0 
fr 37178
ts 33649.034470
6d 0 
fr 37179
ts 33649.051148
6d 0 
fr 37180
ts 33649.067810
6d 0 
fr 37181
ts 33649.084480
6d 0 
fr 37182
ts 33649.101141
6d 0 
fr 37183
ts 33649.117805
6d 0 
fr 37184
ts 33649.134466
6d 0 
fr 37185
ts 33649.151123
6d 0 
fr 37186
ts 33649.167785
6d 0 
fr 37187
ts 33649.184434
6d 0 
fr 37188
ts 33649.201096
6d 0 
fr 37189
ts 33649.217739
6d 0 
fr 37190
ts 33649.234401
6d 0 
fr 37191
ts 33649.251085
6d 0 
fr 37192
ts 33649.267750
6d 0 
fr 37193
ts 33649.284431
6d 0 
fr 37194
ts 33649.301093
6d 0 
fr 37195
ts 33649.317767
6d 0 
fr 37196
ts 33649.334428
6d 0 
fr 37197
ts 33649.351096
6d 0 
fr 37198
ts 33649.367757
6d 0 
fr 37199
ts 33649.384417
6d 0 
fr 37200
ts 33649.401079
6d 0 
fr 37201
ts 33649.417731
6d 0 
fr 37202
ts 33649.434395
6d 0 
fr 37203
ts 33649.451041
6d 0 
fr 37204
ts 33649.467702
6d 0 
fr 37205
ts 33649.484394
6d 0 
fr 37206
ts 33649.501055
6d 0 
fr 37207
ts 33649.517740
6d 0 
fr 37208
ts 33649.534402
6d 0 
fr 37209
ts 33649.551079
6d 0 
fr 37210
ts 33649.567740
6d 0 
fr 37211
ts 33649.584412
6d 0 
fr 37212
ts 33649.601073
6d 0 
fr 37213
ts 33649.617738
6d 0 
fr 37214
ts 33649.634399
6d 0 
fr 37215
ts 33649.651056
6d 0 
fr 37216
ts 33649.667717
6d 0 
fr 37217
ts 33649.684367
6d 0 
fr 37218
ts 33649.701028
6d 0 
fr 37219
ts 33649.717672
6d 0 
fr 37220
ts 33649.734332
6d 0 
fr 37221
ts 33649.751019
6d 0 
fr 37222
ts 33649.767682
6d 0 
fr 37223
ts 33649.784365
6d 0 
fr 37224
ts 33649.801026
6d 0 
fr 37225
ts 33649.817697
6d 0 
fr 37226
ts 33649.834363
6d 0 
fr 37227
ts 33649.851030
6d 0 
fr 37228
ts 33649.867686
6d 0 
fr 37229
ts 33649.884352
6d 0 
fr 37230
ts 33649.901012
6d 0 
fr 37231
ts 33649.917667
6d 0 
fr 37232
ts 33649.934329
6d 0 
fr 37233
ts 33649.950974
6d 0 
fr 37234
ts 33649.967636
6d 0 
fr 37235
ts 33649.984329
6d 0 
fr 37236
ts 33650.000989
6d 0 
fr 37237
ts 33650.017674
6d 0 
fr 37238
ts 33650.034337
6d 0 
fr 37239
ts 33650.051015
6d 0 
fr 37240
ts 33650.067676
6d 0 
fr 37241
ts 33650.084346
6d 0 
fr 37242
ts 33650.101008
6d 0 
fr 37243
ts 33650.117672
6d 0 
fr 37244
ts 33650.134334
6d 0 
fr 37245
ts 33650.150987
6d 0 
fr 37246
ts 33650.167653
6d 0 
fr 37247
ts 33650.184301
6d 0 
fr 37248
ts 33650.200964
6d 0 
fr 37249
ts 33650.217608
6d 0 
fr 37250
ts 33650.234269
6d 0 
fr 37251
ts 33650.250954
6d 0 
fr 37252
ts 33650.267620
6d 0 
fr 37253
ts 33650.284301
6d 0 
fr 37254
ts 33650.300962
6d 0 
fr 37255
ts 33650.317637
6d 0 
fr 37256
ts 33650.334299
6d 0 
fr 37257
ts 33650.350966
6d 0 
fr 37258
ts 33650.367629
6d 0 
fr 37259
ts 33650.384288
6d 0 
fr 37260
ts 33650.400950
6d 0 
fr 37261
ts 33650.417602
6d 0 
fr 37262
ts 33650.434265
6d 0 
fr 37263
ts 33650.450908
6d 0 
fr 37264
ts 33650.467573
6d 0 
fr 37265
ts 33650.484262
6d 0 
fr 37266
ts 33650.500926
6d 0 
fr 37267
ts 33650.517613
6d 0 
fr 37268
ts 33650.534273
6d 0 
fr 37269
ts 33650.550952
6d 0 
fr 37270
ts 33650.567613
6d 0 
fr 37271
ts 33650.584285
6d 0 
fr 37272
ts 33650.600946
6d 0 
fr 37273
ts 33650.617611
6d 0 
fr 37274
ts 33650.634272
6d 0 
fr 37275
ts 33650.650925
6d 0 
fr 37276
ts 33650.667591
6d 0 
fr 37277
ts 33650.684242
6d 0 
fr 37278
ts 33650.700902
6d 0 
fr 37279
ts 33650.717547
6d 0 
fr 37280
ts 33650.734206
6d 0 
fr 37281
ts 33650.750894
6d 0 
fr 37282
ts 33650.767558
6d 0 
fr 37283
ts 33650.784240
6d 0 
fr 37284
ts 33650.800901
6d 0 
fr 37285
ts 33650.817572
6d 0 
fr 37286
ts 33650.834238
6d 0 
fr 37287
ts 33650.850906
6d 0 
fr 37288
ts 33650.867568
6d 0 
fr 37289
ts 33650.884229
6d 0 
fr 37290
ts 33650.900890
6d 1 [12 1.000][-1966.809 -59.990 722.287 -174.5367 -0.4093 90.6924][-0.012083 -0.995393 -0.095116 -0.999901 0.011348 0.008262 -0.007144 0.095206 -0.995432] 
fr 37291
ts 33650.917545
6d 0 
fr 37292
ts 33650.934205
6d 0 
fr 37293
ts 33650.950853
6d 1 [12 1.000][-1980.136 -38.520 747.570 179.2869 4.4834 88.2859][0.029821 -0.999446 0.014778 -0.996494 -0.030882 -0.077758 0.078171 -0.012407 -0.996863] 
fr 37294
ts 33650.967514
6d 1 [12 1.000][-1989.818 -22.866 763.138 175.1407 8.9482 86.5892][0.058771 -0.993857 0.093780 -0.986080 -0.072434 -0.149668 0.155541 -0.083679 -0.984279] 
fr 37295
ts 33650.984206
6d 1 [12 1.000][-1996.625 -8.710 776.384 171.1305 12.7292 85.2476][0.080813 -0.981831 0.171691 -0.972069 -0.115715 -0.204186 0.220344 -0.150394 -0.963758] 
fr 37296
ts 33651.000868
6d 1 [12 1.000][-1998.827 3.721 788.318 167.5000 15.2740 84.2051][0.097402 -0.965550 0.241302 -0.959747 -0.155302 -0.234023 0.263435 -0.208794 -0.941810] 
fr 37297
ts 33651.017553
6d 1 [12 1.000][-1996.301 15.012 800.869 163.7831 16.5491 83.6524][0.105980 -0.945530 0.307801 -0.952699 -0.185221 -0.240951 0.284838 -0.267706 -0.920435] 
fr 37298
ts 33651.034215
6d 1 [12 1.000][-1991.587 26.255 812.774 160.1602 17.2991 83.4191][0.109421 -0.922881 0.369211 -0.948475 -0.208059 -0.238971 0.297360 -0.324039 -0.898096] 
fr 37299
ts 33651.050893
6d 1 [12 1.000][-1987.749 36.316 823.754 156.9235 18.8248 83.2048][0.111991 -0.898555 0.424331 -0.939861 -0.234440 -0.248393 0.322675 -0.370994 -0.870772] 
fr 37300
ts 33651.067556
6d 1 [12 1.000][-1983.080 46.194 834.460 154.1107 20.5789 82.7458][0.118213 -0.873059 0.473068 -0.928696 -0.265845 -0.258555 0.351496 -0.408771 -0.842233] 
fr 37301
ts 33651.084226
6d 1 [12 1.000][-1976.814 54.400 845.760 151.9450 22.1152 82.2337][0.125191 -0.850475 0.510901 -0.917931 -0.294691 -0.265631 0.376470 -0.435717 -0.817570] 
fr 37302
ts 33651.100888
6d 1 [12 1.000][-1967.275 61.433 858.011 150.8215 22.8097 81.5983][0.134685 -0.836120 0.531755 -0.911905 -0.314545 -0.263612 0.387672 -0.449406 -0.804826] 
fr 37303
ts 33651.117552
6d 1 [12 1.000][-1956.023 66.624 870.750 150.6233 23.2078 81.0596][0.142831 -0.830785 0.537955 -0.907916 -0.326384 -0.262989 0.394067 -0.450855 -0.800900] 
fr 37304
ts 33651.134214
6d 1 [12 1.000][-1942.540 71.054 884.589 151.3021 23.1073 80.4787][0.152144 -0.833907 0.530520 -0.907101 -0.330953 -0.260073 0.392454 -0.441667 -0.806790] 
fr 37305
ts 33651.150871
6d 1 [12 1.000][-1928.299 74.657 899.046 152.5547 23.5147 79.9079][0.160680 -0.841496 0.515815 -0.902770 -0.336556 -0.267836 0.398984 -0.422627 -0.813756] 
fr 37306
ts 33651.167535
6d 1 [12 1.000][-1913.942 78.569 914.258 154.1252 24.0781 79.7617][0.162277 -0.853777 0.494703 -0.898453 -0.335134 -0.283668 0.407981 -0.398435 -0.821463] 
fr 37307
ts 33651.184183
6d 1 [12 1.000][-1897.796 82.991 930.996 155.7355 24.3647 79.7509][0.162082 -0.866946 0.471311 -0.896403 -0.329039 -0.296977 0.412543 -0.374350 -0.830464] 
fr 37308
ts 33651.200845
6d 1 [12 1.000][-1880.382 87.776 948.150 157.4954 24.5645 80.2321][0.154302 -0.883460 0.442368 -0.896309 -0.313550 -0.313555 0.415717 -0.348116 -0.840235] 
fr 37309
ts 33651.217489
6d 1 [12 1.000][-1861.934 93.282 965.509 159.1829 24.7974 81.1068][0.140340 -0.900440 0.411719 -0.896883 -0.291763 -0.332379 0.419412 -0.322618 -0.848535] 
fr 37310
ts 33651.234150
6d 1 [12 1.000][-1842.535 99.822 982.594 160.8147 24.7684 82.5782][0.117290 -0.918764 0.376983 -0.900401 -0.258523 -0.349919 0.418952 -0.298394 -0.857578] 
fr 37311
ts 33651.250836
6d 1 [12 1.000][-1821.922 107.421 999.492 162.3206 24.5473 84.6143][0.085377 -0.936723 0.339502 -0.905603 -0.215036 -0.365571 0.415444 -0.276243 -0.866658] 
fr 37312
ts 33651.267502
6d 1 [12 1.000][-1800.391 116.337 1016.548 163.5164 24.1858 87.1165][0.045890 -0.951839 0.303145 -0.911067 -0.164339 -0.378087 0.409697 -0.258835 -0.874730] 
fr 37313
ts 33651.284181
6d 1 [12 1.000][-1777.763 126.397 1034.147 164.3397 23.8697 89.8770][0.001963 -0.962642 0.270769 -0.914466 -0.111297 -0.389056 0.404658 -0.246845 -0.880522] 
fr 37314
ts 33651.300844
6d 1 [12 1.000][-1754.423 137.211 1051.955 164.9202 23.3695 93.1090][-0.049787 -0.969740 0.239009 -0.916615 -0.050676 -0.396546 0.396659 -0.238822 -0.886355] 
fr 37315
ts 33651.317519
6d 1 [12 1.000][-1730.519 148.796 1069.995 165.1391 22.8727 96.6632][-0.106909 -0.971589 0.211150 -0.915147 0.013137 -0.402906 0.388685 -0.236308 -0.890552] 
fr 37316
ts 33651.334181
6d 1 [12 1.000][-1706.100 160.749 1088.014 165.0862 22.6790 100.5063][-0.168244 -0.968208 0.185114 -0.907211 0.078632 -0.413261 0.385567 -0.237466 -0.891598] 
fr 37317
ts 33651.350845
6d 1 [12 1.000][-1681.211 172.817 1106.540 164.7377 22.3564 104.6910][-0.234544 -0.958584 0.161572 -0.894601 0.147808 -0.421714 0.380367 -0.243453 -0.892217] 
fr 37318
ts 33651.367510
6d 1 [12 1.000][-1655.425 184.560 1125.630 163.9755 22.2595 108.9447][-0.300461 -0.943029 0.142895 -0.875347 0.213136 -0.433983 0.378802 -0.255477 -0.889517] 
fr 37319
ts 33651.384172
6d 1 [12 1.000][-1628.496 195.459 1145.057 163.2131 21.7615 113.3207][-0.367665 -0.921559 0.124703 -0.852861 0.280680 -0.440281 0.370743 -0.268230 -0.889158] 
fr 37320
ts 33651.400832
6d 1 [12 1.000][-1600.710 204.804 1164.413 162.5011 21.2526 117.8260][-0.435042 -0.894320 0.104547 -0.824225 0.348796 -0.446089 0.362481 -0.280238 -0.888861] 
fr 37321
ts 33651.417487
6d 1 [12 1.000][-1572.141 212.406 1183.753 161.9192 20.6054 122.2611][-0.499630 -0.862169 0.083871 -0.791527 0.415057 -0.448567 0.351929 -0.290504 -0.889805] 
fr 37322
ts 33651.434148
6d 1 [12 1.000][-1543.095 217.996 1202.913 161.7683 19.6364 126.6364][-0.562031 -0.824894 0.060585 -0.755772 0.482412 -0.442817 0.336050 -0.294666 -0.894563] 
fr 37323
ts 33651.450797
6d 1 [12 1.000][-1514.240 221.958 1221.865 161.6260 18.8903 130.9094][-0.619594 -0.784049 0.037017 -0.715042 0.544352 -0.438630 0.323757 -0.298241 -0.897905] 
fr 37324
ts 33651.467458
6d 1 [12 1.000][-1486.171 224.064 1240.687 161.6068 18.2092 135.1184][-0.673083 -0.739461 0.012550 -0.670307 0.602791 -0.432819 0.312487 -0.299735 -0.901394] 
fr 37325
ts 33651.484149
6d 1 [12 1.000][-1458.975 224.396 1259.331 161.6611 17.6864 139.1326][-0.720481 -0.693367 -0.012208 -0.623384 0.655274 -0.426625 0.303807 -0.299765 -0.904346] 
fr 37326
ts 33651.500812
6d 1 [12 1.000][-1432.825 223.076 1277.691 161.6494 17.4480 142.9394][-0.761283 -0.647343 -0.037369 -0.574930 0.700528 -0.422748 0.299840 -0.300346 -0.905477] 
fr 37327
ts 33651.517497
6d 1 [12 1.000][-1407.977 220.316 1295.021 161.6884 17.5512 146.6472][-0.796416 -0.601093 -0.066400 -0.524199 0.740913 -0.419837 0.301557 -0.299558 -0.905167] 
fr 37328
ts 33651.534158
6d 1 [12 1.000][-1384.622 216.059 1311.654 161.7340 17.9770 150.1312][-0.824833 -0.556807 -0.098060 -0.473703 0.775297 -0.417755 0.308635 -0.298127 -0.903252] 
fr 37329
ts 33651.550837
6d 1 [12 1.000][-1362.624 210.491 1327.267 161.8960 18.6299 153.4619][-0.847760 -0.513483 -0.132809 -0.423382 0.805995 -0.413665 0.319453 -0.294460 -0.900690] 
fr 37330
ts 33651.567499
6d 1 [12 1.000][-1341.727 203.171 1342.452 162.4353 19.2849 156.4163][-0.865051 -0.472778 -0.167830 -0.377638 0.833872 -0.402551 0.330266 -0.284848 -0.899881] 
fr 37331
ts 33651.584170
6d 1 [12 1.000][-1321.828 194.335 1357.339 163.3427 19.7747 159.1309][-0.879295 -0.431902 -0.200749 -0.335227 0.860639 -0.383307 0.338323 -0.269744 -0.901541] 
fr 37332
ts 33651.600832
6d 1 [12 1.000][-1302.903 184.555 1372.093 164.2763 20.1177 161.5708][-0.890833 -0.392732 -0.228428 -0.296844 0.883747 -0.361765 0.343949 -0.254465 -0.903851] 
fr 37333
ts 33651.617497
6d 1 [12 1.000][-1284.860 174.609 1386.934 165.1857 20.2305 163.7262][-0.900714 -0.355787 -0.249258 -0.262941 0.903248 -0.339123 0.345798 -0.239913 -0.907119] 
fr 37334
ts 33651.634158
6d 1 [12 1.000][-1267.624 164.118 1401.743 166.0009 20.1495 165.6814][-0.909634 -0.320710 -0.264030 -0.232177 0.919549 -0.317054 0.344471 -0.227101 -0.910914] 
fr 37335
ts 33651.650816
6d 1 [12 1.000][-1250.980 153.213 1416.135 166.8428 19.9236 167.3952][-0.917489 -0.288193 -0.274150 -0.205164 0.933354 -0.294549 0.340766 -0.213999 -0.915469] 
fr 37336
ts 33651.667477
6d 1 [12 1.000][-1234.576 141.679 1431.259 168.3047 19.0835 168.4969][-0.926061 -0.260223 -0.273304 -0.188461 0.946354 -0.262482 0.326946 -0.191567 -0.925423] 
fr 37337
ts 33651.684125
6d 1 [12 1.000][-1219.853 129.681 1444.979 169.2906 18.6066 169.7871][-0.932716 -0.232571 -0.275595 -0.168039 0.956501 -0.238472 0.319069 -0.176116 -0.931224] 
fr 37338
ts 33651.700789
6d 1 [12 1.000][-1205.604 117.170 1459.480 170.7182 17.4054 170.7075][-0.941690 -0.206974 -0.265297 -0.154081 0.966165 -0.206843 0.299131 -0.153905 -0.941718] 
fr 37339
ts 33651.717433
6d 1 [12 1.000][-1192.925 103.920 1472.224 172.3481 16.5321 171.4582][-0.948027 -0.184677 -0.259114 -0.142390 0.974474 -0.173565 0.284553 -0.127649 -0.950124] 
fr 37340
ts 33651.734094
6d 1 [12 1.000][-1181.819 91.209 1483.301 173.9659 15.8555 172.1293][-0.952892 -0.164629 -0.254745 -0.131728 0.981158 -0.141336 0.273213 -0.101121 -0.956624] 
fr 37341
ts 33651.750781
6d 1 [12 1.000][-1172.085 79.363 1493.424 175.1799 15.2094 172.7935][-0.957351 -0.146873 -0.248813 -0.121052 0.985827 -0.116157 0.262347 -0.081083 -0.961561] 
fr 37342
ts 33651.767445
6d 1 [12 1.000][-1163.664 68.490 1502.751 176.3823 14.5070 173.2123][-0.961331 -0.133651 -0.240789 -0.114422 0.989144 -0.092204 0.250499 -0.061087 -0.966188] 
fr 37343
ts 33651.784124
6d 1 [12 1.000][-1155.826 59.786 1510.296 177.1967 14.0301 173.7603][-0.964421 -0.120345 -0.235391 -0.105446 0.991598 -0.074936 0.242431 -0.047449 -0.969008] 
fr 37344
ts 33651.800789
6d 1 [12 1.000][-1149.721 51.785 1517.062 177.7033 13.6773 174.3436][-0.966912 -0.107912 -0.231163 -0.095767 0.993398 -0.063166 0.236453 -0.038938 -0.970862] 
fr 37345
ts 33651.817463
6d 1 [12 1.000][-1144.739 45.669 1522.857 177.6682 13.4377 175.1661][-0.969164 -0.093620 -0.227940 -0.081961 0.994821 -0.060108 0.232387 -0.039573 -0.971818] 
fr 37346
ts 33651.834126
6d 1 [12 1.000][-1140.475 40.755 1527.495 177.5576 13.2586 175.8370][-0.970777 -0.082277 -0.225439 -0.070660 0.995746 -0.059137 0.229346 -0.041479 -0.972461] 
fr 37347
ts 33651.850794
6d 1 [12 1.000][-1136.976 37.069 1531.315 177.1697 13.1506 176.4578][-0.971915 -0.072920 -0.223749 -0.060163 0.996178 -0.063323 0.227511 -0.048083 -0.972588] 
fr 37348
ts 33651.867457
6d 1 [12 1.000][-1134.362 33.905 1534.532 176.7357 13.0302 176.9281][-0.972852 -0.066322 -0.221724 -0.052209 0.996255 -0.068923 0.225464 -0.055475 -0.972671] 
fr 37349
ts 33651.884117
6d 1 [12 1.000][-1132.493 30.855 1537.282 176.1518 12.8588 177.1847][-0.973745 -0.063923 -0.218484 -0.047884 0.995808 -0.077938 0.222550 -0.065430 -0.972723] 
fr 37350
ts 33651.900779
6d 1 [12 1.000][-1130.871 28.531 1539.053 175.9640 12.8175 177.2507][-0.973959 -0.063443 -0.217666 -0.046771 0.995623 -0.080917 0.221846 -0.068629 -0.972663] 
fr 37351
ts 33651.917433
6d 1 [12 1.000][-1129.638 26.751 1539.880 175.6702 12.9001 177.2506][-0.973639 -0.064666 -0.218737 -0.046756 0.995190 -0.086088 0.223252 -0.073592 -0.971979] 
fr 37352
ts 33651.934095
6d 1 [12 1.000][-1128.705 25.022 1540.532 175.5451 12.8887 177.0371][-0.973502 -0.068835 -0.218071 -0.050387 0.994751 -0.089065 0.223057 -0.075717 -0.971860] 
fr 37353
ts 33651.950742
6d 1 [12 1.000][-1128.029 23.647 1540.895 175.3827 12.8581 176.6806][-0.973289 -0.075598 -0.216782 -0.056450 0.994045 -0.093207 0.222537 -0.078480 -0.971760] 
fr 37354
ts 33651.967404
6d 1 [12 1.000][-1127.438 22.273 1541.325 175.3332 12.7185 176.1525][-0.973265 -0.084752 -0.213477 -0.065455 0.993236 -0.095903 0.220161 -0.079365 -0.972229] 
fr 37355
ts 33651.984096
6d 1 [12 1.000][-1126.968 20.800 1541.943 175.3043 12.4634 175.5183][-0.973449 -0.095491 -0.208036 -0.076299 0.992216 -0.098420 0.215815 -0.079934 -0.973157] 
fr 37356
ts 33652.000757
6d 1 [12 1.000][-1126.605 19.491 1542.322 175.4042 12.2115 174.9189][-0.973533 -0.105163 -0.202916 -0.086562 0.991367 -0.098484 0.211521 -0.078312 -0.974231] 
fr 37357
ts 33652.017440
6d 1 [12 1.000][-1126.504 18.505 1542.196 175.4816 12.0290 174.3972][-0.973370 -0.113668 -0.199075 -0.095488 0.990527 -0.098687 0.208407 -0.077050 -0.975003] 
fr 37358
ts 33652.034106
6d 1 [12 1.000][-1125.927 18.165 1541.615 176.0202 11.7519 173.6092][-0.972955 -0.125089 -0.194195 -0.108976 0.989816 -0.091590 0.203674 -0.067951 -0.976678] 
fr 37359
ts 33652.050782
6d 1 [12 1.000][-1126.505 17.666 1541.144 176.2248 11.5347 172.9011][-0.972293 -0.136379 -0.189862 -0.121086 0.988554 -0.089996 0.199962 -0.064513 -0.977677] 
fr 37360
ts 33652.067446
6d 1 [12 1.000][-1127.554 17.656 1540.089 176.4318 11.5612 172.3448][-0.970980 -0.145315 -0.189953 -0.130509 0.987505 -0.088328 0.200415 -0.060974 -0.977812] 
fr 37361
ts 33652.084117
6d 1 [12 1.000][-1129.535 18.578 1539.021 176.1018 11.6754 172.1317][-0.970090 -0.150207 -0.190691 -0.134063 0.986410 -0.094983 0.202367 -0.066577 -0.977044] 
fr 37362
ts 33652.100778
6d 1 [12 1.000][-1131.385 19.094 1537.801 175.9483 11.8648 171.5867][-0.968104 -0.160317 -0.192545 -0.143186 0.984641 -0.099904 0.205604 -0.069147 -0.976189] 
fr 37363
ts 33652.117439
6d 1 [12 1.000][-1133.547 19.925 1536.344 175.8049 12.1791 171.1638][-0.965892 -0.168448 -0.196669 -0.150152 0.983114 -0.104605 0.210969 -0.071506 -0.974874] 
fr 37364
ts 33652.134105
6d 1 [12 1.000][-1135.646 20.742 1534.684 175.5893 12.5448 170.8869][-0.963805 -0.174409 -0.201646 -0.154603 0.981808 -0.110234 0.217204 -0.075069 -0.973235] 
fr 37365
ts 33652.150763
6d 1 [12 1.000][-1137.298 21.305 1533.168 175.6269 12.7899 170.5041][-0.961826 -0.181145 -0.205128 -0.160883 0.980641 -0.111622 0.221376 -0.074359 -0.972349] 
fr 37366
ts 33652.167425
6d 1 [12 1.000][-1138.676 22.049 1532.350 175.5275 12.7944 170.1558][-0.960813 -0.187464 -0.204196 -0.166725 0.979324 -0.114578 0.221453 -0.076044 -0.972202] 
fr 37367
ts 33652.184076
6d 1 [12 1.000][-1139.675 22.782 1531.917 175.4205 12.6577 169.9110][-0.960609 -0.191844 -0.201062 -0.170921 0.978329 -0.116871 0.219125 -0.077901 -0.972582] 
fr 37368
ts 33652.200737
6d 1 [12 1.000][-1139.956 23.290 1531.718 175.5510 12.3979 169.6633][-0.960829 -0.195276 -0.196659 -0.175249 0.977818 -0.114721 0.214699 -0.075763 -0.973737] 
fr 37369
ts 33652.217381
6d 1 [12 1.000][-1140.172 23.932 1531.622 175.6144 12.1264 169.6112][-0.961659 -0.195599 -0.192231 -0.176303 0.977830 -0.112984 0.210069 -0.074761 -0.974824] 
fr 37370
ts 33652.234043
6d 1 [12 1.000][-1140.320 24.812 1531.839 175.6168 11.8116 169.7863][-0.963315 -0.192198 -0.187309 -0.173566 0.978501 -0.111406 0.204694 -0.074809 -0.975963] 
fr 37371
ts 33652.250730
6d 1 [12 1.000][-1140.310 25.730 1532.072 175.5871 11.5169 169.9859][-0.964937 -0.188503 -0.182653 -0.170389 0.979174 -0.110386 0.199657 -0.075394 -0.976961] 
fr 37372
ts 33652.267394
6d 1 [12 1.000][-1140.403 26.176 1532.176 175.6185 11.3296 170.1786][-0.966143 -0.184868 -0.179976 -0.167254 0.979904 -0.108690 0.196452 -0.074908 -0.977648] 
fr 37373
ts 33652.284075
6d 1 [12 1.000][-1140.455 26.980 1531.872 175.6561 11.2370 170.4415][-0.967212 -0.180132 -0.179034 -0.162871 0.980833 -0.106956 0.194869 -0.074290 -0.978012] 
fr 37374
ts 33652.300737
6d 1 [12 1.000][-1140.871 27.857 1531.531 175.5703 11.2165 170.7736][-0.968209 -0.174686 -0.179042 -0.157273 0.981705 -0.107331 0.194516 -0.075761 -0.977969] 
fr 37375
ts 33652.317413
6d 1 [12 1.000][-1141.375 28.922 1531.381 175.4455 11.1850 171.1694][-0.969377 -0.168250 -0.178884 -0.150598 0.982662 -0.108150 0.193978 -0.077898 -0.977908] 
fr 37376
ts 33652.334074
6d 1 [12 1.000][-1141.698 30.401 1530.997 175.3084 11.2051 171.6501][-0.970540 -0.160456 -0.179740 -0.142449 0.983777 -0.109049 0.194322 -0.080233 -0.977651] 
fr 37377
ts 33652.350743
6d 1 [12 1.000][-1141.653 31.526 1530.862 175.1790 11.1187 171.9717][-0.971613 -0.155217 -0.178539 -0.137041 0.984433 -0.110056 0.192842 -0.082465 -0.977758] 
fr 37378
ts 33652.367404
6d 1 [12 1.000][-1141.383 32.475 1530.875 175.0201 10.9797 172.2529][-0.972735 -0.150674 -0.176309 -0.132333 0.984904 -0.111591 0.190461 -0.085217 -0.977989] 
fr 37379
ts 33652.384066
6d 1 [12 1.000][-1140.794 33.365 1530.971 175.0445 10.7359 172.4868][-0.974061 -0.146219 -0.172698 -0.128466 0.985605 -0.109906 0.186283 -0.084870 -0.978824] 
fr 37380
ts 33652.400727
6d 1 [12 1.000][-1140.114 33.818 1531.190 175.0453 10.4979 172.6604][-0.975205 -0.142880 -0.168997 -0.125612 0.986090 -0.108850 0.182199 -0.084923 -0.979588] 
fr 37381
ts 33652.417382
6d 1 [12 1.000][-1139.371 34.479 1531.481 174.9066 10.2613 172.9522][-0.976571 -0.137908 -0.165201 -0.120735 0.986585 -0.109880 0.178138 -0.087360 -0.980120] 
fr 37382
ts 33652.434043
6d 1 [12 1.000][-1138.504 35.144 1531.883 174.7225 10.0028 173.2051][-0.977882 -0.133679 -0.160863 -0.116517 0.986876 -0.111797 0.173697 -0.090581 -0.980625] 
fr 37383
ts 33652.450687
6d 1 [12 1.000][-1137.596 35.722 1532.365 174.5510 9.7187 173.3775][-0.979072 -0.130729 -0.155976 -0.113672 0.986990 -0.113706 0.168812 -0.093597 -0.981194] 
fr 37384
ts 33652.467353
6d 1 [12 1.000][-1136.754 36.394 1532.559 174.4117 9.4879 173.5415][-0.980061 -0.127899 -0.152062 -0.110944 0.987126 -0.115215 0.164840 -0.096047 -0.981633] 
fr 37385
ts 33652.484042
6d 1 [12 1.000][-1136.087 36.880 1532.917 174.3043 9.2291 173.6884][-0.981072 -0.125213 -0.147713 -0.108512 0.987282 -0.116189 0.160383 -0.097961 -0.982182] 
fr 37386
ts 33652.500707
6d 1 [12 1.000][-1135.492 37.385 1533.545 174.2031 8.9130 173.7986][-0.982144 -0.123029 -0.142329 -0.106720 0.987374 -0.117063 0.154935 -0.099783 -0.982873] 
fr 37387
ts 33652.517392
6d 1 [12 1.000][-1134.780 38.077 1533.940 174.1155 8.6706 173.9049][-0.982983 -0.120988 -0.138226 -0.104965 0.987466 -0.117867 0.150754 -0.101352 -0.983362] 
fr 37388
ts 33652.534054
6d 1 [12 1.000][-1134.205 38.815 1534.228 174.0992 8.4786 174.0062][-0.983664 -0.118942 -0.135123 -0.103279 0.987681 -0.117558 0.147441 -0.101683 -0.983830] 
fr 37389
ts 33652.550729
6d 1 [12 1.000][-1133.820 39.418 1534.616 174.0643 8.2827 174.1083][-0.984342 -0.116917 -0.131914 -0.101577 0.987855 -0.117574 0.144058 -0.102334 -0.984264] 
fr 37390
ts 33652.567394
6d 1 [12 1.000][-1133.624 39.873 1535.033 174.0774 8.1216 174.2081][-0.984917 -0.114881 -0.129389 -0.099904 0.988113 -0.116838 0.141274 -0.102149 -0.984686] 
fr 37391
ts 33652.584067
6d 1 [12 1.000][-1133.524 40.053 1535.462 174.1654 7.9978 174.2706][-0.985327 -0.113387 -0.127574 -0.098860 0.988438 -0.114967 0.139134 -0.100668 -0.985143] 
fr 37392
ts 33652.600728
6d 1 [12 1.000][-1133.522 40.143 1535.858 174.2169 7.9243 174.3534][-0.985645 -0.111716 -0.126584 -0.097453 0.988716 -0.113770 0.137865 -0.099800 -0.985410] 
fr 37393
ts 33652.617392
6d 1 [12 1.000][-1133.561 40.255 1536.191 174.2944 7.9077 174.4607][-0.985866 -0.109664 -0.126660 -0.095611 0.989079 -0.112167 0.137578 -0.098472 -0.985584] 
fr 37394
ts 33652.634054
6d 1 [12 1.000][-1133.726 40.221 1536.569 174.4027 7.8805 174.5868][-0.986139 -0.107201 -0.126643 -0.093447 0.989532 -0.109974 0.137107 -0.096616 -0.985833] 
fr 37395
ts 33652.650713
6d 1 [12 1.000][-1133.991 40.167 1536.870 174.5508 7.8953 174.7333][-0.986339 -0.104367 -0.127448 -0.090922 0.990081 -0.107113 0.137363 -0.094062 -0.986044] 
fr 37396
ts 33652.667375
6d 1 [12 1.000][-1134.374 40.128 1537.099 174.6848 7.9468 174.9054][-0.986484 -0.101175 -0.128889 -0.087947 0.990629 -0.104494 0.138253 -0.091746 -0.986138] 
fr 37397
ts 33652.684022
6d 1 [12 1.000][-1134.915 39.787 1537.749 174.8615 7.9006 174.9694][-0.986693 -0.099599 -0.128521 -0.086856 0.991065 -0.101223 0.137454 -0.088713 -0.986527] 
fr 37398
ts 33652.700687
6d 1 [12 1.000][-1135.173 40.022 1537.590 174.9737 8.0700 175.2124][-0.986643 -0.095397 -0.132043 -0.082635 0.991653 -0.098978 0.140383 -0.086745 -0.986290] 
fr 37399
ts 33652.717331
6d 1 [12 1.000][-1135.694 40.109 1537.949 175.1365 8.0953 175.4100][-0.986860 -0.091637 -0.133078 -0.079227 0.992248 -0.095739 0.140819 -0.083938 -0.986471] 
fr 37400
ts 33652.733992
6d 1 [12 1.000][-1136.249 40.232 1538.227 175.2735 8.1228 175.6432][-0.987107 -0.087317 -0.134148 -0.075205 0.992835 -0.092859 0.141295 -0.081573 -0.986601] 
fr 37401
ts 33652.750679
6d 1 [12 1.000][-1136.775 40.193 1538.400 175.3553 8.1926 175.8608][-0.987213 -0.083451 -0.135817 -0.071443 0.993283 -0.091017 0.142501 -0.080150 -0.986544] 
fr 37402
ts 33652.767344
6d 1 [12 1.000][-1137.116 40.162 1538.425 175.4848 8.2698 176.0486][-0.987249 -0.079993 -0.137622 -0.068194 0.993746 -0.088418 0.143835 -0.077906 -0.986530] 
fr 37403
ts 33652.784027
6d 1 [12 1.000][-1137.264 40.326 1538.591 175.5551 8.3007 176.2242][-0.987376 -0.076819 -0.138518 -0.065163 0.994091 -0.086810 0.144368 -0.076688 -0.986548] 
fr 37404
ts 33652.800688
6d 1 [12 1.000][-1137.069 40.763 1538.684 175.5823 8.3341 176.4168][-0.987506 -0.073455 -0.139417 -0.061838 0.994382 -0.085908 0.144944 -0.076213 -0.986500] 
fr 37405
ts 33652.817363
6d 1 [12 1.000][-1136.741 41.062 1539.072 175.5796 8.2574 176.5543][-0.987844 -0.070974 -0.138303 -0.059480 0.994558 -0.085541 0.143621 -0.076275 -0.986689] 
fr 37406
ts 33652.834025
6d 1 [12 1.000][-1136.205 41.084 1539.675 175.5563 8.0936 176.6690][-0.988367 -0.068819 -0.135629 -0.057525 0.994676 -0.085504 0.140791 -0.076708 -0.987063] 
fr 37407
ts 33652.850692
6d 1 [12 1.000][-1135.438 41.101 1540.215 175.5598 7.9150 176.8834][-0.989008 -0.064850 -0.132878 -0.053850 0.994944 -0.084768 0.137704 -0.076681 -0.987501] 
fr 37408
ts 33652.867355
6d 1 [12 1.000][-1134.507 41.071 1540.985 175.5026 7.6540 177.0601][-0.989786 -0.061561 -0.128583 -0.050832 0.995073 -0.085120 0.133190 -0.077715 -0.988039] 
fr 37409
ts 33652.884012
6d 1 [12 1.000][-1133.372 41.095 1541.757 175.4774 7.3976 177.2335][-0.990521 -0.058256 -0.124397 -0.047864 0.995234 -0.084956 0.128754 -0.078197 -0.988589] 
fr 37410
ts 33652.900678
6d 1 [12 1.000][-1132.154 40.652 1543.037 175.4710 7.0412 177.3182][-0.991371 -0.056312 -0.118371 -0.046436 0.995333 -0.084595 0.122583 -0.078368 -0.989359] 
fr 37411
ts 33652.917333
6d 1 [12 1.000][-1130.578 39.777 1544.879 175.5301 6.5333 177.3640][-0.992455 -0.054709 -0.109730 -0.045692 0.995496 -0.083070 0.113780 -0.077430 -0.990484] 
fr 37412
ts 33652.933994
6d 1 [12 1.000][-1129.037 39.134 1546.833 175.6366 6.0044 177.6589][-0.993684 -0.048683 -0.101106 -0.040625 0.995944 -0.080279 0.104604 -0.075665 -0.991631] 
fr 37413
ts 33652.950642
6d 1 [12 1.000][-1127.447 38.180 1548.982 175.7285 5.4657 177.9962][-0.994845 -0.041959 -0.092323 -0.034807 0.996364 -0.077759 0.095250 -0.074144 -0.992688] 
fr 37414
ts 33652.967304
6d 1 [12 1.000][-1125.832 36.296 1551.745 176.1485 4.8327 178.2640][-0.995988 -0.035882 -0.081984 -0.030186 0.997112 -0.069687 0.084247 -0.066932 -0.994194] 
fr 37415
ts 33652.983997
6d 1 [12 1.000][-1124.535 34.346 1554.736 176.5028 4.2199 178.6482][-0.997011 -0.028035 -0.071987 -0.023528 0.997754 -0.062716 0.073584 -0.060835 -0.995432] 
fr 37416
ts 33653.000659
6d 1 [12 1.000][-1123.368 32.124 1558.242 176.9471 3.5725 179.0889][-0.997931 -0.019196 -0.061368 -0.015869 0.998402 -0.054240 0.062311 -0.053154 -0.996640] 
fr 37417
ts 33653.017344
6d 1 [12 1.000][-1122.405 29.757 1561.514 177.5114 3.0613 179.6903][-0.998558 -0.007719 -0.053118 -0.005397 0.999030 -0.043708 0.053404 -0.043358 -0.997631] 
fr 37418
ts 33653.034005
6d 1 [12 1.000][-1122.319 25.912 1565.813 178.3905 2.4719 -179.8874][-0.999068 0.000752 -0.043168 0.001963 0.999606 -0.028003 0.043130 -0.028062 -0.998675] 
fr 37419
ts 33653.050685
6d 1 [12 1.000][-1122.716 21.676 1569.991 179.2699 2.1232 -179.2969][-0.999238 0.011799 -0.037199 0.012263 0.999849 -0.012286 0.037048 -0.012733 -0.999232] 
fr 37420
ts 33653.067347
6d 1 [12 1.000][-1124.107 16.518 1574.738 -179.6556 1.8083 -178.7661][-0.999270 0.021723 -0.031419 0.021523 0.999746 0.006689 0.031556 0.006008 -0.999484] 
fr 37421
ts 33653.084018
6d 1 [12 1.000][-1126.335 10.785 1579.274 -178.1915 1.7090 -178.1260][-0.999021 0.033626 -0.028760 0.032687 0.998937 0.032517 0.029822 0.031545 -0.999057] 
fr 37422
ts 33653.100682
6d 1 [12 1.000][-1129.742 3.821 1584.256 -176.7367 1.6190 -177.5973][-0.998722 0.043461 -0.025796 0.041906 0.997433 0.058056 0.028253 0.056901 -0.997980] 
fr 37423
ts 33653.117345
6d 1 [12 1.000][-1134.188 -3.430 1588.996 -175.0894 1.7243 -177.0587][-0.998230 0.053697 -0.025547 0.051289 0.994885 0.087028 0.030090 0.085563 -0.995878] 
fr 37424
ts 33653.134006
6d 1 [12 1.000][-1139.895 -10.672 1593.049 -173.4172 2.1230 -176.4786][-0.997427 0.065255 -0.029689 0.061380 0.991271 0.116684 0.037044 0.114561 -0.992725] 
fr 37425
ts 33653.150665
6d 1 [12 1.000][-1146.924 -18.208 1596.999 -171.5732 2.6354 -176.1259][-0.996660 0.073558 -0.035479 0.067493 0.986488 0.149285 0.045981 0.146391 -0.988158] 
fr 37426
ts 33653.167326
6d 1 [12 1.000][-1154.851 -25.097 1600.237 -169.9055 3.4425 -175.6515][-0.995322 0.085144 -0.045657 0.075686 0.980888 0.179250 0.060046 0.174956 -0.982744] 
fr 37427
ts 33653.183978
6d 1 [12 1.000][-1163.751 -31.388 1602.961 -168.3664 4.4743 -175.1619][-0.993400 0.098283 -0.059130 0.084084 0.974640 0.207379 0.078012 0.201038 -0.976472] 
fr 37428
ts 33653.200639
6d 1 [12 1.000][-1173.740 -36.803 1604.938 -167.0807 5.7910 -174.5968][-0.990476 0.114239 -0.076855 0.093683 0.968231 0.231846 0.100900 0.222437 -0.969712] 
fr 37429
ts 33653.217280
6d 1 [12 1.000][-1184.484 -41.916 1606.089 -165.8134 7.3537 -174.1263][-0.986568 0.130420 -0.098358 0.101495 0.961202 0.256493 0.127994 0.243065 -0.961528] 
fr 37430
ts 33653.233946
6d 1 [12 1.000][-1196.085 -46.998 1605.950 -164.3106 9.2197 -173.9766][-0.981632 0.144113 -0.125023 0.103579 0.952880 0.285115 0.160221 0.266928 -0.950304] 
fr 37431
ts 33653.250632
6d 1 [12 1.000][-1208.562 -51.332 1604.556 -163.1113 11.3035 -173.7701][-0.974812 0.160444 -0.154918 0.106414 0.945041 0.309150 0.196006 0.284878 -0.938310] 
fr 37432
ts 33653.267297
6d 1 [12 1.000][-1222.096 -54.295 1601.894 -161.9903 13.6503 -173.8028][-0.966076 0.175200 -0.189745 0.104902 0.937570 0.331599 0.235995 0.300445 -0.924142] 
fr 37433
ts 33653.283979
6d 1 [12 1.000][-1236.172 -56.369 1598.703 -160.7825 15.9750 -174.0972][-0.956285 0.187219 -0.224652 0.098870 0.929953 0.354136 0.275217 0.316444 -0.907810] 
fr 37434
ts 33653.300640
6d 1 [12 1.000][-1250.369 -57.345 1594.881 -160.1518 18.3774 -174.5401][-0.944695 0.196056 -0.262894 0.090296 0.926143 0.366205 0.315274 0.322214 -0.892626] 
fr 37435
ts 33653.317316
6d 1 [12 1.000][-1264.732 -57.810 1590.700 -159.6705 20.7364 -175.3084][-0.932085 0.199296 -0.302486 0.076494 0.924507 0.373411 0.354070 0.324913 -0.876964] 
fr 37436
ts 33653.333978
6d 1 [12 1.000][-1278.902 -57.556 1586.295 -159.4294 23.0215 -176.2405][-0.918377 0.198501 -0.342316 0.060346 0.925216 0.374612 0.391077 0.323377 -0.861676] 
fr 37437
ts 33653.350647
6d 1 [12 1.000][-1293.151 -57.487 1581.039 -158.8486 25.1983 -177.4826][-0.903966 0.194441 -0.380838 0.039743 0.924982 0.377926 0.425753 0.326497 -0.843880] 
fr 37438
ts 33653.367307
6d 1 [12 1.000][-1307.299 -57.409 1574.692 -158.2874 27.4693 -178.6878][-0.887026 0.191880 -0.419961 0.020319 0.924899 0.379669 0.461273 0.328243 -0.824308] 
fr 37439
ts 33653.383970
6d 1 [12 1.000][-1321.247 -57.319 1567.012 -157.3065 29.6961 179.8409][-0.868662 0.188562 -0.458117 -0.002413 0.923109 0.384530 0.495400 0.335132 -0.801415] 
fr 37440
ts 33653.400631
6d 1 [12 1.000][-1334.594 -57.323 1558.285 -156.1414 31.8249 178.0334][-0.849163 0.181784 -0.495860 -0.029157 0.921327 0.387694 0.527326 0.343673 -0.777056] 
fr 37441
ts 33653.417287
6d 1 [12 1.000][-1347.555 -57.057 1548.726 -155.0962 34.0044 175.9882][-0.826963 0.171467 -0.535473 -0.057999 0.921270 0.384576 0.559257 0.349087 -0.751911] 
fr 37442
ts 33653.433948
6d 1 [12 1.000][-1359.928 -55.404 1538.663 -153.9611 36.3291 173.8741][-0.801027 0.162696 -0.576095 -0.085971 0.921118 0.379672 0.592422 0.353656 -0.723853] 
fr 37443
ts 33653.450596
6d 1 [12 1.000][-1371.346 -53.189 1528.934 -153.4608 38.5965 171.9352][-0.773829 0.150467 -0.615262 -0.109647 0.924886 0.364093 0.623832 0.349208 -0.699205] 
fr 37444
ts 33653.467257
6d 1 [12 1.000][-1381.802 -51.256 1519.507 -153.1150 40.7055 169.9597][-0.746462 0.134900 -0.651611 -0.132162 0.929672 0.343865 0.652172 0.342801 -0.676136] 
fr 37445
ts 33653.483899
6d 1 [12 1.000][-1391.214 -49.691 1510.274 -152.5357 42.5808 167.9556][-0.720114 0.120036 -0.683394 -0.153649 0.932883 0.325763 0.676630 0.339589 -0.653339] 
fr 37446
ts 33653.500561
6d 1 [12 1.000][-1399.377 -48.723 1501.651 -152.2081 44.1379 166.2152][-0.696996 0.104557 -0.709411 -0.171002 0.936535 0.306041 0.696387 0.334620 -0.634882] 
fr 37447
ts 33653.517247
6d 1 [12 1.000][-1406.364 -48.586 1494.023 -151.6712 45.2967 164.3055][-0.677210 0.086592 -0.730677 -0.190285 0.938658 0.287600 0.710759 0.333802 -0.619191] 
fr 37448
ts 33653.533908
6d 1 [12 1.000][-1412.135 -49.373 1487.988 -151.1310 46.0341 162.3943][-0.661713 0.066351 -0.746815 -0.209980 0.939815 0.269550 0.719753 0.335181 -0.607955] 
fr 37449
ts 33653.550587
6d 1 [12 1.000][-1416.693 -50.732 1483.749 -150.4966 46.3660 160.6593][-0.651106 0.048082 -0.757462 -0.228533 0.939256 0.256067 0.723763 0.339832 -0.600567] 
fr 37450
ts 33653.567249
6d 1 [12 1.000][-1419.914 -53.152 1481.358 -149.8936 46.2244 158.9854][-0.645821 0.027870 -0.762980 -0.248097 0.937440 0.244243 0.722055 0.347030 -0.598504] 
fr 37451
ts 33653.583922
6d 1 [12 1.000][-1421.709 -56.484 1481.112 -149.2300 45.5427 157.6303][-0.647672 0.010676 -0.761844 -0.266550 0.933542 0.239687 0.713773 0.358308 -0.601784] 
fr 37452
ts 33653.600583
6d 1 [12 1.000][-1422.025 -61.012 1483.311 -148.4720 44.1407 156.4563][-0.657893 -0.006629 -0.753082 -0.286657 0.926896 0.242264 0.696423 0.375260 -0.611699] 
fr 37453
ts 33653.617248
6d 1 [12 1.000][-1420.429 -66.549 1488.053 -147.9575 42.2313 155.6440][-0.674539 -0.024719 -0.737825 -0.305361 0.919275 0.248370 0.672125 0.392838 -0.627635] 
fr 37454
ts 33653.633909
6d 1 [12 1.000][-1416.759 -73.388 1495.220 -147.4826 39.6704 155.0225][-0.697739 -0.044999 -0.714937 -0.325028 0.909268 0.259979 0.638371 0.413772 -0.649058] 
fr 37455
ts 33653.650564
6d 1 [12 1.000][-1410.615 -81.061 1504.634 -146.8466 36.4221 154.5548][-0.726609 -0.066503 -0.683825 -0.345723 0.895504 0.280265 0.593729 0.440057 -0.673673] 
fr 37456
ts 33653.667230
6d 1 [12 1.000][-1401.570 -89.275 1515.609 -146.2731 32.7943 154.4077][-0.758147 -0.088038 -0.646113 -0.363118 0.880001 0.306175 0.541625 0.466741 -0.699139] 
fr 37457
ts 33653.683882
6d 1 [12 1.000][-1389.548 -97.942 1528.073 -145.7011 28.5671 154.5395][-0.792963 -0.111842 -0.598917 -0.377554 0.861718 0.338962 0.478187 0.494907 -0.725537] 
fr 37458
ts 33653.700544
6d 1 [12 1.000][-1374.431 -106.642 1541.560 -145.4511 23.9018 155.0008][-0.828589 -0.139826 -0.542115 -0.386363 0.843583 0.372950 0.405171 0.518475 -0.753007] 
fr 37459
ts 33653.717188
6d 1 [12 1.000][-1356.310 -114.488 1555.426 -145.3494 19.0342 155.9596][-0.863326 -0.165780 -0.476640 -0.385106 0.826818 0.409957 0.326132 0.537483 -0.777657] 
fr 37460
ts 33653.733848
6d 1 [12 1.000][-1335.265 -121.572 1568.929 -145.0838 13.8414 157.2761][-0.895593 -0.190452 -0.402047 -0.375074 0.809236 0.452168 0.239235 0.555756 -0.796179] 
fr 37461
ts 33653.750536
6d 1 [12 1.000][-1311.930 -127.291 1581.738 -145.0828 8.5306 159.0083][-0.923303 -0.214472 -0.318611 -0.354270 0.795976 0.490830 0.148337 0.566059 -0.810909] 
fr 37462
ts 33653.767202
6d 1 [12 1.000][-1286.741 -131.210 1592.972 -145.1959 3.3906 161.1743][-0.944848 -0.233013 -0.230147 -0.322125 0.788076 0.524568 0.059142 0.569773 -0.819671] 
fr 37463
ts 33653.783879
6d 1 [12 1.000][-1259.951 -133.453 1602.205 -145.2819 -1.6486 163.6931][-0.959374 -0.246519 -0.137220 -0.280666 0.784297 0.553267 -0.028770 0.569304 -0.821624] 
fr 37464
ts 33653.800545
6d 1 [12 1.000][-1231.847 -134.120 1609.252 -145.3573 -6.5495 166.4434][-0.965794 -0.255881 -0.042023 -0.232875 0.784593 0.574616 -0.114062 0.564747 -0.817343] 
fr 37465
ts 33653.817220
6d 1 [12 1.000][-1203.105 -133.378 1613.900 -145.3595 -11.2678 169.5057][-0.964320 -0.259060 0.054538 -0.178627 0.788744 0.588197 -0.195395 0.557468 -0.806877] 
fr 37466
ts 33653.833883
6d 1 [12 1.000][-1174.007 -131.581 1615.791 -145.1795 -15.7632 172.8524][-0.954914 -0.256062 0.150238 -0.119747 0.795264 0.594320 -0.271662 0.549534 -0.790071] 
fr 37467
ts 33653.850552
6d 1 [12 1.000][-1144.895 -128.491 1615.024 -144.9375 -19.9667 176.5715][-0.938209 -0.244766 0.244650 -0.056208 0.805330 0.590156 -0.341474 0.539939 -0.769325] 
fr 37468
ts 33653.867214
6d 1 [12 1.000][-1116.130 -125.047 1611.491 -144.5698 -23.9419 -179.6077][-0.913936 -0.229668 0.334624 0.006258 0.816414 0.577434 -0.405809 0.529831 -0.744713] 
fr 37469
ts 33653.883876
6d 1 [12 1.000][-1087.667 -120.395 1605.297 -144.1650 -27.6537 -175.6097][-0.883170 -0.208868 0.419982 0.067805 0.829127 0.554932 -0.464126 0.518577 -0.718098] 
fr 37470
ts 33653.900538
6d 1 [12 1.000][-1059.986 -114.953 1596.754 -143.7191 -31.1906 -171.4565][-0.845956 -0.183298 0.500759 0.127086 0.842707 0.523157 -0.517887 0.506208 -0.689599] 
fr 37471
ts 33653.917192
6d 1 [12 1.000][-1033.216 -109.101 1585.896 -143.1912 -34.4786 -167.1981][-0.803846 -0.153339 0.574734 0.182657 0.855892 0.483823 -0.566099 0.493899 -0.659997] 
fr 37472
ts 33653.933854
6d 1 [12 1.000][-1006.957 -102.871 1572.764 -142.4638 -37.7163 -162.8897][-0.756038 -0.122921 0.642882 0.232736 0.867530 0.439575 -0.611752 0.481957 -0.627277] 
fr 37473
ts 33653.950502
6d 1 [12 1.000][-981.303 -96.576 1557.318 -141.5757 -41.0539 -158.4248][-0.701257 -0.091486 0.707014 0.277296 0.878632 0.388731 -0.656769 0.468653 -0.590778] 
fr 37474
ts 33653.967164
6d 1 [12 1.000][-957.029 -90.441 1539.947 -140.3920 -44.3473 -153.8183][-0.641744 -0.059989 0.764569 0.315523 0.888003 0.334509 -0.699006 0.455909 -0.550942] 
fr 37475
ts 33653.983806
6d 1 [12 1.000][-933.683 -84.744 1520.834 -138.7211 -47.6510 -148.8821][-0.576711 -0.029035 0.816432 0.348140 0.895348 0.277760 -0.739055 0.444420 -0.506249] 
fr 37476
ts 33654.000467
6d 1 [12 1.000][-912.189 -79.737 1500.543 -136.5923 -50.8172 -143.6588][-0.508914 0.001448 0.860816 0.374398 0.900834 0.219828 -0.775134 0.434162 -0.458989] 
fr 37477
ts 33654.017154
6d 1 [12 1.000][-892.801 -74.734 1479.993 -134.2232 -53.8204 -138.1488][-0.439717 0.034472 0.897475 0.393859 0.905456 0.158193 -0.807170 0.423039 -0.411721] 
fr 37478
ts 33654.033815
6d 1 [12 1.000][-875.650 -69.200 1459.823 -131.8826 -56.6828 -132.7309][-0.372712 0.068227 0.925435 0.403468 0.910006 0.095404 -0.835643 0.408942 -0.366698] 
fr 37479
ts 33654.050494
6d 1 [12 1.000][-861.215 -63.307 1440.733 -129.8818 -59.3254 -127.8807][-0.313250 0.100846 0.944301 0.402666 0.914643 0.035896 -0.860078 0.391483 -0.327119] 
fr 37480
ts 33654.067156
6d 1 [12 1.000][-848.828 -57.591 1423.128 -127.7843 -61.6772 -123.1450][-0.259404 0.132613 0.956621 0.397243 0.917507 -0.019471 -0.880288 0.374960 -0.290685] 
fr 37481
ts 33654.083830
6d 1 [12 1.000][-838.751 -52.341 1407.827 -125.7142 -63.6474 -118.7878][-0.213765 0.161227 0.963489 0.389033 0.918753 -0.067428 -0.896079 0.360415 -0.259120] 
fr 37482
ts 33654.100491
6d 1 [12 1.000][-831.137 -46.841 1395.238 -124.5123 -65.0746 -115.5501][-0.181766 0.188886 0.965030 0.380225 0.918547 -0.108171 -0.906857 0.347266 -0.238779] 
fr 37483
ts 33654.117152
6d 1 [12 1.000][-825.962 -41.879 1386.261 -124.3653 -66.3202 -113.8061][-0.162113 0.211304 0.963883 0.367453 0.919480 -0.139769 -0.915804 0.331523 -0.226704] 
fr 37484
ts 33654.133817
