fr 42959
ts 33745.370914
6d 1 [12 1.000][-1955.624 -69.510 719.196 -173.3874 -0.5487 103.6387][-0.235788 -0.965597 -0.109666 -0.971757 0.233159 0.036398 -0.009576 0.115151 -0.993302] 
fr 42960
ts 33745.387575
6d 1 [12 1.000][-1955.624 -69.510 719.196 -173.3874 -0.5487 103.6387][-0.235788 -0.965597 -0.109666 -0.971757 0.233159 0.036398 -0.009576 0.115151 -0.993302] 
fr 42961
ts 33745.404221
6d 1 [12 1.000][-1955.624 -69.510 719.196 -173.3874 -0.5487 103.6387][-0.235788 -0.965597 -0.109666 -0.971757 0.233159 0.036398 -0.009576 0.115151 -0.993302] 
fr 42962
ts 33745.420884
6d 1 [12 1.000][-1955.624 -69.510 719.196 -173.3874 -0.5487 103.6387][-0.235788 -0.965597 -0.109666 -0.971757 0.233159 0.036398 -0.009576 0.115151 -0.993302] 
fr 42963
ts 33745.437571
6d 1 [12 1.000][-1955.622 -69.573 719.203 -173.3868 -0.5501 103.6385][-0.235784 -0.965597 -0.109669 -0.971758 0.233152 0.036424 -0.009601 0.115160 -0.993301] 
fr 42964
ts 33745.454236
6d 1 [12 1.000][-1955.625 -69.570 719.185 -173.3800 -0.5614 103.6366][-0.235752 -0.965597 -0.109740 -0.971764 0.233093 0.036639 -0.009798 0.115279 -0.993285] 
fr 42965
ts 33745.470921
6d 1 [12 1.000][-1955.625 -69.570 719.185 -173.3800 -0.5614 103.6366][-0.235752 -0.965597 -0.109740 -0.971764 0.233093 0.036639 -0.009798 0.115279 -0.993285] 
fr 42966
ts 33745.487582
6d 1 [12 1.000][-1955.625 -69.570 719.185 -173.3800 -0.5614 103.6366][-0.235752 -0.965597 -0.109740 -0.971764 0.233093 0.036639 -0.009798 0.115279 -0.993285] 
fr 42967
ts 33745.504260
6d 1 [12 1.000][-1955.625 -69.570 719.185 -173.3800 -0.5614 103.6366][-0.235752 -0.965597 -0.109740 -0.971764 0.233093 0.036639 -0.009798 0.115279 -0.993285] 
fr 42968
ts 33745.520922
6d 1 [12 1.000][-1955.625 -69.570 719.185 -173.3800 -0.5614 103.6366][-0.235752 -0.965597 -0.109740 -0.971764 0.233093 0.036639 -0.009798 0.115279 -0.993285] 
fr 42969
ts 33745.537588
6d 1 [12 1.000][-1955.628 -69.588 719.130 -173.3799 -0.5621 103.6370][-0.235759 -0.965596 -0.109737 -0.971762 0.233099 0.036651 -0.009811 0.115279 -0.993285] 
fr 42970
ts 33745.554254
6d 1 [12 1.000][-1955.624 -69.593 719.157 -173.3823 -0.5671 103.6404][-0.235815 -0.965589 -0.109674 -0.971748 0.233147 0.036732 -0.009898 0.115238 -0.993289] 
fr 42971
ts 33745.570918
6d 1 [12 1.000][-1955.624 -69.593 719.157 -173.3823 -0.5671 103.6404][-0.235815 -0.965589 -0.109674 -0.971748 0.233147 0.036732 -0.009898 0.115238 -0.993289] 
fr 42972
ts 33745.587579
6d 1 [12 1.000][-1955.624 -69.593 719.157 -173.3823 -0.5671 103.6404][-0.235815 -0.965589 -0.109674 -0.971748 0.233147 0.036732 -0.009898 0.115238 -0.993289] 
fr 42973
ts 33745.604236
6d 1 [12 1.000][-1955.624 -69.593 719.157 -173.3823 -0.5671 103.6404][-0.235815 -0.965589 -0.109674 -0.971748 0.233147 0.036732 -0.009898 0.115238 -0.993289] 
fr 42974
ts 33745.620897
6d 1 [12 1.000][-1955.624 -69.593 719.157 -173.3823 -0.5671 103.6404][-0.235815 -0.965589 -0.109674 -0.971748 0.233147 0.036732 -0.009898 0.115238 -0.993289] 
fr 42975
ts 33745.637543
6d 1 [12 1.000][-1955.624 -69.593 719.157 -173.3823 -0.5671 103.6404][-0.235815 -0.965589 -0.109674 -0.971748 0.233147 0.036732 -0.009898 0.115238 -0.993289] 
fr 42976
ts 33745.654208
6d 1 [12 1.000][-1955.624 -69.593 719.157 -173.3823 -0.5671 103.6404][-0.235815 -0.965589 -0.109674 -0.971748 0.233147 0.036732 -0.009898 0.115238 -0.993289] 
fr 42977
ts 33745.670851
6d 1 [12 1.000][-1955.613 -69.529 719.131 -173.3814 -0.5652 103.6400][-0.235808 -0.965588 -0.109699 -0.971750 0.233143 0.036703 -0.009865 0.115255 -0.993287] 
fr 42978
ts 33745.687513
6d 1 [12 1.000][-1955.609 -69.518 719.142 -173.3740 -0.5558 103.6369][-0.235758 -0.965582 -0.109864 -0.971763 0.233106 0.036570 -0.009701 0.115383 -0.993274] 
fr 42979
ts 33745.704201
6d 1 [12 1.000][-1955.609 -69.518 719.142 -173.3740 -0.5558 103.6369][-0.235758 -0.965582 -0.109864 -0.971763 0.233106 0.036570 -0.009701 0.115383 -0.993274] 
fr 42980
ts 33745.720863
6d 1 [12 1.000][-1955.609 -69.518 719.142 -173.3740 -0.5558 103.6369][-0.235758 -0.965582 -0.109864 -0.971763 0.233106 0.036570 -0.009701 0.115383 -0.993274] 
fr 42981
ts 33745.737541
6d 1 [12 1.000][-1955.609 -69.518 719.142 -173.3740 -0.5558 103.6369][-0.235758 -0.965582 -0.109864 -0.971763 0.233106 0.036570 -0.009701 0.115383 -0.993274] 
fr 42982
ts 33745.754207
6d 1 [12 1.000][-1955.609 -69.518 719.142 -173.3740 -0.5558 103.6369][-0.235758 -0.965582 -0.109864 -0.971763 0.233106 0.036570 -0.009701 0.115383 -0.993274] 
fr 42983
ts 33745.770879
6d 1 [12 1.000][-1955.622 -69.572 719.167 -173.3753 -0.5553 103.6374][-0.235765 -0.965582 -0.109842 -0.971762 0.233115 0.036556 -0.009692 0.115359 -0.993277] 
fr 42984
ts 33745.787541
6d 1 [12 1.000][-1955.616 -69.554 719.176 -173.3858 -0.5501 103.6399][-0.235808 -0.965590 -0.109686 -0.971752 0.233175 0.036431 -0.009602 0.115178 -0.993298] 
fr 42985
ts 33745.804208
6d 1 [12 1.000][-1955.616 -69.554 719.176 -173.3858 -0.5501 103.6399][-0.235808 -0.965590 -0.109686 -0.971752 0.233175 0.036431 -0.009602 0.115178 -0.993298] 
fr 42986
ts 33745.820870
6d 1 [12 1.000][-1955.616 -69.554 719.176 -173.3858 -0.5501 103.6399][-0.235808 -0.965590 -0.109686 -0.971752 0.233175 0.036431 -0.009602 0.115178 -0.993298] 
fr 42987
ts 33745.837530
6d 1 [12 1.000][-1955.616 -69.554 719.176 -173.3858 -0.5501 103.6399][-0.235808 -0.965590 -0.109686 -0.971752 0.233175 0.036431 -0.009602 0.115178 -0.993298] 
fr 42988
ts 33745.854193
6d 1 [12 1.000][-1955.616 -69.554 719.176 -173.3858 -0.5501 103.6399][-0.235808 -0.965590 -0.109686 -0.971752 0.233175 0.036431 -0.009602 0.115178 -0.993298] 
fr 42989
ts 33745.870845
6d 1 [12 1.000][-1955.616 -69.554 719.176 -173.3858 -0.5501 103.6399][-0.235808 -0.965590 -0.109686 -0.971752 0.233175 0.036431 -0.009602 0.115178 -0.993298] 
fr 42990
ts 33745.887506
6d 1 [12 1.000][-1955.616 -69.554 719.176 -173.3858 -0.5501 103.6399][-0.235808 -0.965590 -0.109686 -0.971752 0.233175 0.036431 -0.009602 0.115178 -0.993298] 
fr 42991
ts 33745.904153
6d 1 [12 1.000][-1955.616 -69.554 719.176 -173.3858 -0.5501 103.6399][-0.235808 -0.965590 -0.109686 -0.971752 0.233175 0.036431 -0.009602 0.115178 -0.993298] 
fr 42992
ts 33745.920816
6d 1 [12 1.000][-1955.616 -69.554 719.176 -173.3858 -0.5501 103.6399][-0.235808 -0.965590 -0.109686 -0.971752 0.233175 0.036431 -0.009602 0.115178 -0.993298] 
fr 42993
ts 33745.937505
6d 1 [12 1.000][-1955.622 -69.532 719.166 -173.3864 -0.5516 103.6403][-0.235815 -0.965590 -0.109669 -0.971750 0.233180 0.036454 -0.009627 0.115167 -0.993300] 
fr 42994
ts 33745.954168
6d 1 [12 1.000][-1955.627 -69.528 719.179 -173.3940 -0.5650 103.6446][-0.235887 -0.965593 -0.109483 -0.971730 0.233230 0.036657 -0.009861 0.115035 -0.993312] 
fr 42995
ts 33745.970853
6d 1 [12 1.000][-1955.628 -69.521 719.138 -173.3933 -0.5651 103.6451][-0.235895 -0.965590 -0.109494 -0.971728 0.233237 0.036663 -0.009863 0.115047 -0.993311] 
fr 42996
ts 33745.987514
6d 1 [12 1.000][-1955.633 -69.508 719.043 -173.3915 -0.5635 103.6459][-0.235909 -0.965583 -0.109531 -0.971725 0.233253 0.036644 -0.009835 0.115079 -0.993308] 
fr 42997
ts 33746.004192
6d 1 [12 1.000][-1955.632 -69.506 719.109 -173.3903 -0.5615 103.6466][-0.235921 -0.965576 -0.109559 -0.971723 0.233268 0.036617 -0.009800 0.115100 -0.993306] 
fr 42998
ts 33746.020854
6d 1 [12 1.000][-1955.633 -69.496 719.190 -173.3851 -0.5583 103.6497][-0.235973 -0.965553 -0.109658 -0.971711 0.233323 0.036591 -0.009744 0.115190 -0.993296] 
fr 42999
ts 33746.037525
6d 1 [12 1.000][-1955.633 -69.496 719.190 -173.3851 -0.5583 103.6497][-0.235973 -0.965553 -0.109658 -0.971711 0.233323 0.036591 -0.009744 0.115190 -0.993296] 
fr 43000
ts 33746.054186
6d 1 [12 1.000][-1955.633 -69.496 719.190 -173.3851 -0.5583 103.6497][-0.235973 -0.965553 -0.109658 -0.971711 0.233323 0.036591 -0.009744 0.115190 -0.993296] 
fr 43001
ts 33746.070841
6d 1 [12 1.000][-1955.640 -69.582 719.169 -173.3850 -0.5561 103.6496][-0.235972 -0.965552 -0.109669 -0.971711 0.233326 0.036553 -0.009705 0.115192 -0.993296] 
fr 43002
ts 33746.087512
6d 1 [12 1.000][-1955.634 -69.522 719.135 -173.3844 -0.5404 103.6496][-0.235972 -0.965543 -0.109744 -0.971714 0.233356 0.036291 -0.009432 0.115203 -0.993297] 
fr 43003
ts 33746.104167
6d 1 [12 1.000][-1955.632 -69.551 719.133 -173.3834 -0.5408 103.6491][-0.235965 -0.965543 -0.109759 -0.971716 0.233347 0.036301 -0.009438 0.115221 -0.993295] 
fr 43004
ts 33746.120830
6d 1 [12 1.000][-1955.636 -69.549 719.134 -173.3827 -0.5409 103.6490][-0.235963 -0.965542 -0.109769 -0.971716 0.233345 0.036305 -0.009440 0.115231 -0.993294] 
fr 43005
ts 33746.137480
6d 1 [12 1.000][-1955.634 -69.534 719.142 -173.3788 -0.5405 103.6467][-0.235924 -0.965544 -0.109839 -0.971726 0.233304 0.036310 -0.009433 0.115300 -0.993286] 
fr 43006
ts 33746.154140
6d 1 [12 1.000][-1955.634 -69.534 719.142 -173.3788 -0.5405 103.6467][-0.235924 -0.965544 -0.109839 -0.971726 0.233304 0.036310 -0.009433 0.115300 -0.993286] 
fr 43007
ts 33746.170785
6d 1 [12 1.000][-1955.638 -69.548 719.177 -173.3795 -0.5403 103.6465][-0.235921 -0.965546 -0.109828 -0.971727 0.233301 0.036303 -0.009430 0.115287 -0.993287] 
fr 43008
ts 33746.187447
6d 1 [12 1.000][-1955.629 -69.552 719.179 -173.3808 -0.5396 103.6455][-0.235904 -0.965552 -0.109809 -0.971731 0.233287 0.036285 -0.009418 0.115265 -0.993290] 
fr 43009
ts 33746.204134
6d 1 [12 1.000][-1955.634 -69.565 719.183 -173.3819 -0.5390 103.6449][-0.235893 -0.965557 -0.109794 -0.971734 0.233278 0.036269 -0.009408 0.115246 -0.993292] 
fr 43010
ts 33746.220796
6d 1 [12 1.000][-1955.628 -69.574 719.176 -173.3878 -0.5380 103.6424][-0.235851 -0.965578 -0.109700 -0.971744 0.233242 0.036224 -0.009390 0.115144 -0.993304] 
fr 43011
ts 33746.237478
6d 1 [12 1.000][-1955.628 -69.574 719.176 -173.3878 -0.5380 103.6424][-0.235851 -0.965578 -0.109700 -0.971744 0.233242 0.036224 -0.009390 0.115144 -0.993304] 
fr 43012
ts 33746.254140
6d 1 [12 1.000][-1955.628 -69.574 719.176 -173.3878 -0.5380 103.6424][-0.235851 -0.965578 -0.109700 -0.971744 0.233242 0.036224 -0.009390 0.115144 -0.993304] 
fr 43013
ts 33746.270814
6d 1 [12 1.000][-1955.628 -69.574 719.176 -173.3878 -0.5380 103.6424][-0.235851 -0.965578 -0.109700 -0.971744 0.233242 0.036224 -0.009390 0.115144 -0.993304] 
fr 43014
ts 33746.287475
6d 1 [12 1.000][-1955.628 -69.574 719.176 -173.3878 -0.5380 103.6424][-0.235851 -0.965578 -0.109700 -0.971744 0.233242 0.036224 -0.009390 0.115144 -0.993304] 
fr 43015
ts 33746.304143
6d 1 [12 1.000][-1955.628 -69.574 719.176 -173.3878 -0.5380 103.6424][-0.235851 -0.965578 -0.109700 -0.971744 0.233242 0.036224 -0.009390 0.115144 -0.993304] 
fr 43016
ts 33746.320803
6d 1 [12 1.000][-1955.628 -69.574 719.176 -173.3878 -0.5380 103.6424][-0.235851 -0.965578 -0.109700 -0.971744 0.233242 0.036224 -0.009390 0.115144 -0.993304] 
fr 43017
ts 33746.337461
6d 1 [12 1.000][-1955.628 -69.574 719.176 -173.3878 -0.5380 103.6424][-0.235851 -0.965578 -0.109700 -0.971744 0.233242 0.036224 -0.009390 0.115144 -0.993304] 
fr 43018
ts 33746.354126
6d 1 [12 1.000][-1955.628 -69.574 719.176 -173.3878 -0.5380 103.6424][-0.235851 -0.965578 -0.109700 -0.971744 0.233242 0.036224 -0.009390 0.115144 -0.993304] 
fr 43019
ts 33746.370779
6d 1 [12 1.000][-1955.628 -69.574 719.176 -173.3878 -0.5380 103.6424][-0.235851 -0.965578 -0.109700 -0.971744 0.233242 0.036224 -0.009390 0.115144 -0.993304] 
fr 43020
ts 33746.387441
6d 1 [12 1.000][-1955.628 -69.574 719.176 -173.3878 -0.5380 103.6424][-0.235851 -0.965578 -0.109700 -0.971744 0.233242 0.036224 -0.009390 0.115144 -0.993304] 
fr 43021
ts 33746.404084
6d 1 [12 1.000][-1955.628 -69.574 719.176 -173.3878 -0.5380 103.6424][-0.235851 -0.965578 -0.109700 -0.971744 0.233242 0.036224 -0.009390 0.115144 -0.993304] 
fr 43022
ts 33746.420749
6d 1 [12 1.000][-1955.628 -69.574 719.176 -173.3878 -0.5380 103.6424][-0.235851 -0.965578 -0.109700 -0.971744 0.233242 0.036224 -0.009390 0.115144 -0.993304] 
fr 43023
ts 33746.437442
6d 1 [12 1.000][-1955.628 -69.574 719.176 -173.3878 -0.5380 103.6424][-0.235851 -0.965578 -0.109700 -0.971744 0.233242 0.036224 -0.009390 0.115144 -0.993304] 
fr 43024
ts 33746.454104
6d 1 [12 1.000][-1955.628 -69.574 719.176 -173.3878 -0.5380 103.6424][-0.235851 -0.965578 -0.109700 -0.971744 0.233242 0.036224 -0.009390 0.115144 -0.993304] 
fr 43025
ts 33746.470788
6d 1 [12 1.000][-1955.628 -69.574 719.176 -173.3878 -0.5380 103.6424][-0.235851 -0.965578 -0.109700 -0.971744 0.233242 0.036224 -0.009390 0.115144 -0.993304] 
fr 43026
ts 33746.487449
6d 1 [12 1.000][-1955.628 -69.574 719.176 -173.3878 -0.5380 103.6424][-0.235851 -0.965578 -0.109700 -0.971744 0.233242 0.036224 -0.009390 0.115144 -0.993304] 
fr 43027
ts 33746.504124
6d 1 [12 1.000][-1955.628 -69.574 719.176 -173.3878 -0.5380 103.6424][-0.235851 -0.965578 -0.109700 -0.971744 0.233242 0.036224 -0.009390 0.115144 -0.993304] 
fr 43028
ts 33746.520789
6d 1 [12 1.000][-1955.628 -69.574 719.176 -173.3878 -0.5380 103.6424][-0.235851 -0.965578 -0.109700 -0.971744 0.233242 0.036224 -0.009390 0.115144 -0.993304] 
fr 43029
ts 33746.537460
6d 1 [12 1.000][-1955.628 -69.574 719.176 -173.3878 -0.5380 103.6424][-0.235851 -0.965578 -0.109700 -0.971744 0.233242 0.036224 -0.009390 0.115144 -0.993304] 
fr 43030
ts 33746.554121
6d 1 [12 1.000][-1955.628 -69.574 719.176 -173.3878 -0.5380 103.6424][-0.235851 -0.965578 -0.109700 -0.971744 0.233242 0.036224 -0.009390 0.115144 -0.993304] 
fr 43031
ts 33746.570785
6d 1 [12 1.000][-1955.628 -69.574 719.176 -173.3878 -0.5380 103.6424][-0.235851 -0.965578 -0.109700 -0.971744 0.233242 0.036224 -0.009390 0.115144 -0.993304] 
fr 43032
ts 33746.587447
6d 1 [12 1.000][-1955.628 -69.574 719.176 -173.3878 -0.5380 103.6424][-0.235851 -0.965578 -0.109700 -0.971744 0.233242 0.036224 -0.009390 0.115144 -0.993304] 
fr 43033
ts 33746.604104
6d 1 [12 1.000][-1955.628 -69.574 719.176 -173.3878 -0.5380 103.6424][-0.235851 -0.965578 -0.109700 -0.971744 0.233242 0.036224 -0.009390 0.115144 -0.993304] 
fr 43034
ts 33746.620767
6d 1 [12 1.000][-1955.599 -69.497 719.144 -173.3873 -0.5402 103.6417][-0.235840 -0.965580 -0.109699 -0.971746 0.233226 0.036260 -0.009428 0.115152 -0.993303] 
fr 43035
ts 33746.637414
6d 1 [12 1.000][-1955.605 -69.531 719.150 -173.3844 -0.5576 103.6364][-0.235749 -0.965605 -0.109681 -0.971765 0.233101 0.036555 -0.009731 0.115202 -0.993294] 
fr 43036
ts 33746.654078
6d 1 [12 1.000][-1955.605 -69.531 719.150 -173.3844 -0.5576 103.6364][-0.235749 -0.965605 -0.109681 -0.971765 0.233101 0.036555 -0.009731 0.115202 -0.993294] 
fr 43037
ts 33746.670721
6d 1 [12 1.000][-1955.605 -69.531 719.150 -173.3844 -0.5576 103.6364][-0.235749 -0.965605 -0.109681 -0.971765 0.233101 0.036555 -0.009731 0.115202 -0.993294] 
fr 43038
ts 33746.687382
6d 1 [12 1.000][-1955.605 -69.531 719.150 -173.3844 -0.5576 103.6364][-0.235749 -0.965605 -0.109681 -0.971765 0.233101 0.036555 -0.009731 0.115202 -0.993294] 
fr 43039
ts 33746.704071
6d 1 [12 1.000][-1955.605 -69.531 719.150 -173.3844 -0.5576 103.6364][-0.235749 -0.965605 -0.109681 -0.971765 0.233101 0.036555 -0.009731 0.115202 -0.993294] 
fr 43040
ts 33746.720735
6d 1 [12 1.000][-1955.605 -69.531 719.150 -173.3844 -0.5576 103.6364][-0.235749 -0.965605 -0.109681 -0.971765 0.233101 0.036555 -0.009731 0.115202 -0.993294] 
fr 43041
ts 33746.737412
6d 1 [12 1.000][-1955.605 -69.531 719.150 -173.3844 -0.5576 103.6364][-0.235749 -0.965605 -0.109681 -0.971765 0.233101 0.036555 -0.009731 0.115202 -0.993294] 
fr 43042
ts 33746.754076
6d 1 [12 1.000][-1955.605 -69.531 719.150 -173.3844 -0.5576 103.6364][-0.235749 -0.965605 -0.109681 -0.971765 0.233101 0.036555 -0.009731 0.115202 -0.993294] 
fr 43043
ts 33746.770750
6d 1 [12 1.000][-1955.605 -69.531 719.150 -173.3844 -0.5576 103.6364][-0.235749 -0.965605 -0.109681 -0.971765 0.233101 0.036555 -0.009731 0.115202 -0.993294] 
fr 43044
ts 33746.787412
6d 1 [12 1.000][-1955.605 -69.531 719.150 -173.3844 -0.5576 103.6364][-0.235749 -0.965605 -0.109681 -0.971765 0.233101 0.036555 -0.009731 0.115202 -0.993294] 
fr 43045
ts 33746.804080
6d 1 [12 1.000][-1955.605 -69.531 719.150 -173.3844 -0.5576 103.6364][-0.235749 -0.965605 -0.109681 -0.971765 0.233101 0.036555 -0.009731 0.115202 -0.993294] 
fr 43046
ts 33746.820741
6d 1 [12 1.000][-1955.605 -69.531 719.150 -173.3844 -0.5576 103.6364][-0.235749 -0.965605 -0.109681 -0.971765 0.233101 0.036555 -0.009731 0.115202 -0.993294] 
fr 43047
ts 33746.837398
6d 1 [12 1.000][-1955.605 -69.531 719.150 -173.3844 -0.5576 103.6364][-0.235749 -0.965605 -0.109681 -0.971765 0.233101 0.036555 -0.009731 0.115202 -0.993294] 
fr 43048
ts 33746.854064
6d 1 [12 1.000][-1955.605 -69.531 719.150 -173.3844 -0.5576 103.6364][-0.235749 -0.965605 -0.109681 -0.971765 0.233101 0.036555 -0.009731 0.115202 -0.993294] 
fr 43049
ts 33746.870717
6d 1 [12 1.000][-1955.605 -69.531 719.150 -173.3844 -0.5576 103.6364][-0.235749 -0.965605 -0.109681 -0.971765 0.233101 0.036555 -0.009731 0.115202 -0.993294] 
fr 43050
ts 33746.887380
6d 1 [12 1.000][-1955.629 -69.548 719.235 -173.3845 -0.5573 103.6376][-0.235768 -0.965600 -0.109680 -0.971761 0.233121 0.036553 -0.009727 0.115200 -0.993295] 
fr 43051
ts 33746.904025
6d 1 [12 1.000][-1955.630 -69.547 719.168 -173.3826 -0.5504 103.6472][-0.235931 -0.965554 -0.109733 -0.971722 0.233295 0.036463 -0.009607 0.115233 -0.993292] 
fr 43052
ts 33746.920688
6d 1 [12 1.000][-1955.630 -69.547 719.168 -173.3826 -0.5504 103.6472][-0.235931 -0.965554 -0.109733 -0.971722 0.233295 0.036463 -0.009607 0.115233 -0.993292] 
fr 43053
ts 33746.937380
6d 1 [12 1.000][-1955.630 -69.547 719.168 -173.3826 -0.5504 103.6472][-0.235931 -0.965554 -0.109733 -0.971722 0.233295 0.036463 -0.009607 0.115233 -0.993292] 
fr 43054
ts 33746.954042
6d 1 [12 1.000][-1955.630 -69.547 719.168 -173.3826 -0.5504 103.6472][-0.235931 -0.965554 -0.109733 -0.971722 0.233295 0.036463 -0.009607 0.115233 -0.993292] 
fr 43055
ts 33746.970727
6d 1 [12 1.000][-1955.630 -69.547 719.168 -173.3826 -0.5504 103.6472][-0.235931 -0.965554 -0.109733 -0.971722 0.233295 0.036463 -0.009607 0.115233 -0.993292] 
fr 43056
ts 33746.987388
6d 1 [12 1.000][-1955.630 -69.547 719.168 -173.3826 -0.5504 103.6472][-0.235931 -0.965554 -0.109733 -0.971722 0.233295 0.036463 -0.009607 0.115233 -0.993292] 
fr 43057
ts 33747.004065
6d 1 [12 1.000][-1955.630 -69.547 719.168 -173.3826 -0.5504 103.6472][-0.235931 -0.965554 -0.109733 -0.971722 0.233295 0.036463 -0.009607 0.115233 -0.993292] 
fr 43058
ts 33747.020728
6d 1 [12 1.000][-1955.630 -69.547 719.168 -173.3826 -0.5504 103.6472][-0.235931 -0.965554 -0.109733 -0.971722 0.233295 0.036463 -0.009607 0.115233 -0.993292] 
fr 43059
ts 33747.037399
6d 1 [12 1.000][-1955.630 -69.547 719.168 -173.3826 -0.5504 103.6472][-0.235931 -0.965554 -0.109733 -0.971722 0.233295 0.036463 -0.009607 0.115233 -0.993292] 
fr 43060
ts 33747.054061
6d 1 [12 1.000][-1955.630 -69.547 719.168 -173.3826 -0.5504 103.6472][-0.235931 -0.965554 -0.109733 -0.971722 0.233295 0.036463 -0.009607 0.115233 -0.993292] 
fr 43061
ts 33747.070725
6d 1 [12 1.000][-1955.630 -69.547 719.168 -173.3826 -0.5504 103.6472][-0.235931 -0.965554 -0.109733 -0.971722 0.233295 0.036463 -0.009607 0.115233 -0.993292] 
fr 43062
ts 33747.087386
6d 1 [12 1.000][-1955.610 -69.494 719.152 -173.3837 -0.5520 103.6461][-0.235913 -0.965562 -0.109709 -0.971726 0.233274 0.036482 -0.009634 0.115214 -0.993294] 
fr 43063
ts 33747.104044
6d 1 [12 1.000][-1955.605 -69.500 719.148 -173.3942 -0.5603 103.6364][-0.235748 -0.965625 -0.109504 -0.971765 0.233101 0.036562 -0.009780 0.115031 -0.993314] 
fr 43064
ts 33747.120705
6d 1 [12 1.000][-1955.605 -69.500 719.148 -173.3942 -0.5603 103.6364][-0.235748 -0.965625 -0.109504 -0.971765 0.233101 0.036562 -0.009780 0.115031 -0.993314] 
fr 43065
ts 33747.137355
6d 1 [12 1.000][-1955.605 -69.500 719.148 -173.3942 -0.5603 103.6364][-0.235748 -0.965625 -0.109504 -0.971765 0.233101 0.036562 -0.009780 0.115031 -0.993314] 
fr 43066
ts 33747.154017
6d 1 [12 1.000][-1955.605 -69.500 719.148 -173.3942 -0.5603 103.6364][-0.235748 -0.965625 -0.109504 -0.971765 0.233101 0.036562 -0.009780 0.115031 -0.993314] 
fr 43067
ts 33747.170660
6d 1 [12 1.000][-1955.605 -69.500 719.148 -173.3942 -0.5603 103.6364][-0.235748 -0.965625 -0.109504 -0.971765 0.233101 0.036562 -0.009780 0.115031 -0.993314] 
fr 43068
ts 33747.187322
6d 1 [12 1.000][-1955.605 -69.500 719.148 -173.3942 -0.5603 103.6364][-0.235748 -0.965625 -0.109504 -0.971765 0.233101 0.036562 -0.009780 0.115031 -0.993314] 
fr 43069
ts 33747.204012
6d 1 [12 1.000][-1955.605 -69.500 719.148 -173.3942 -0.5603 103.6364][-0.235748 -0.965625 -0.109504 -0.971765 0.233101 0.036562 -0.009780 0.115031 -0.993314] 
fr 43070
ts 33747.220672
6d 1 [12 1.000][-1955.605 -69.500 719.148 -173.3942 -0.5603 103.6364][-0.235748 -0.965625 -0.109504 -0.971765 0.233101 0.036562 -0.009780 0.115031 -0.993314] 
fr 43071
ts 33747.237355
6d 1 [12 1.000][-1955.605 -69.500 719.148 -173.3942 -0.5603 103.6364][-0.235748 -0.965625 -0.109504 -0.971765 0.233101 0.036562 -0.009780 0.115031 -0.993314] 
fr 43072
ts 33747.254016
6d 1 [12 1.000][-1955.605 -69.500 719.148 -173.3942 -0.5603 103.6364][-0.235748 -0.965625 -0.109504 -0.971765 0.233101 0.036562 -0.009780 0.115031 -0.993314] 
fr 43073
ts 33747.270691
6d 1 [12 1.000][-1955.605 -69.500 719.148 -173.3942 -0.5603 103.6364][-0.235748 -0.965625 -0.109504 -0.971765 0.233101 0.036562 -0.009780 0.115031 -0.993314] 
fr 43074
ts 33747.287352
6d 1 [12 1.000][-1955.605 -69.500 719.148 -173.3942 -0.5603 103.6364][-0.235748 -0.965625 -0.109504 -0.971765 0.233101 0.036562 -0.009780 0.115031 -0.993314] 
fr 43075
ts 33747.304020
6d 1 [12 1.000][-1955.605 -69.500 719.148 -173.3942 -0.5603 103.6364][-0.235748 -0.965625 -0.109504 -0.971765 0.233101 0.036562 -0.009780 0.115031 -0.993314] 
fr 43076
ts 33747.320681
6d 1 [12 1.000][-1955.605 -69.500 719.148 -173.3942 -0.5603 103.6364][-0.235748 -0.965625 -0.109504 -0.971765 0.233101 0.036562 -0.009780 0.115031 -0.993314] 
fr 43077
ts 33747.337343
6d 1 [12 1.000][-1955.605 -69.500 719.148 -173.3942 -0.5603 103.6364][-0.235748 -0.965625 -0.109504 -0.971765 0.233101 0.036562 -0.009780 0.115031 -0.993314] 
fr 43078
ts 33747.354004
6d 1 [12 1.000][-1955.605 -69.500 719.148 -173.3942 -0.5603 103.6364][-0.235748 -0.965625 -0.109504 -0.971765 0.233101 0.036562 -0.009780 0.115031 -0.993314] 
fr 43079
ts 33747.370659
6d 1 [12 1.000][-1955.605 -69.500 719.148 -173.3942 -0.5603 103.6364][-0.235748 -0.965625 -0.109504 -0.971765 0.233101 0.036562 -0.009780 0.115031 -0.993314] 
fr 43080
ts 33747.387320
6d 1 [12 1.000][-1955.605 -69.500 719.148 -173.3942 -0.5603 103.6364][-0.235748 -0.965625 -0.109504 -0.971765 0.233101 0.036562 -0.009780 0.115031 -0.993314] 
fr 43081
ts 33747.403968
6d 1 [12 1.000][-1955.605 -69.500 719.148 -173.3942 -0.5603 103.6364][-0.235748 -0.965625 -0.109504 -0.971765 0.233101 0.036562 -0.009780 0.115031 -0.993314] 
fr 43082
ts 33747.420628
6d 1 [12 1.000][-1955.617 -69.468 719.198 -173.3941 -0.5600 103.6363][-0.235747 -0.965625 -0.109508 -0.971765 0.233101 0.036557 -0.009774 0.115034 -0.993314] 
fr 43083
ts 33747.437320
6d 1 [12 1.000][-1955.620 -69.459 719.170 -173.3914 -0.5516 103.6380][-0.235775 -0.965609 -0.109587 -0.971760 0.233143 0.036430 -0.009628 0.115081 -0.993309] 
fr 43084
ts 33747.453982
6d 1 [12 1.000][-1955.620 -69.459 719.170 -173.3914 -0.5516 103.6380][-0.235775 -0.965609 -0.109587 -0.971760 0.233143 0.036430 -0.009628 0.115081 -0.993309] 
fr 43085
ts 33747.470668
6d 1 [12 1.000][-1955.620 -69.459 719.170 -173.3914 -0.5516 103.6380][-0.235775 -0.965609 -0.109587 -0.971760 0.233143 0.036430 -0.009628 0.115081 -0.993309] 
fr 43086
ts 33747.487329
6d 1 [12 1.000][-1955.620 -69.459 719.170 -173.3914 -0.5516 103.6380][-0.235775 -0.965609 -0.109587 -0.971760 0.233143 0.036430 -0.009628 0.115081 -0.993309] 
fr 43087
ts 33747.504008
6d 1 [12 1.000][-1955.617 -69.452 719.132 -173.3909 -0.5537 103.6383][-0.235781 -0.965608 -0.109586 -0.971758 0.233144 0.036468 -0.009664 0.115089 -0.993308] 
fr 43088
ts 33747.520669
6d 1 [12 1.000][-1955.619 -69.453 719.152 -173.3893 -0.5694 103.6407][-0.235821 -0.965602 -0.109548 -0.971746 0.233152 0.036743 -0.009938 0.115117 -0.993302] 
fr 43089
ts 33747.537341
6d 1 [12 1.000][-1955.627 -69.458 719.130 -173.3886 -0.5692 103.6413][-0.235832 -0.965598 -0.109559 -0.971743 0.233164 0.036743 -0.009934 0.115128 -0.993301] 
fr 43090
ts 33747.554003
6d 1 [12 1.000][-1955.628 -69.458 719.146 -173.3858 -0.5697 103.6437][-0.235871 -0.965584 -0.109604 -0.971733 0.233200 0.036769 -0.009944 0.115178 -0.993295] 
fr 43091
ts 33747.570667
6d 1 [12 1.000][-1955.629 -69.466 719.236 -173.3860 -0.5694 103.6440][-0.235877 -0.965583 -0.109601 -0.971732 0.233206 0.036763 -0.009938 0.115174 -0.993296] 
fr 43092
ts 33747.587328
6d 1 [12 1.000][-1955.632 -69.507 719.184 -173.3861 -0.5685 103.6440][-0.235877 -0.965582 -0.109603 -0.971732 0.233208 0.036748 -0.009923 0.115173 -0.993296] 
fr 43093
ts 33747.603986
6d 1 [12 1.000][-1955.637 -69.507 719.155 -173.3851 -0.5660 103.6444][-0.235884 -0.965578 -0.109630 -0.971731 0.233219 0.036710 -0.009879 0.115190 -0.993294] 
fr 43094
ts 33747.620648
6d 1 [12 1.000][-1955.637 -69.492 719.144 -173.3856 -0.5618 103.6457][-0.235907 -0.965571 -0.109638 -0.971726 0.233250 0.036639 -0.009804 0.115182 -0.993296] 
fr 43095
ts 33747.637298
6d 1 [12 1.000][-1955.637 -69.492 719.144 -173.3856 -0.5618 103.6457][-0.235907 -0.965571 -0.109638 -0.971726 0.233250 0.036639 -0.009804 0.115182 -0.993296] 
fr 43096
ts 33747.653955
6d 1 [12 1.000][-1955.637 -69.492 719.144 -173.3856 -0.5618 103.6457][-0.235907 -0.965571 -0.109638 -0.971726 0.233250 0.036639 -0.009804 0.115182 -0.993296] 
fr 43097
ts 33747.670603
6d 1 [12 1.000][-1955.637 -69.492 719.144 -173.3856 -0.5618 103.6457][-0.235907 -0.965571 -0.109638 -0.971726 0.233250 0.036639 -0.009804 0.115182 -0.993296] 
fr 43098
ts 33747.687265
6d 1 [12 1.000][-1955.637 -69.492 719.144 -173.3856 -0.5618 103.6457][-0.235907 -0.965571 -0.109638 -0.971726 0.233250 0.036639 -0.009804 0.115182 -0.993296] 
fr 43099
ts 33747.703952
6d 1 [12 1.000][-1955.639 -69.523 719.145 -173.3853 -0.5584 103.6449][-0.235892 -0.965572 -0.109658 -0.971730 0.233242 0.036581 -0.009745 0.115187 -0.993296] 
fr 43100
ts 33747.720617
6d 1 [12 1.000][-1955.639 -69.522 719.136 -173.3845 -0.5326 103.6384][-0.235783 -0.965585 -0.109781 -0.971761 0.233183 0.036139 -0.009296 0.115202 -0.993299] 
fr 43101
ts 33747.737295
6d 1 [12 1.000][-1955.639 -69.522 719.136 -173.3845 -0.5326 103.6384][-0.235783 -0.965585 -0.109781 -0.971761 0.233183 0.036139 -0.009296 0.115202 -0.993299] 
fr 43102
ts 33747.753958
6d 1 [12 1.000][-1955.639 -69.522 719.136 -173.3845 -0.5326 103.6384][-0.235783 -0.965585 -0.109781 -0.971761 0.233183 0.036139 -0.009296 0.115202 -0.993299] 
fr 43103
ts 33747.770634
6d 1 [12 1.000][-1955.639 -69.522 719.136 -173.3845 -0.5326 103.6384][-0.235783 -0.965585 -0.109781 -0.971761 0.233183 0.036139 -0.009296 0.115202 -0.993299] 
fr 43104
ts 33747.787295
6d 1 [12 1.000][-1955.639 -69.522 719.136 -173.3845 -0.5326 103.6384][-0.235783 -0.965585 -0.109781 -0.971761 0.233183 0.036139 -0.009296 0.115202 -0.993299] 
fr 43105
ts 33747.803964
6d 1 [12 1.000][-1955.639 -69.522 719.136 -173.3845 -0.5326 103.6384][-0.235783 -0.965585 -0.109781 -0.971761 0.233183 0.036139 -0.009296 0.115202 -0.993299] 
fr 43106
ts 33747.820626
6d 1 [12 1.000][-1955.627 -69.530 719.177 -173.3854 -0.5371 103.6383][-0.235782 -0.965589 -0.109747 -0.971761 0.233174 0.036210 -0.009374 0.115185 -0.993300] 
fr 43107
ts 33747.837286
6d 1 [12 1.000][-1955.623 -69.526 719.160 -173.3859 -0.5390 103.6384][-0.235783 -0.965591 -0.109731 -0.971760 0.233171 0.036240 -0.009407 0.115177 -0.993300] 
fr 43108
ts 33747.853948
6d 1 [12 1.000][-1955.626 -69.520 719.154 -173.3910 -0.5553 103.6380][-0.235775 -0.965610 -0.109578 -0.971759 0.233135 0.036494 -0.009692 0.115088 -0.993308] 
fr 43109
ts 33747.870602
6d 1 [12 1.000][-1955.626 -69.520 719.154 -173.3910 -0.5553 103.6380][-0.235775 -0.965610 -0.109578 -0.971759 0.233135 0.036494 -0.009692 0.115088 -0.993308] 
fr 43110
ts 33747.887259
6d 1 [12 1.000][-1955.626 -69.520 719.154 -173.3910 -0.5553 103.6380][-0.235775 -0.965610 -0.109578 -0.971759 0.233135 0.036494 -0.009692 0.115088 -0.993308] 
fr 43111
ts 33747.903911
6d 1 [12 1.000][-1955.626 -69.520 719.154 -173.3910 -0.5553 103.6380][-0.235775 -0.965610 -0.109578 -0.971759 0.233135 0.036494 -0.009692 0.115088 -0.993308] 
fr 43112
ts 33747.920572
6d 1 [12 1.000][-1955.626 -69.520 719.154 -173.3910 -0.5553 103.6380][-0.235775 -0.965610 -0.109578 -0.971759 0.233135 0.036494 -0.009692 0.115088 -0.993308] 
fr 43113
ts 33747.937261
6d 1 [12 1.000][-1955.626 -69.520 719.154 -173.3910 -0.5553 103.6380][-0.235775 -0.965610 -0.109578 -0.971759 0.233135 0.036494 -0.009692 0.115088 -0.993308] 
fr 43114
ts 33747.953926
6d 1 [12 1.000][-1955.626 -69.520 719.154 -173.3910 -0.5553 103.6380][-0.235775 -0.965610 -0.109578 -0.971759 0.233135 0.036494 -0.009692 0.115088 -0.993308] 
fr 43115
ts 33747.970611
6d 1 [12 1.000][-1955.626 -69.520 719.154 -173.3910 -0.5553 103.6380][-0.235775 -0.965610 -0.109578 -0.971759 0.233135 0.036494 -0.009692 0.115088 -0.993308] 
fr 43116
ts 33747.987273
6d 1 [12 1.000][-1955.626 -69.520 719.154 -173.3910 -0.5553 103.6380][-0.235775 -0.965610 -0.109578 -0.971759 0.233135 0.036494 -0.009692 0.115088 -0.993308] 
fr 43117
ts 33748.003952
6d 1 [12 1.000][-1955.626 -69.520 719.154 -173.3910 -0.5553 103.6380][-0.235775 -0.965610 -0.109578 -0.971759 0.233135 0.036494 -0.009692 0.115088 -0.993308] 
fr 43118
ts 33748.020612
6d 1 [12 1.000][-1955.626 -69.520 719.154 -173.3910 -0.5553 103.6380][-0.235775 -0.965610 -0.109578 -0.971759 0.233135 0.036494 -0.009692 0.115088 -0.993308] 
fr 43119
ts 33748.037281
6d 1 [12 1.000][-1955.626 -69.520 719.154 -173.3910 -0.5553 103.6380][-0.235775 -0.965610 -0.109578 -0.971759 0.233135 0.036494 -0.009692 0.115088 -0.993308] 
fr 43120
ts 33748.053947
6d 1 [12 1.000][-1955.626 -69.520 719.154 -173.3910 -0.5553 103.6380][-0.235775 -0.965610 -0.109578 -0.971759 0.233135 0.036494 -0.009692 0.115088 -0.993308] 
fr 43121
ts 33748.070611
6d 1 [12 1.000][-1955.623 -69.489 719.099 -173.3899 -0.5546 103.6379][-0.235774 -0.965608 -0.109599 -0.971760 0.233135 0.036486 -0.009680 0.115107 -0.993306] 
fr 43122
ts 33748.087272
6d 1 [12 1.000][-1955.620 -69.469 719.102 -173.3881 -0.5536 103.6377][-0.235770 -0.965605 -0.109634 -0.971761 0.233132 0.036475 -0.009661 0.115138 -0.993302] 
fr 43123
ts 33748.103931
6d 1 [12 1.000][-1955.614 -69.489 719.117 -173.3806 -0.5493 103.6362][-0.235746 -0.965594 -0.109779 -0.971767 0.233111 0.036432 -0.009587 0.115268 -0.993288] 
fr 43124
ts 33748.120592
6d 1 [12 1.000][-1955.614 -69.489 719.117 -173.3806 -0.5493 103.6362][-0.235746 -0.965594 -0.109779 -0.971767 0.233111 0.036432 -0.009587 0.115268 -0.993288] 
fr 43125
ts 33748.137243
6d 1 [12 1.000][-1955.614 -69.489 719.117 -173.3806 -0.5493 103.6362][-0.235746 -0.965594 -0.109779 -0.971767 0.233111 0.036432 -0.009587 0.115268 -0.993288] 
fr 43126
ts 33748.153905
6d 1 [12 1.000][-1955.614 -69.489 719.117 -173.3806 -0.5493 103.6362][-0.235746 -0.965594 -0.109779 -0.971767 0.233111 0.036432 -0.009587 0.115268 -0.993288] 
fr 43127
ts 33748.170549
6d 1 [12 1.000][-1955.614 -69.489 719.117 -173.3806 -0.5493 103.6362][-0.235746 -0.965594 -0.109779 -0.971767 0.233111 0.036432 -0.009587 0.115268 -0.993288] 
fr 43128
ts 33748.187209
6d 1 [12 1.000][-1955.614 -69.489 719.117 -173.3806 -0.5493 103.6362][-0.235746 -0.965594 -0.109779 -0.971767 0.233111 0.036432 -0.009587 0.115268 -0.993288] 
fr 43129
ts 33748.203900
6d 1 [12 1.000][-1955.614 -69.489 719.117 -173.3806 -0.5493 103.6362][-0.235746 -0.965594 -0.109779 -0.971767 0.233111 0.036432 -0.009587 0.115268 -0.993288] 
fr 43130
ts 33748.220560
6d 1 [12 1.000][-1955.614 -69.489 719.117 -173.3806 -0.5493 103.6362][-0.235746 -0.965594 -0.109779 -0.971767 0.233111 0.036432 -0.009587 0.115268 -0.993288] 
fr 43131
ts 33748.237242
6d 1 [12 1.000][-1955.614 -69.489 719.117 -173.3806 -0.5493 103.6362][-0.235746 -0.965594 -0.109779 -0.971767 0.233111 0.036432 -0.009587 0.115268 -0.993288] 
fr 43132
ts 33748.253906
6d 1 [12 1.000][-1955.614 -69.489 719.117 -173.3806 -0.5493 103.6362][-0.235746 -0.965594 -0.109779 -0.971767 0.233111 0.036432 -0.009587 0.115268 -0.993288] 
fr 43133
ts 33748.270580
6d 1 [12 1.000][-1955.625 -69.512 719.105 -173.3810 -0.5475 103.6365][-0.235751 -0.965593 -0.109780 -0.971766 0.233120 0.036400 -0.009555 0.115261 -0.993289] 
fr 43134
ts 33748.287241
6d 1 [12 1.000][-1955.628 -69.488 719.109 -173.3850 -0.5408 103.6401][-0.235812 -0.965583 -0.109737 -0.971753 0.233196 0.036278 -0.009439 0.115192 -0.993298] 
fr 43135
ts 33748.303910
6d 1 [12 1.000][-1955.629 -69.496 719.189 -173.3861 -0.5392 103.6402][-0.235813 -0.965584 -0.109725 -0.971753 0.233201 0.036245 -0.009410 0.115173 -0.993301] 
fr 43136
ts 33748.320571
6d 1 [12 1.000][-1955.627 -69.530 719.187 -173.3881 -0.5386 103.6398][-0.235807 -0.965589 -0.109695 -0.971755 0.233197 0.036227 -0.009400 0.115139 -0.993305] 
fr 43137
ts 33748.337233
6d 1 [12 1.000][-1955.625 -69.531 719.142 -173.3898 -0.5384 103.6396][-0.235803 -0.965593 -0.109666 -0.971755 0.233194 0.036217 -0.009397 0.115109 -0.993308] 
fr 43138
ts 33748.353894
6d 1 [12 1.000][-1955.620 -69.511 719.140 -173.3971 -0.5301 103.6391][-0.235796 -0.965605 -0.109577 -0.971759 0.233208 0.036046 -0.009252 0.114982 -0.993324] 
fr 43139
ts 33748.370545
6d 1 [12 1.000][-1955.620 -69.511 719.140 -173.3971 -0.5301 103.6391][-0.235796 -0.965605 -0.109577 -0.971759 0.233208 0.036046 -0.009252 0.114982 -0.993324] 
fr 43140
ts 33748.387210
6d 1 [12 1.000][-1955.620 -69.511 719.140 -173.3971 -0.5301 103.6391][-0.235796 -0.965605 -0.109577 -0.971759 0.233208 0.036046 -0.009252 0.114982 -0.993324] 
fr 43141
ts 33748.403857
6d 1 [12 1.000][-1955.620 -69.511 719.140 -173.3971 -0.5301 103.6391][-0.235796 -0.965605 -0.109577 -0.971759 0.233208 0.036046 -0.009252 0.114982 -0.993324] 
fr 43142
ts 33748.420519
6d 1 [12 1.000][-1955.620 -69.511 719.140 -173.3971 -0.5301 103.6391][-0.235796 -0.965605 -0.109577 -0.971759 0.233208 0.036046 -0.009252 0.114982 -0.993324] 
fr 43143
ts 33748.437210
6d 1 [12 1.000][-1955.620 -69.511 719.140 -173.3971 -0.5301 103.6391][-0.235796 -0.965605 -0.109577 -0.971759 0.233208 0.036046 -0.009252 0.114982 -0.993324] 
fr 43144
ts 33748.453873
6d 1 [12 1.000][-1955.620 -69.511 719.140 -173.3971 -0.5301 103.6391][-0.235796 -0.965605 -0.109577 -0.971759 0.233208 0.036046 -0.009252 0.114982 -0.993324] 
fr 43145
ts 33748.470559
6d 1 [12 1.000][-1955.620 -69.511 719.140 -173.3971 -0.5301 103.6391][-0.235796 -0.965605 -0.109577 -0.971759 0.233208 0.036046 -0.009252 0.114982 -0.993324] 
fr 43146
ts 33748.487221
6d 1 [12 1.000][-1955.620 -69.511 719.140 -173.3971 -0.5301 103.6391][-0.235796 -0.965605 -0.109577 -0.971759 0.233208 0.036046 -0.009252 0.114982 -0.993324] 
fr 43147
ts 33748.503898
6d 1 [12 1.000][-1955.620 -69.511 719.140 -173.3971 -0.5301 103.6391][-0.235796 -0.965605 -0.109577 -0.971759 0.233208 0.036046 -0.009252 0.114982 -0.993324] 
fr 43148
ts 33748.520561
6d 1 [12 1.000][-1955.620 -69.511 719.140 -173.3971 -0.5301 103.6391][-0.235796 -0.965605 -0.109577 -0.971759 0.233208 0.036046 -0.009252 0.114982 -0.993324] 
fr 43149
ts 33748.537233
6d 1 [12 1.000][-1955.620 -69.511 719.140 -173.3971 -0.5301 103.6391][-0.235796 -0.965605 -0.109577 -0.971759 0.233208 0.036046 -0.009252 0.114982 -0.993324] 
fr 43150
ts 33748.553895
6d 1 [12 1.000][-1955.637 -69.547 719.105 -173.3960 -0.5317 103.6396][-0.235803 -0.965602 -0.109590 -0.971757 0.233211 0.036079 -0.009281 0.115002 -0.993322] 
fr 43151
ts 33748.570559
6d 1 [12 1.000][-1955.633 -69.545 719.123 -173.3909 -0.5455 103.6419][-0.235841 -0.965589 -0.109618 -0.971745 0.233220 0.036337 -0.009521 0.115090 -0.993309] 
fr 43152
ts 33748.587221
6d 1 [12 1.000][-1955.633 -69.545 719.123 -173.3909 -0.5455 103.6419][-0.235841 -0.965589 -0.109618 -0.971745 0.233220 0.036337 -0.009521 0.115090 -0.993309] 
fr 43153
ts 33748.603878
6d 1 [12 1.000][-1955.633 -69.545 719.123 -173.3909 -0.5455 103.6419][-0.235841 -0.965589 -0.109618 -0.971745 0.233220 0.036337 -0.009521 0.115090 -0.993309] 
fr 43154
ts 33748.620540
6d 1 [12 1.000][-1955.633 -69.545 719.123 -173.3909 -0.5455 103.6419][-0.235841 -0.965589 -0.109618 -0.971745 0.233220 0.036337 -0.009521 0.115090 -0.993309] 
fr 43155
ts 33748.637191
6d 1 [12 1.000][-1955.633 -69.545 719.123 -173.3909 -0.5455 103.6419][-0.235841 -0.965589 -0.109618 -0.971745 0.233220 0.036337 -0.009521 0.115090 -0.993309] 
fr 43156
ts 33748.653853
6d 1 [12 1.000][-1955.633 -69.545 719.123 -173.3909 -0.5455 103.6419][-0.235841 -0.965589 -0.109618 -0.971745 0.233220 0.036337 -0.009521 0.115090 -0.993309] 
fr 43157
ts 33748.670497
6d 1 [12 1.000][-1955.633 -69.545 719.123 -173.3909 -0.5455 103.6419][-0.235841 -0.965589 -0.109618 -0.971745 0.233220 0.036337 -0.009521 0.115090 -0.993309] 
fr 43158
ts 33748.687158
6d 1 [12 1.000][-1955.616 -69.531 719.208 -173.3910 -0.5451 103.6411][-0.235829 -0.965592 -0.109617 -0.971748 0.233209 0.036328 -0.009514 0.115088 -0.993310] 
fr 43159
ts 33748.703848
6d 1 [12 1.000][-1955.607 -69.526 719.146 -173.3859 -0.5449 103.6348][-0.235722 -0.965608 -0.109708 -0.971774 0.233099 0.036333 -0.009510 0.115176 -0.993300] 
fr 43160
ts 33748.720510
6d 1 [12 1.000][-1955.604 -69.521 719.178 -173.3869 -0.5450 103.6345][-0.235717 -0.965611 -0.109692 -0.971775 0.233095 0.036329 -0.009512 0.115159 -0.993302] 
fr 43161
ts 33748.737189
6d 1 [12 1.000][-1955.599 -69.531 719.174 -173.3871 -0.5480 103.6342][-0.235712 -0.965614 -0.109676 -0.971776 0.233084 0.036379 -0.009564 0.115155 -0.993301] 
fr 43162
ts 33748.753854
6d 1 [12 1.000][-1955.588 -69.527 719.169 -173.3934 -0.5506 103.6317][-0.235670 -0.965638 -0.109561 -0.971786 0.233041 0.036393 -0.009610 0.115047 -0.993314] 
fr 43163
ts 33748.770527
6d 1 [12 1.000][-1955.588 -69.527 719.169 -173.3934 -0.5506 103.6317][-0.235670 -0.965638 -0.109561 -0.971786 0.233041 0.036393 -0.009610 0.115047 -0.993314] 
fr 43164
ts 33748.787190
6d 1 [12 1.000][-1955.588 -69.527 719.169 -173.3934 -0.5506 103.6317][-0.235670 -0.965638 -0.109561 -0.971786 0.233041 0.036393 -0.009610 0.115047 -0.993314] 
fr 43165
ts 33748.803854
6d 1 [12 1.000][-1955.588 -69.527 719.169 -173.3934 -0.5506 103.6317][-0.235670 -0.965638 -0.109561 -0.971786 0.233041 0.036393 -0.009610 0.115047 -0.993314] 
fr 43166
ts 33748.820520
6d 1 [12 1.000][-1955.588 -69.527 719.169 -173.3934 -0.5506 103.6317][-0.235670 -0.965638 -0.109561 -0.971786 0.233041 0.036393 -0.009610 0.115047 -0.993314] 
fr 43167
ts 33748.837181
6d 1 [12 1.000][-1955.634 -69.531 719.168 -173.3926 -0.5517 103.6322][-0.235677 -0.965635 -0.109570 -0.971784 0.233046 0.036415 -0.009628 0.115060 -0.993312] 
fr 43168
ts 33748.853843
6d 1 [12 1.000][-1955.615 -69.531 719.173 -173.3896 -0.5627 103.6338][-0.235705 -0.965628 -0.109574 -0.971775 0.233050 0.036616 -0.009821 0.115112 -0.993304] 
fr 43169
ts 33748.870498
6d 1 [12 1.000][-1955.615 -69.531 719.173 -173.3896 -0.5627 103.6338][-0.235705 -0.965628 -0.109574 -0.971775 0.233050 0.036616 -0.009821 0.115112 -0.993304] 
fr 43170
ts 33748.887159
6d 1 [12 1.000][-1955.614 -69.483 719.070 -173.3883 -0.5624 103.6346][-0.235718 -0.965622 -0.109596 -0.971772 0.233063 0.036617 -0.009815 0.115134 -0.993301] 
fr 43171
ts 33748.903807
6d 1 [12 1.000][-1955.607 -69.509 719.114 -173.3868 -0.5638 103.6351][-0.235726 -0.965618 -0.109616 -0.971770 0.233068 0.036647 -0.009839 0.115160 -0.993298] 
fr 43172
ts 33748.920469
