fr 92693
ts 34574.154093
6d 1 [12 1.000][-1904.524 -76.767 715.499 -172.7485 1.0566 104.7364][-0.254329 -0.958779 -0.126726 -0.966942 0.254589 0.014416 0.018441 0.126203 -0.991833] 
fr 92694
ts 34574.170757
6d 1 [12 1.000][-1904.524 -76.767 715.499 -172.7485 1.0566 104.7364][-0.254329 -0.958779 -0.126726 -0.966942 0.254589 0.014416 0.018441 0.126203 -0.991833] 
fr 92695
ts 34574.187451
6d 1 [12 1.000][-1904.524 -76.767 715.499 -172.7485 1.0566 104.7364][-0.254329 -0.958779 -0.126726 -0.966942 0.254589 0.014416 0.018441 0.126203 -0.991833] 
fr 92696
ts 34574.204112
6d 1 [12 1.000][-1904.524 -76.767 715.499 -172.7485 1.0566 104.7364][-0.254329 -0.958779 -0.126726 -0.966942 0.254589 0.014416 0.018441 0.126203 -0.991833] 
fr 92697
ts 34574.220796
6d 1 [12 1.000][-1904.524 -76.767 715.499 -172.7485 1.0566 104.7364][-0.254329 -0.958779 -0.126726 -0.966942 0.254589 0.014416 0.018441 0.126203 -0.991833] 
fr 92698
ts 34574.237458
6d 1 [12 1.000][-1904.524 -76.767 715.499 -172.7485 1.0566 104.7364][-0.254329 -0.958779 -0.126726 -0.966942 0.254589 0.014416 0.018441 0.126203 -0.991833] 
fr 92699
ts 34574.254133
6d 1 [12 1.000][-1904.524 -76.767 715.499 -172.7485 1.0566 104.7364][-0.254329 -0.958779 -0.126726 -0.966942 0.254589 0.014416 0.018441 0.126203 -0.991833] 
fr 92700
ts 34574.270798
6d 1 [12 1.000][-1904.524 -76.767 715.499 -172.7485 1.0566 104.7364][-0.254329 -0.958779 -0.126726 -0.966942 0.254589 0.014416 0.018441 0.126203 -0.991833] 
fr 92701
ts 34574.287469
6d 1 [12 1.000][-1904.524 -76.767 715.499 -172.7485 1.0566 104.7364][-0.254329 -0.958779 -0.126726 -0.966942 0.254589 0.014416 0.018441 0.126203 -0.991833] 
fr 92702
ts 34574.304130
6d 1 [12 1.000][-1904.524 -76.767 715.499 -172.7485 1.0566 104.7364][-0.254329 -0.958779 -0.126726 -0.966942 0.254589 0.014416 0.018441 0.126203 -0.991833] 
fr 92703
ts 34574.320795
6d 1 [12 1.000][-1904.524 -76.767 715.499 -172.7485 1.0566 104.7364][-0.254329 -0.958779 -0.126726 -0.966942 0.254589 0.014416 0.018441 0.126203 -0.991833] 
fr 92704
ts 34574.337456
6d 1 [12 1.000][-1904.524 -76.767 715.499 -172.7485 1.0566 104.7364][-0.254329 -0.958779 -0.126726 -0.966942 0.254589 0.014416 0.018441 0.126203 -0.991833] 
fr 92705
ts 34574.354114
6d 1 [12 1.000][-1904.524 -76.767 715.499 -172.7485 1.0566 104.7364][-0.254329 -0.958779 -0.126726 -0.966942 0.254589 0.014416 0.018441 0.126203 -0.991833] 
fr 92706
ts 34574.370775
6d 1 [12 1.000][-1904.524 -76.767 715.499 -172.7485 1.0566 104.7364][-0.254329 -0.958779 -0.126726 -0.966942 0.254589 0.014416 0.018441 0.126203 -0.991833] 
fr 92707
ts 34574.387424
6d 1 [12 1.000][-1904.524 -76.767 715.499 -172.7485 1.0566 104.7364][-0.254329 -0.958779 -0.126726 -0.966942 0.254589 0.014416 0.018441 0.126203 -0.991833] 
fr 92708
ts 34574.404086
6d 1 [12 1.000][-1904.524 -76.767 715.499 -172.7485 1.0566 104.7364][-0.254329 -0.958779 -0.126726 -0.966942 0.254589 0.014416 0.018441 0.126203 -0.991833] 
fr 92709
ts 34574.420730
6d 1 [12 1.000][-1904.524 -76.767 715.499 -172.7485 1.0566 104.7364][-0.254329 -0.958779 -0.126726 -0.966942 0.254589 0.014416 0.018441 0.126203 -0.991833] 
fr 92710
ts 34574.437390
6d 1 [12 1.000][-1904.524 -76.767 715.499 -172.7485 1.0566 104.7364][-0.254329 -0.958779 -0.126726 -0.966942 0.254589 0.014416 0.018441 0.126203 -0.991833] 
fr 92711
ts 34574.454080
6d 1 [12 1.000][-1904.524 -76.767 715.499 -172.7485 1.0566 104.7364][-0.254329 -0.958779 -0.126726 -0.966942 0.254589 0.014416 0.018441 0.126203 -0.991833] 
fr 92712
ts 34574.470742
6d 1 [12 1.000][-1904.524 -76.767 715.499 -172.7485 1.0566 104.7364][-0.254329 -0.958779 -0.126726 -0.966942 0.254589 0.014416 0.018441 0.126203 -0.991833] 
fr 92713
ts 34574.487422
6d 1 [12 1.000][-1904.524 -76.767 715.499 -172.7485 1.0566 104.7364][-0.254329 -0.958779 -0.126726 -0.966942 0.254589 0.014416 0.018441 0.126203 -0.991833] 
fr 92714
ts 34574.504085
6d 1 [12 1.000][-1904.524 -76.767 715.499 -172.7485 1.0566 104.7364][-0.254329 -0.958779 -0.126726 -0.966942 0.254589 0.014416 0.018441 0.126203 -0.991833] 
fr 92715
ts 34574.520759
6d 1 [12 1.000][-1904.524 -76.767 715.499 -172.7485 1.0566 104.7364][-0.254329 -0.958779 -0.126726 -0.966942 0.254589 0.014416 0.018441 0.126203 -0.991833] 
fr 92716
ts 34574.537421
6d 1 [12 1.000][-1904.524 -76.767 715.499 -172.7485 1.0566 104.7364][-0.254329 -0.958779 -0.126726 -0.966942 0.254589 0.014416 0.018441 0.126203 -0.991833] 
fr 92717
ts 34574.554088
6d 1 [12 1.000][-1904.524 -76.767 715.499 -172.7485 1.0566 104.7364][-0.254329 -0.958779 -0.126726 -0.966942 0.254589 0.014416 0.018441 0.126203 -0.991833] 
fr 92718
ts 34574.570750
6d 1 [12 1.000][-1904.524 -76.767 715.499 -172.7485 1.0566 104.7364][-0.254329 -0.958779 -0.126726 -0.966942 0.254589 0.014416 0.018441 0.126203 -0.991833] 
fr 92719
ts 34574.587406
6d 1 [12 1.000][-1904.524 -76.767 715.499 -172.7485 1.0566 104.7364][-0.254329 -0.958779 -0.126726 -0.966942 0.254589 0.014416 0.018441 0.126203 -0.991833] 
fr 92720
ts 34574.604072
6d 1 [12 1.000][-1904.524 -76.767 715.499 -172.7485 1.0566 104.7364][-0.254329 -0.958779 -0.126726 -0.966942 0.254589 0.014416 0.018441 0.126203 -0.991833] 
fr 92721
ts 34574.620726
6d 1 [12 1.000][-1904.524 -76.767 715.499 -172.7485 1.0566 104.7364][-0.254329 -0.958779 -0.126726 -0.966942 0.254589 0.014416 0.018441 0.126203 -0.991833] 
fr 92722
ts 34574.637388
6d 1 [12 1.000][-1904.524 -76.767 715.499 -172.7485 1.0566 104.7364][-0.254329 -0.958779 -0.126726 -0.966942 0.254589 0.014416 0.018441 0.126203 -0.991833] 
fr 92723
ts 34574.654033
6d 1 [12 1.000][-1904.524 -76.767 715.499 -172.7485 1.0566 104.7364][-0.254329 -0.958779 -0.126726 -0.966942 0.254589 0.014416 0.018441 0.126203 -0.991833] 
fr 92724
ts 34574.670697
6d 1 [12 1.000][-1904.512 -76.781 715.516 -172.7491 1.0577 104.7356][-0.254316 -0.958783 -0.126721 -0.966945 0.254578 0.014395 0.018459 0.126193 -0.991834] 
fr 92725
ts 34574.687388
6d 1 [12 1.000][-1904.504 -76.787 715.503 -172.7510 1.0669 104.7297][-0.254215 -0.958809 -0.126731 -0.966968 0.254499 0.014218 0.018621 0.126159 -0.991835] 
fr 92726
ts 34574.704050
6d 1 [12 1.000][-1904.504 -76.787 715.503 -172.7510 1.0669 104.7297][-0.254215 -0.958809 -0.126731 -0.966968 0.254499 0.014218 0.018621 0.126159 -0.991835] 
fr 92727
ts 34574.720735
6d 1 [12 1.000][-1904.504 -76.787 715.503 -172.7510 1.0669 104.7297][-0.254215 -0.958809 -0.126731 -0.966968 0.254499 0.014218 0.018621 0.126159 -0.991835] 
fr 92728
ts 34574.737395
6d 1 [12 1.000][-1904.504 -76.787 715.503 -172.7510 1.0669 104.7297][-0.254215 -0.958809 -0.126731 -0.966968 0.254499 0.014218 0.018621 0.126159 -0.991835] 
fr 92729
ts 34574.754071
6d 1 [12 1.000][-1904.504 -76.787 715.503 -172.7510 1.0669 104.7297][-0.254215 -0.958809 -0.126731 -0.966968 0.254499 0.014218 0.018621 0.126159 -0.991835] 
fr 92730
ts 34574.770736
6d 1 [12 1.000][-1904.504 -76.787 715.503 -172.7510 1.0669 104.7297][-0.254215 -0.958809 -0.126731 -0.966968 0.254499 0.014218 0.018621 0.126159 -0.991835] 
fr 92731
ts 34574.787407
6d 1 [12 1.000][-1904.504 -76.787 715.503 -172.7510 1.0669 104.7297][-0.254215 -0.958809 -0.126731 -0.966968 0.254499 0.014218 0.018621 0.126159 -0.991835] 
fr 92732
ts 34574.804070
6d 1 [12 1.000][-1904.504 -76.787 715.503 -172.7510 1.0669 104.7297][-0.254215 -0.958809 -0.126731 -0.966968 0.254499 0.014218 0.018621 0.126159 -0.991835] 
fr 92733
ts 34574.820733
6d 1 [12 1.000][-1904.504 -76.787 715.503 -172.7510 1.0669 104.7297][-0.254215 -0.958809 -0.126731 -0.966968 0.254499 0.014218 0.018621 0.126159 -0.991835] 
fr 92734
ts 34574.837395
6d 1 [12 1.000][-1904.504 -76.787 715.503 -172.7510 1.0669 104.7297][-0.254215 -0.958809 -0.126731 -0.966968 0.254499 0.014218 0.018621 0.126159 -0.991835] 
fr 92735
ts 34574.854047
6d 1 [12 1.000][-1904.504 -76.787 715.503 -172.7510 1.0669 104.7297][-0.254215 -0.958809 -0.126731 -0.966968 0.254499 0.014218 0.018621 0.126159 -0.991835] 
fr 92736
ts 34574.870714
6d 1 [12 1.000][-1904.504 -76.787 715.503 -172.7510 1.0669 104.7297][-0.254215 -0.958809 -0.126731 -0.966968 0.254499 0.014218 0.018621 0.126159 -0.991835] 
fr 92737
ts 34574.887363
6d 1 [12 1.000][-1904.504 -76.787 715.503 -172.7510 1.0669 104.7297][-0.254215 -0.958809 -0.126731 -0.966968 0.254499 0.014218 0.018621 0.126159 -0.991835] 
fr 92738
ts 34574.904025
6d 1 [12 1.000][-1904.504 -76.787 715.503 -172.7510 1.0669 104.7297][-0.254215 -0.958809 -0.126731 -0.966968 0.254499 0.014218 0.018621 0.126159 -0.991835] 
fr 92739
ts 34574.920665
6d 1 [12 1.000][-1904.504 -76.787 715.503 -172.7510 1.0669 104.7297][-0.254215 -0.958809 -0.126731 -0.966968 0.254499 0.014218 0.018621 0.126159 -0.991835] 
fr 92740
ts 34574.937331
6d 1 [12 1.000][-1904.504 -76.787 715.503 -172.7510 1.0669 104.7297][-0.254215 -0.958809 -0.126731 -0.966968 0.254499 0.014218 0.018621 0.126159 -0.991835] 
fr 92741
ts 34574.954018
6d 1 [12 1.000][-1904.504 -76.787 715.503 -172.7510 1.0669 104.7297][-0.254215 -0.958809 -0.126731 -0.966968 0.254499 0.014218 0.018621 0.126159 -0.991835] 
fr 92742
ts 34574.970681
6d 1 [12 1.000][-1904.504 -76.787 715.503 -172.7510 1.0669 104.7297][-0.254215 -0.958809 -0.126731 -0.966968 0.254499 0.014218 0.018621 0.126159 -0.991835] 
fr 92743
ts 34574.987363
6d 1 [12 1.000][-1904.504 -76.787 715.503 -172.7510 1.0669 104.7297][-0.254215 -0.958809 -0.126731 -0.966968 0.254499 0.014218 0.018621 0.126159 -0.991835] 
fr 92744
ts 34575.004023
6d 1 [12 1.000][-1904.504 -76.787 715.503 -172.7510 1.0669 104.7297][-0.254215 -0.958809 -0.126731 -0.966968 0.254499 0.014218 0.018621 0.126159 -0.991835] 
fr 92745
ts 34575.020695
6d 1 [12 1.000][-1904.504 -76.787 715.503 -172.7510 1.0669 104.7297][-0.254215 -0.958809 -0.126731 -0.966968 0.254499 0.014218 0.018621 0.126159 -0.991835] 
fr 92746
ts 34575.037361
6d 1 [12 1.000][-1904.504 -76.787 715.503 -172.7510 1.0669 104.7297][-0.254215 -0.958809 -0.126731 -0.966968 0.254499 0.014218 0.018621 0.126159 -0.991835] 
fr 92747
ts 34575.054029
6d 1 [12 1.000][-1904.504 -76.787 715.503 -172.7510 1.0669 104.7297][-0.254215 -0.958809 -0.126731 -0.966968 0.254499 0.014218 0.018621 0.126159 -0.991835] 
fr 92748
ts 34575.070689
6d 1 [12 1.000][-1904.504 -76.787 715.503 -172.7510 1.0669 104.7297][-0.254215 -0.958809 -0.126731 -0.966968 0.254499 0.014218 0.018621 0.126159 -0.991835] 
fr 92749
ts 34575.087347
6d 1 [12 1.000][-1904.504 -76.787 715.503 -172.7510 1.0669 104.7297][-0.254215 -0.958809 -0.126731 -0.966968 0.254499 0.014218 0.018621 0.126159 -0.991835] 
fr 92750
ts 34575.104012
6d 1 [12 1.000][-1904.504 -76.787 715.503 -172.7510 1.0669 104.7297][-0.254215 -0.958809 -0.126731 -0.966968 0.254499 0.014218 0.018621 0.126159 -0.991835] 
fr 92751
ts 34575.120667
6d 1 [12 1.000][-1904.504 -76.787 715.503 -172.7510 1.0669 104.7297][-0.254215 -0.958809 -0.126731 -0.966968 0.254499 0.014218 0.018621 0.126159 -0.991835] 
fr 92752
ts 34575.137329
6d 1 [12 1.000][-1904.504 -76.787 715.503 -172.7510 1.0669 104.7297][-0.254215 -0.958809 -0.126731 -0.966968 0.254499 0.014218 0.018621 0.126159 -0.991835] 
fr 92753
ts 34575.153976
6d 1 [12 1.000][-1904.504 -76.787 715.503 -172.7510 1.0669 104.7297][-0.254215 -0.958809 -0.126731 -0.966968 0.254499 0.014218 0.018621 0.126159 -0.991835] 
fr 92754
ts 34575.170636
6d 1 [12 1.000][-1904.504 -76.787 715.503 -172.7510 1.0669 104.7297][-0.254215 -0.958809 -0.126731 -0.966968 0.254499 0.014218 0.018621 0.126159 -0.991835] 
fr 92755
ts 34575.187329
6d 1 [12 1.000][-1904.504 -76.787 715.503 -172.7510 1.0669 104.7297][-0.254215 -0.958809 -0.126731 -0.966968 0.254499 0.014218 0.018621 0.126159 -0.991835] 
fr 92756
ts 34575.203991
6d 1 [12 1.000][-1904.504 -76.787 715.503 -172.7510 1.0669 104.7297][-0.254215 -0.958809 -0.126731 -0.966968 0.254499 0.014218 0.018621 0.126159 -0.991835] 
fr 92757
ts 34575.220675
6d 1 [12 1.000][-1904.504 -76.787 715.503 -172.7510 1.0669 104.7297][-0.254215 -0.958809 -0.126731 -0.966968 0.254499 0.014218 0.018621 0.126159 -0.991835] 
fr 92758
ts 34575.237338
6d 1 [12 1.000][-1904.504 -76.787 715.503 -172.7510 1.0669 104.7297][-0.254215 -0.958809 -0.126731 -0.966968 0.254499 0.014218 0.018621 0.126159 -0.991835] 
fr 92759
ts 34575.254013
6d 1 [12 1.000][-1904.504 -76.787 715.503 -172.7510 1.0669 104.7297][-0.254215 -0.958809 -0.126731 -0.966968 0.254499 0.014218 0.018621 0.126159 -0.991835] 
fr 92760
ts 34575.270677
6d 1 [12 1.000][-1904.504 -76.787 715.503 -172.7510 1.0669 104.7297][-0.254215 -0.958809 -0.126731 -0.966968 0.254499 0.014218 0.018621 0.126159 -0.991835] 
fr 92761
ts 34575.287349
6d 1 [12 1.000][-1904.504 -76.787 715.503 -172.7510 1.0669 104.7297][-0.254215 -0.958809 -0.126731 -0.966968 0.254499 0.014218 0.018621 0.126159 -0.991835] 
fr 92762
ts 34575.304010
6d 1 [12 1.000][-1904.504 -76.787 715.503 -172.7510 1.0669 104.7297][-0.254215 -0.958809 -0.126731 -0.966968 0.254499 0.014218 0.018621 0.126159 -0.991835] 
fr 92763
ts 34575.320675
6d 1 [12 1.000][-1904.504 -76.787 715.503 -172.7510 1.0669 104.7297][-0.254215 -0.958809 -0.126731 -0.966968 0.254499 0.014218 0.018621 0.126159 -0.991835] 
fr 92764
ts 34575.337336
6d 1 [12 1.000][-1904.504 -76.787 715.503 -172.7510 1.0669 104.7297][-0.254215 -0.958809 -0.126731 -0.966968 0.254499 0.014218 0.018621 0.126159 -0.991835] 
fr 92765
ts 34575.353990
6d 1 [12 1.000][-1904.504 -76.787 715.503 -172.7510 1.0669 104.7297][-0.254215 -0.958809 -0.126731 -0.966968 0.254499 0.014218 0.018621 0.126159 -0.991835] 
fr 92766
ts 34575.370655
6d 1 [12 1.000][-1904.504 -76.787 715.503 -172.7510 1.0669 104.7297][-0.254215 -0.958809 -0.126731 -0.966968 0.254499 0.014218 0.018621 0.126159 -0.991835] 
fr 92767
ts 34575.387307
6d 1 [12 1.000][-1904.504 -76.787 715.503 -172.7510 1.0669 104.7297][-0.254215 -0.958809 -0.126731 -0.966968 0.254499 0.014218 0.018621 0.126159 -0.991835] 
fr 92768
ts 34575.403967
6d 1 [12 1.000][-1904.504 -76.787 715.503 -172.7510 1.0669 104.7297][-0.254215 -0.958809 -0.126731 -0.966968 0.254499 0.014218 0.018621 0.126159 -0.991835] 
fr 92769
ts 34575.420612
6d 1 [12 1.000][-1904.504 -76.787 715.503 -172.7510 1.0669 104.7297][-0.254215 -0.958809 -0.126731 -0.966968 0.254499 0.014218 0.018621 0.126159 -0.991835] 
fr 92770
ts 34575.437272
6d 1 [12 1.000][-1904.504 -76.787 715.503 -172.7510 1.0669 104.7297][-0.254215 -0.958809 -0.126731 -0.966968 0.254499 0.014218 0.018621 0.126159 -0.991835] 
fr 92771
ts 34575.453962
6d 1 [12 1.000][-1904.504 -76.787 715.503 -172.7510 1.0669 104.7297][-0.254215 -0.958809 -0.126731 -0.966968 0.254499 0.014218 0.018621 0.126159 -0.991835] 
fr 92772
ts 34575.470625
6d 1 [12 1.000][-1904.504 -76.787 715.503 -172.7510 1.0669 104.7297][-0.254215 -0.958809 -0.126731 -0.966968 0.254499 0.014218 0.018621 0.126159 -0.991835] 
fr 92773
ts 34575.487304
6d 1 [12 1.000][-1904.504 -76.787 715.503 -172.7510 1.0669 104.7297][-0.254215 -0.958809 -0.126731 -0.966968 0.254499 0.014218 0.018621 0.126159 -0.991835] 
