fr 142282
ts 35400.520930
6d 1 [12 1.000][-1912.455 -89.883 715.032 -172.6422 -0.4524 97.3593][-0.128088 -0.983725 -0.126008 -0.991731 0.126034 0.024170 -0.007896 0.128062 -0.991735] 
fr 142283
ts 35400.537602
6d 1 [12 1.000][-1912.447 -89.906 715.016 -172.6405 -0.4531 97.3588][-0.128079 -0.983723 -0.126036 -0.991732 0.126023 0.024186 -0.007909 0.128091 -0.991731] 
fr 142284
ts 35400.554262
6d 1 [12 1.000][-1912.442 -89.952 715.055 -172.6383 -0.4567 97.3586][-0.128074 -0.983720 -0.126065 -0.991733 0.126010 0.024251 -0.007971 0.128129 -0.991726] 
fr 142285
ts 35400.570922
6d 1 [12 1.000][-1912.444 -89.917 715.054 -172.6360 -0.4601 97.3576][-0.128058 -0.983718 -0.126097 -0.991734 0.125985 0.024312 -0.008030 0.128168 -0.991720] 
fr 142286
ts 35400.587588
6d 1 [12 1.000][-1912.511 -89.853 715.035 -172.6329 -0.4599 97.3573][-0.128052 -0.983712 -0.126150 -0.991735 0.125978 0.024316 -0.008027 0.128221 -0.991713] 
fr 142287
ts 35400.604245
6d 1 [12 1.000][-1912.462 -89.775 715.039 -172.6312 -0.4570 97.3549][-0.128011 -0.983712 -0.126187 -0.991741 0.125943 0.024264 -0.007977 0.128251 -0.991710] 
fr 142288
ts 35400.620906
6d 1 [12 1.000][-1912.449 -89.695 715.052 -172.6316 -0.4554 97.3529][-0.127976 -0.983717 -0.126186 -0.991745 0.125912 0.024231 -0.007948 0.128245 -0.991711] 
fr 142289
ts 35400.637556
6d 1 [12 1.000][-1912.433 -89.546 715.135 -172.6342 -0.4598 97.3542][-0.127998 -0.983721 -0.126130 -0.991742 0.125925 0.024304 -0.008026 0.128199 -0.991716] 
fr 142290
ts 35400.654217
6d 1 [12 1.000][-1912.462 -89.449 715.202 -172.6419 -0.4485 97.3553][-0.128017 -0.983733 -0.126022 -0.991741 0.125973 0.024095 -0.007828 0.128066 -0.991735] 
fr 142291
ts 35400.670860
6d 1 [12 1.000][-1912.525 -89.466 715.198 -172.6461 -0.4397 97.3550][-0.128012 -0.983740 -0.125970 -0.991743 0.125989 0.023934 -0.007674 0.127994 -0.991745] 
fr 142292
ts 35400.687522
6d 1 [12 1.000][-1912.476 -89.420 715.205 -172.6500 -0.3958 97.3542][-0.127999 -0.983738 -0.126002 -0.991750 0.126074 0.023169 -0.006907 0.127928 -0.991759] 
fr 142293
ts 35400.704207
6d 1 [12 1.000][-1912.480 -89.428 715.218 -172.6573 -0.3821 97.3543][-0.128001 -0.983750 -0.125905 -0.991752 0.126109 0.022919 -0.006669 0.127801 -0.991777] 
fr 142294
ts 35400.720871
6d 1 [12 1.000][-1912.531 -89.460 715.218 -172.6612 -0.3818 97.3565][-0.128041 -0.983753 -0.125839 -0.991747 0.126150 0.022911 -0.006664 0.127734 -0.991786] 
fr 142295
ts 35400.737552
6d 1 [12 1.000][-1912.553 -89.469 715.201 -172.6612 -0.3722 97.3586][-0.128077 -0.983746 -0.125860 -0.991743 0.126207 0.022750 -0.006495 0.127734 -0.991787] 
fr 142296
ts 35400.754215
6d 1 [12 1.000][-1912.521 -89.529 715.234 -172.6694 -0.3956 97.3589][-0.128081 -0.983770 -0.125666 -0.991740 0.126163 0.023135 -0.006905 0.127591 -0.991803] 
fr 142297
ts 35400.770885
6d 1 [12 1.000][-1912.472 -89.545 715.242 -172.6702 -0.3908 97.3582][-0.128069 -0.983772 -0.125663 -0.991742 0.126162 0.023048 -0.006820 0.127577 -0.991805] 
fr 142298
ts 35400.787550
6d 1 [12 1.000][-1912.492 -89.578 715.254 -172.6706 -0.3932 97.3550][-0.128014 -0.983780 -0.125653 -0.991749 0.126102 0.023082 -0.006862 0.127571 -0.991806] 
fr 142299
ts 35400.804214
6d 1 [12 1.000][-1912.513 -89.527 715.260 -172.6711 -0.3931 97.3556][-0.128024 -0.983780 -0.125644 -0.991747 0.126113 0.023080 -0.006861 0.127562 -0.991807] 
fr 142300
ts 35400.820879
6d 1 [12 1.000][-1912.526 -89.403 715.281 -172.6778 -0.3869 97.3562][-0.128034 -0.983792 -0.125542 -0.991747 0.126139 0.022961 -0.006753 0.127445 -0.991823] 
fr 142301
ts 35400.837536
6d 1 [12 1.000][-1912.586 -89.369 715.300 -172.6822 -0.3762 97.3570][-0.128048 -0.983797 -0.125491 -0.991746 0.126178 0.022770 -0.006567 0.127370 -0.991833] 
fr 142302
ts 35400.854201
6d 1 [12 1.000][-1912.549 -89.310 715.321 -172.6863 -0.3791 97.3585][-0.128074 -0.983803 -0.125413 -0.991742 0.126200 0.022813 -0.006617 0.127300 -0.991842] 
fr 142303
ts 35400.870855
6d 1 [12 1.000][-1912.556 -89.220 715.369 -172.6912 -0.3804 97.3602][-0.128104 -0.983810 -0.125325 -0.991739 0.126228 0.022828 -0.006639 0.127214 -0.991853] 
fr 142304
ts 35400.887515
6d 1 [12 1.000][-1912.599 -89.136 715.431 -172.6934 -0.3753 97.3646][-0.128181 -0.983804 -0.125296 -0.991729 0.126317 0.022745 -0.006550 0.127175 -0.991859] 
fr 142305
ts 35400.904163
6d 1 [12 1.000][-1912.617 -89.118 715.483 -172.7028 -0.3607 97.3658][-0.128200 -0.983818 -0.125168 -0.991728 0.126372 0.022477 -0.006295 0.127014 -0.991881] 
fr 142306
ts 35400.920825
6d 1 [12 1.000][-1912.602 -89.127 715.588 -172.7130 -0.3585 97.3648][-0.128185 -0.983842 -0.124998 -0.991731 0.126365 0.022414 -0.006257 0.126838 -0.991904] 
fr 142307
ts 35400.937514
6d 1 [12 1.000][-1912.610 -89.094 715.615 -172.7246 -0.3588 97.3673][-0.128227 -0.983862 -0.124796 -0.991725 0.126410 0.022399 -0.006262 0.126636 -0.991930] 
fr 142308
ts 35400.954177
6d 1 [12 1.000][-1912.627 -89.055 715.579 -172.7281 -0.3571 97.3698][-0.128270 -0.983863 -0.124740 -0.991720 0.126458 0.022369 -0.006233 0.126576 -0.991937] 
fr 142309
ts 35400.970862
6d 1 [12 1.000][-1912.649 -89.134 715.499 -172.7286 -0.3470 97.3706][-0.128285 -0.983860 -0.124752 -0.991719 0.126495 0.022196 -0.006057 0.126566 -0.991940] 
fr 142310
ts 35400.987524
6d 1 [12 1.000][-1912.660 -89.165 715.481 -172.7302 -0.3431 97.3697][-0.128268 -0.983864 -0.124735 -0.991721 0.126488 0.022123 -0.005989 0.126540 -0.991943] 
fr 142311
ts 35401.004201
6d 1 [12 1.000][-1912.664 -89.230 715.483 -172.7310 -0.3453 97.3686][-0.128250 -0.983869 -0.124717 -0.991724 0.126465 0.022156 -0.006026 0.126526 -0.991945] 
fr 142312
ts 35401.020864
6d 1 [12 1.000][-1912.540 -89.258 715.407 -172.7208 -0.3500 97.3664][-0.128211 -0.983853 -0.124882 -0.991728 0.126412 0.022255 -0.006109 0.126702 -0.991922] 
fr 142313
ts 35401.037533
6d 1 [12 1.000][-1912.594 -89.068 715.312 -172.6808 -0.3904 97.3677][-0.128234 -0.983774 -0.125478 -0.991721 0.126331 0.023040 -0.006815 0.127394 -0.991829] 
fr 142314
ts 35401.054195
6d 1 [12 1.000][-1912.697 -88.984 715.341 -172.6765 -0.4125 97.3722][-0.128310 -0.983761 -0.125502 -0.991708 0.126357 0.023439 -0.007200 0.127468 -0.991816] 
fr 142315
ts 35401.070859
6d 1 [12 1.000][-1912.748 -88.923 715.316 -172.6751 -0.4025 97.3781][-0.128413 -0.983742 -0.125545 -0.991696 0.126480 0.023282 -0.007025 0.127492 -0.991815] 
fr 142316
ts 35401.087520
6d 1 [12 1.000][-1912.672 -88.920 715.309 -172.6690 -0.4392 97.3837][-0.128510 -0.983727 -0.125566 -0.991679 0.126493 0.023939 -0.007666 0.127597 -0.991796] 
fr 142317
ts 35401.104176
6d 1 [12 1.000][-1912.612 -88.916 715.310 -172.6643 -0.4469 97.3889][-0.128600 -0.983707 -0.125627 -0.991666 0.126564 0.024092 -0.007799 0.127678 -0.991785] 
fr 142318
ts 35401.120839
6d 1 [12 1.000][-1912.681 -88.866 715.351 -172.6806 -0.4148 97.3929][-0.128669 -0.983725 -0.125418 -0.991661 0.126709 0.023513 -0.007239 0.127398 -0.991825] 
fr 142319
ts 35401.137485
6d 1 [12 1.000][-1912.730 -88.837 715.379 -172.6853 -0.4131 97.3941][-0.128691 -0.983732 -0.125340 -0.991659 0.126737 0.023477 -0.007210 0.127316 -0.991836] 
fr 142320
ts 35401.154150
6d 1 [12 1.000][-1912.678 -88.855 715.350 -172.6811 -0.4235 97.3938][-0.128684 -0.983727 -0.125389 -0.991658 0.126705 0.023664 -0.007391 0.127388 -0.991825] 
fr 142321
ts 35401.170793
6d 1 [12 1.000][-1912.591 -88.924 715.317 -172.6697 -0.4321 97.3958][-0.128720 -0.983699 -0.125565 -0.991652 0.126718 0.023841 -0.007541 0.127586 -0.991799] 
fr 142322
ts 35401.187456
6d 1 [12 1.000][-1912.652 -88.951 715.282 -172.6652 -0.4357 97.3967][-0.128734 -0.983689 -0.125633 -0.991650 0.126722 0.023914 -0.007604 0.127663 -0.991789] 
fr 142323
ts 35401.204142
6d 1 [12 1.000][-1913.016 -89.209 715.135 -172.6522 -0.2954 97.2381][-0.125991 -0.983968 -0.126228 -0.992018 0.124304 0.021186 -0.005156 0.127890 -0.991775] 
fr 142324
ts 35401.220805
6d 1 [12 1.000][-1914.324 -90.670 714.266 -172.5557 0.1549 96.8853][-0.119882 -0.984378 -0.128950 -0.992784 0.119220 0.012871 0.002703 0.129562 -0.991568] 
fr 142325
ts 35401.237487
6d 1 [12 1.000][-1916.893 -92.691 713.208 -172.4963 1.0397 96.5096][-0.113350 -0.984776 -0.131787 -0.993389 0.114752 -0.003069 0.018146 0.130568 -0.991273] 
fr 142326
ts 35401.254149
6d 1 [12 1.000][-1917.390 -93.900 712.814 -172.3359 1.1720 96.0494][-0.105364 -0.985261 -0.134758 -0.994223 0.107157 -0.006103 0.020453 0.133337 -0.990860] 
fr 142327
ts 35401.270822
6d 1 [12 1.000][-1917.145 -93.702 713.557 -172.5174 1.0068 95.7403][-0.100003 -0.986284 -0.131315 -0.994832 0.101444 -0.004309 0.017571 0.130206 -0.991331] 
fr 142328
ts 35401.287484
6d 1 [12 1.000][-1917.415 -93.039 713.214 -172.4936 0.9957 95.5741][-0.097119 -0.986522 -0.131693 -0.995121 0.098561 -0.004458 0.017377 0.130617 -0.991281] 
fr 142329
ts 35401.304151
6d 1 [12 1.000][-1918.280 -92.474 713.142 -172.5757 1.1462 95.4268][-0.094554 -0.986927 -0.130513 -0.995319 0.096354 -0.007527 0.020004 0.129190 -0.991418] 
fr 142330
ts 35401.320813
6d 1 [12 1.000][-1918.753 -92.214 713.500 -172.6714 1.1082 95.3881][-0.093884 -0.987217 -0.128798 -0.995395 0.095591 -0.007119 0.019340 0.127537 -0.991645] 
fr 142331
ts 35401.337473
6d 1 [12 1.000][-1918.696 -92.176 713.150 -172.5549 0.9156 95.5257][-0.096280 -0.986762 -0.130500 -0.995226 0.097541 -0.003294 0.015979 0.129560 -0.991443] 
fr 142332
ts 35401.354137
6d 1 [12 1.000][-1917.208 -93.271 712.538 -172.2901 0.4739 95.6080][-0.097719 -0.986109 -0.134315 -0.995180 0.097943 0.004952 0.008272 0.134152 -0.990926] 
fr 142333
ts 35401.370788
6d 1 [12 1.000][-1915.568 -95.892 711.694 -171.8824 0.2014 95.6675][-0.098755 -0.985092 -0.140858 -0.995106 0.098260 0.010481 0.003516 0.141204 -0.989974] 
fr 142334
ts 35401.387451
6d 1 [12 1.000][-1915.004 -97.704 711.633 -171.7416 0.0112 96.0570][-0.105519 -0.984103 -0.142856 -0.994417 0.104452 0.014963 0.000196 0.143638 -0.989630] 
fr 142335
ts 35401.404097
6d 1 [12 1.000][-1915.269 -98.902 712.000 -171.7840 0.0197 96.5945][-0.114842 -0.983182 -0.141998 -0.993384 0.113712 0.016073 0.000344 0.142905 -0.989736] 
fr 142336
ts 35401.420758
6d 1 [12 1.000][-1916.046 -99.641 712.651 -172.0691 -0.0399 97.2182][-0.125649 -0.982598 -0.136799 -0.992075 0.124352 0.018021 -0.000696 0.137979 -0.990435] 
fr 142337
ts 35401.437450
6d 1 [12 1.000][-1917.004 -100.140 712.919 -172.1661 0.0296 97.7429][-0.134729 -0.981626 -0.135128 -0.990882 0.133541 0.017857 0.000516 0.136301 -0.990667] 
fr 142338
ts 35401.454111
6d 1 [12 1.000][-1917.617 -100.836 713.057 -172.1706 0.1384 98.0740][-0.140452 -0.980812 -0.135210 -0.990085 0.139469 0.016765 0.002415 0.136224 -0.990675] 
fr 142339
ts 35401.470796
6d 1 [12 1.000][-1917.968 -101.500 713.001 -172.1813 0.2931 98.2559][-0.143592 -0.980336 -0.135357 -0.989624 0.142948 0.014518 0.005116 0.136038 -0.990690] 
fr 142340
ts 35401.487458
6d 1 [12 1.000][-1918.499 -102.488 712.612 -171.9890 0.5797 98.3630][-0.145437 -0.979506 -0.139339 -0.989316 0.145420 0.010358 0.010117 0.139356 -0.990191] 
fr 142341
ts 35401.504136
6d 1 [12 1.000][-1919.279 -104.056 712.238 -171.6681 0.8313 98.3966][-0.146009 -0.978532 -0.145451 -0.989177 0.146563 0.006959 0.014508 0.144892 -0.989341] 
fr 142342
ts 35401.520798
6d 1 [12 1.000][-1920.051 -105.678 712.503 -171.3971 1.1678 98.4749][-0.147345 -0.977503 -0.150922 -0.988875 0.148733 0.002115 0.020380 0.149555 -0.988543] 
fr 142343
ts 35401.537469
6d 1 [12 1.000][-1920.809 -106.816 713.281 -171.5014 1.4992 98.5538][-0.148687 -0.977443 -0.149990 -0.988538 0.150928 -0.003607 0.026163 0.147734 -0.988681] 
fr 142344
ts 35401.554130
6d 1 [12 1.000][-1922.971 -106.255 715.504 -172.4362 2.1437 99.0568][-0.157304 -0.978165 -0.135826 -0.986842 0.160907 -0.015898 0.037406 0.131538 -0.990605] 
fr 142345
ts 35401.570791
6d 1 [12 1.000][-1926.339 -104.816 718.078 -173.5332 2.9778 100.0728][-0.174664 -0.977298 -0.119920 -0.983257 0.179548 -0.031125 0.051950 0.112476 -0.992296] 
fr 142346
ts 35401.587457
6d 1 [12 1.000][-1928.831 -103.836 719.846 -174.2690 3.6108 100.9279][-0.189197 -0.975767 -0.109926 -0.979917 0.194800 -0.042598 0.062979 0.099659 -0.993027] 
fr 142347
ts 35401.604113
6d 1 [12 1.000][-1931.435 -103.784 720.771 -174.8568 4.3314 101.6289][-0.200997 -0.974165 -0.102967 -0.976676 0.207393 -0.055608 0.075526 0.089389 -0.993129] 
fr 142348
ts 35401.620775
6d 1 [12 1.000][-1933.452 -105.243 720.131 -174.7874 4.6485 102.0793][-0.208576 -0.972274 -0.105730 -0.974642 0.215599 -0.059909 0.081043 0.090553 -0.992589] 
fr 142349
ts 35401.637424
6d 1 [12 1.000][-1933.883 -107.085 718.362 -174.1993 4.4296 102.3464][-0.213183 -0.970202 -0.115160 -0.973955 0.220352 -0.053451 0.077234 0.100766 -0.991908] 
fr 142350
ts 35401.654086
6d 1 [12 1.000][-1932.568 -109.707 716.993 -173.6538 4.0327 102.2856][-0.212258 -0.969457 -0.122877 -0.974680 0.219076 -0.044773 0.070325 0.110262 -0.991411] 
fr 142351
ts 35401.670730
6d 1 [12 1.000][-1931.233 -112.800 715.277 -172.8809 3.8120 102.1364][-0.209774 -0.968381 -0.135031 -0.975487 0.216674 -0.038441 0.066483 0.123657 -0.990095] 
fr 142352
ts 35401.687391
6d 1 [12 1.000][-1931.009 -114.946 713.688 -172.3826 3.6881 102.2550][-0.211824 -0.966779 -0.143070 -0.975189 0.218723 -0.034167 0.064324 0.132283 -0.989123] 
fr 142353
ts 35401.704080
6d 1 [12 1.000][-1931.173 -116.495 713.231 -172.2466 3.4019 102.5741][-0.217318 -0.965350 -0.144473 -0.974296 0.223524 -0.028017 0.059340 0.134671 -0.989112] 
fr 142354
ts 35401.720741
6d 1 [12 1.000][-1931.609 -118.177 713.452 -172.3815 3.1075 103.1986][-0.227992 -0.963349 -0.141342 -0.972153 0.233309 -0.022042 0.054210 0.132381 -0.989715] 
fr 142355
ts 35401.737424
6d 1 [12 1.000][-1931.675 -119.391 713.636 -172.4572 2.6571 103.8335][-0.238844 -0.961138 -0.138447 -0.969951 0.242941 -0.013239 0.046359 0.131125 -0.990281] 
fr 142356
ts 35401.754086
6d 1 [12 1.000][-1932.160 -120.241 714.142 -172.6358 2.2728 104.5714][-0.251388 -0.958573 -0.133948 -0.967074 0.254431 -0.005819 0.039658 0.128075 -0.990971] 
fr 142357
ts 35401.770760
6d 1 [12 1.000][-1932.418 -121.015 714.615 -172.6987 1.8889 105.2410][-0.262737 -0.955904 -0.131212 -0.964304 0.264790 0.001865 0.032961 0.127019 -0.991353] 
fr 142358
ts 35401.787421
6d 1 [12 1.000][-1931.645 -121.703 715.446 -173.1121 1.4543 105.2783][-0.263424 -0.956893 -0.122328 -0.964346 0.264543 0.007295 0.025380 0.119888 -0.992463] 
fr 142359
ts 35401.804089
6d 1 [12 1.000][-1932.019 -122.645 714.533 -172.8971 1.6279 105.3046][-0.263843 -0.956207 -0.126707 -0.964147 0.265312 0.005447 0.028408 0.123601 -0.991925] 
fr 142360
ts 35401.820750
6d 1 [12 1.000][-1932.097 -124.587 713.254 -172.2341 1.9163 105.1028][-0.260406 -0.955428 -0.139091 -0.964920 0.262524 0.003219 0.033439 0.135050 -0.990274] 
fr 142361
ts 35401.837411
6d 1 [12 1.000][-1931.923 -126.727 712.796 -171.6048 1.8502 105.1830][-0.261767 -0.953518 -0.149269 -0.964591 0.263646 0.007412 0.032287 0.145924 -0.988769] 
fr 142362
ts 35401.854072
6d 1 [12 1.000][-1931.379 -128.819 712.544 -170.8783 1.4636 105.7668][-0.271635 -0.949105 -0.159420 -0.962061 0.272184 0.018807 0.025541 0.158481 -0.987032] 
fr 142363
ts 35401.870717
6d 1 [12 1.000][-1930.747 -130.559 713.126 -170.2573 1.0146 106.5915][-0.285501 -0.943688 -0.167161 -0.958215 0.284299 0.031596 0.017707 0.169197 -0.985423] 
fr 142364
ts 35401.887387
6d 1 [12 1.000][-1931.179 -132.206 713.145 -169.6331 0.9640 107.5432][-0.301382 -0.937012 -0.176569 -0.953355 0.299391 0.038461 0.016825 0.179925 -0.983536] 
fr 142365
ts 35401.904035
6d 1 [12 1.000][-1932.956 -134.746 711.998 -168.7919 1.4468 108.5523][-0.318068 -0.928391 -0.192153 -0.947732 0.316754 0.038363 0.025249 0.194311 -0.980615] 
fr 142366
ts 35401.920696
6d 1 [12 1.000][-1935.684 -137.625 710.497 -167.9185 2.2013 109.6307][-0.335709 -0.918315 -0.209757 -0.941182 0.336088 0.034940 0.038410 0.209149 -0.977129] 
fr 142367
ts 35401.937389
6d 1 [12 1.000][-1938.130 -141.041 709.471 -166.8625 2.7366 110.7116][-0.353261 -0.907053 -0.229043 -0.934306 0.354559 0.036894 0.047744 0.227030 -0.972717] 
fr 142368
ts 35401.954050
6d 1 [12 1.000][-1940.729 -144.171 708.593 -165.8508 3.2692 111.7859][-0.370536 -0.895232 -0.247512 -0.927066 0.372825 0.039376 0.057028 0.244050 -0.968084] 
fr 142369
ts 35401.970735
6d 1 [12 1.000][-1943.610 -146.715 707.232 -164.8806 4.1036 112.7185][-0.385214 -0.883275 -0.267275 -0.920049 0.390052 0.037012 0.071559 0.260164 -0.962909] 
fr 142370
ts 35401.987396
6d 1 [12 1.000][-1946.570 -148.331 705.877 -164.0164 4.9253 113.6718][-0.400014 -0.870962 -0.285332 -0.912479 0.407628 0.034964 0.085857 0.274345 -0.957791] 
fr 142371
ts 35402.004074
6d 1 [12 1.000][-1949.270 -150.151 705.042 -163.2149 5.5803 114.7538][-0.416736 -0.857666 -0.301231 -0.903811 0.426382 0.036376 0.097241 0.287415 -0.952857] 
fr 142372
ts 35402.020736
6d 1 [12 1.000][-1951.925 -151.517 704.279 -162.6112 6.1923 115.8580][-0.433597 -0.844693 -0.313826 -0.894628 0.445218 0.037713 0.107865 0.297110 -0.948731] 
fr 142373
ts 35402.037407
6d 1 [12 1.000][-1955.099 -152.551 703.802 -162.1618 6.9513 117.3579][-0.456169 -0.828419 -0.325011 -0.881625 0.470381 0.038451 0.121026 0.304078 -0.944928] 
fr 142374
ts 35402.054069
6d 1 [12 1.000][-1958.672 -152.725 703.813 -161.8993 7.7240 119.2590][-0.484324 -0.808836 -0.333489 -0.864503 0.501001 0.040399 0.134402 0.307868 -0.941888] 
fr 142375
ts 35402.070733
6d 1 [12 1.000][-1963.014 -151.819 704.284 -162.0072 8.8833 121.2534][-0.512601 -0.788325 -0.340270 -0.844627 0.534229 0.034707 0.154422 0.305192 -0.939687] 
fr 142376
ts 35402.087395
6d 1 [12 1.000][-1968.025 -150.899 705.098 -162.1384 10.2351 123.2374][-0.539387 -0.766220 -0.349240 -0.823097 0.567275 0.026660 0.177688 0.301838 -0.936654] 
fr 142377
ts 35402.104047
6d 1 [12 1.000][-1973.177 -149.582 704.521 -161.8882 11.9480 124.8168][-0.558586 -0.743558 -0.367564 -0.803196 0.595502 0.015952 0.207024 0.304137 -0.929861] 
fr 142378
ts 35402.120714
6d 1 [12 1.000][-1977.568 -148.567 704.123 -161.2171 13.3135 125.9293][-0.571017 -0.723111 -0.388651 -0.787979 0.615577 0.012399 0.230279 0.313329 -0.921302] 
fr 142379
ts 35402.137363
6d 1 [12 1.000][-1981.927 -147.292 703.286 -160.8995 15.2146 126.9503][-0.580053 -0.703538 -0.410576 -0.771146 0.636656 -0.001478 0.262435 0.315757 -0.911825] 
fr 142380
ts 35402.154026
6d 1 [12 1.000][-1986.188 -145.804 702.277 -160.4079 17.3709 127.9901][-0.587453 -0.680866 -0.437402 -0.752172 0.658789 -0.015276 0.298556 0.320028 -0.899136] 
fr 142381
ts 35402.170669
6d 1 [12 1.000][-1989.617 -144.652 702.684 -159.9872 19.1976 128.8669][-0.592617 -0.660974 -0.460347 -0.735308 0.677242 -0.025813 0.328828 0.323199 -0.887364] 
fr 142382
ts 35402.187331
6d 1 [12 1.000][-1991.981 -143.963 704.956 -159.8857 20.9461 129.5089][-0.594156 -0.646256 -0.478886 -0.720542 0.692245 -0.040206 0.357490 0.321168 -0.876956] 
fr 142383
ts 35402.204020
6d 1 [12 1.000][-1993.308 -143.634 708.108 -159.9974 22.7764 129.8173][-0.590410 -0.636960 -0.495680 -0.708196 0.703429 -0.060381 0.387136 0.315389 -0.866404] 
fr 142384
ts 35402.220682
6d 1 [12 1.000][-1994.373 -143.338 711.714 -160.2093 24.7335 130.0147][-0.583999 -0.629556 -0.512449 -0.695620 0.713504 -0.083811 0.418398 0.307524 -0.854618] 
fr 142385
ts 35402.237360
6d 1 [12 1.000][-1996.254 -140.345 711.942 -159.8438 27.5926 130.9303][-0.580627 -0.604674 -0.545198 -0.669578 0.735599 -0.102756 0.463182 0.305390 -0.831985] 
fr 142386
ts 35402.254025
6d 1 [12 1.000][-1997.934 -137.654 710.981 -159.3418 30.7112 132.0679][-0.576043 -0.573900 -0.582076 -0.638239 0.760683 -0.118375 0.510711 0.303315 -0.804472] 
fr 142387
ts 35402.270699
6d 1 [12 1.000][-2000.113 -134.094 709.116 -158.5541 33.8147 133.5314][-0.572244 -0.534659 -0.621833 -0.602358 0.788581 -0.123709 0.556509 0.303774 -0.773317] 
fr 142388
ts 35402.287361
6d 1 [12 1.000][-2001.566 -130.404 707.039 -157.5535 36.8914 134.9974][-0.565501 -0.491497 -0.662299 -0.565552 0.815585 -0.122358 0.600300 0.305371 -0.739181] 
fr 142389
ts 35402.304028
6d 1 [12 1.000][-2000.914 -128.477 706.664 -156.4620 39.0446 135.7322][-0.556151 -0.459794 -0.692304 -0.542116 0.832099 -0.117139 0.629925 0.310162 -0.712035] 
fr 142390
ts 35402.320690
6d 1 [12 1.000][-1999.291 -126.885 709.852 -156.4834 40.0443 136.9682][-0.559596 -0.438072 -0.703524 -0.522412 0.845449 -0.110910 0.643380 0.305464 -0.701964] 
fr 142391
ts 35402.337351
6d 1 [12 1.000][-1998.617 -124.291 716.917 -158.3395 40.1862 139.8370][-0.583822 -0.417405 -0.696366 -0.492721 0.863864 -0.104715 0.645274 0.281979 -0.710007] 
fr 142392
ts 35402.354013
6d 1 [12 1.000][-1997.610 -120.385 726.810 -160.7698 39.9551 143.4532][-0.615822 -0.392330 -0.683257 -0.456464 0.884496 -0.096471 0.642187 0.252474 -0.723777] 
fr 142393
ts 35402.370667
6d 1 [12 1.000][-1995.994 -116.917 739.167 -163.5871 38.8355 147.5242][-0.657136 -0.365584 -0.659181 -0.418252 0.904381 -0.084619 0.627086 0.220098 -0.747208] 
fr 142394
ts 35402.387328
6d 1 [12 1.000][-1993.732 -114.501 751.615 -165.8991 37.4263 151.1288][-0.695430 -0.338634 -0.633801 -0.383443 0.920812 -0.071253 0.607740 0.193475 -0.770207] 
fr 142395
ts 35402.403976
6d 1 [12 1.000][-1990.844 -113.111 762.766 -168.4868 36.4479 154.4889][-0.725970 -0.315004 -0.611343 -0.346443 0.935412 -0.070584 0.594092 0.160553 -0.788212] 
fr 142396
ts 35402.420637
6d 1 [12 1.000][-1987.057 -114.508 773.468 -169.8842 35.3382 156.2852][-0.746869 -0.302921 -0.591968 -0.328083 0.942184 -0.068201 0.578402 0.143277 -0.803071] 
fr 142397
ts 35402.437328
6d 1 [12 1.000][-1982.158 -116.760 784.150 -171.2261 34.0874 158.0402][-0.768096 -0.290293 -0.570753 -0.309705 0.948563 -0.065666 0.560457 0.126327 -0.818492] 
fr 142398
ts 35402.453992
6d 1 [12 1.000][-1976.244 -117.964 793.143 -173.0761 33.4322 160.0872][-0.784643 -0.275659 -0.555291 -0.284235 0.955977 -0.072935 0.550950 0.100605 -0.828452] 
fr 142399
ts 35402.470675
6d 1 [12 1.000][-1969.827 -119.259 800.717 -175.3462 33.2797 162.3524][-0.796659 -0.259736 -0.545776 -0.253443 0.963295 -0.088487 0.548726 0.067829 -0.833246] 
fr 142400
ts 35402.487338
6d 1 [12 1.000][-1963.097 -120.596 805.696 -177.5015 33.8693 164.6952][-0.800864 -0.240270 -0.548532 -0.219163 0.970031 -0.104915 0.557301 0.036196 -0.829521] 
fr 142401
ts 35402.504016
6d 1 [12 1.000][-1956.296 -122.470 808.653 -179.7129 34.9026 166.9125][-0.798823 -0.223643 -0.558449 -0.185708 0.974662 -0.124683 0.572184 0.004109 -0.820115] 
fr 142402
ts 35402.520676
6d 1 [12 1.000][-1948.953 -125.284 809.608 177.8388 36.4828 169.2203][-0.789847 -0.208926 -0.576620 -0.150381 0.977461 -0.148172 0.594581 -0.030320 -0.803464] 
fr 142403
ts 35402.537349
6d 1 [12 1.000][-1940.919 -128.542 808.094 175.8532 38.5010 171.2504][-0.773489 -0.196210 -0.602674 -0.119046 0.978927 -0.165919 0.622529 -0.056591 -0.780548] 
fr 142404
ts 35402.554011
6d 1 [12 1.000][-1931.977 -133.388 804.881 173.6427 40.7776 173.2281][-0.751968 -0.189006 -0.631523 -0.089292 0.978390 -0.186496 0.653124 -0.083849 -0.752594] 
fr 142405
ts 35402.570675
6d 1 [12 1.000][-1921.699 -139.476 800.018 171.6441 43.3736 174.9025][-0.724016 -0.187314 -0.663863 -0.064585 0.976604 -0.205118 0.686752 -0.105633 -0.719175] 
fr 142406
ts 35402.587336
6d 1 [12 1.000][-1910.018 -146.460 793.616 169.9053 46.3830 176.6406][-0.688649 -0.184368 -0.701264 -0.040423 0.975392 -0.216742 0.723967 -0.120912 -0.679155] 
fr 142407
ts 35402.603994
6d 1 [12 1.000][-1896.999 -154.440 786.036 168.0764 49.5487 178.4538][-0.648565 -0.183563 -0.738694 -0.017507 0.973826 -0.226622 0.760958 -0.134047 -0.634802] 
fr 142408
ts 35402.620656
6d 1 [12 1.000][-1882.553 -163.520 777.991 165.9958 52.6939 -179.6331][-0.606061 -0.186265 -0.773301 0.003881 0.971491 -0.237045 0.795409 -0.146665 -0.588060] 
fr 142409
ts 35402.637306
6d 1 [12 1.000][-1866.550 -173.889 769.442 163.3071 55.9291 -177.4162][-0.559649 -0.194513 -0.805579 0.025255 0.967610 -0.251182 0.828345 -0.160919 -0.536610] 
fr 142410
ts 35402.653967
6d 1 [12 1.000][-1849.201 -185.310 761.171 160.7939 59.1234 -175.2596][-0.511436 -0.203338 -0.834918 0.042411 0.964444 -0.260862 0.858274 -0.168823 -0.484628] 
fr 142411
ts 35402.670608
6d 1 [12 1.000][-1830.720 -198.301 753.130 158.1262 62.3800 -173.0307][-0.460180 -0.215066 -0.861383 0.056252 0.961204 -0.270041 0.886042 -0.172722 -0.430229] 
fr 142412
ts 35402.687272
6d 1 [12 1.000][-1811.077 -212.510 745.925 154.6258 65.7756 -169.8517][-0.403892 -0.225482 -0.886583 0.072296 0.958249 -0.276643 0.911946 -0.175830 -0.370728] 
fr 142413
ts 35402.703962
6d 1 [12 1.000][-1791.431 -227.570 740.270 150.2009 68.9498 -166.0046][-0.348523 -0.240163 -0.906010 0.086867 0.954180 -0.286348 0.933266 -0.178501 -0.311691] 
fr 142414
ts 35402.720626
6d 1 [12 1.000][-1771.881 -243.423 737.682 144.2561 71.5424 -161.0717][-0.299482 -0.260868 -0.917746 0.102701 0.947493 -0.302837 0.948558 -0.184948 -0.256966] 
fr 142415
ts 35402.737302
6d 1 [12 1.000][-1752.919 -259.841 739.118 138.1403 73.3287 -156.1576][-0.262398 -0.283648 -0.922329 0.115963 0.939625 -0.321958 0.957967 -0.191437 -0.213663] 
fr 142416
ts 35402.753967
6d 1 [12 1.000][-1734.684 -276.333 744.900 131.7208 73.9710 -151.2976][-0.242195 -0.309619 -0.919499 0.132611 0.928256 -0.347497 0.961122 -0.206098 -0.183761] 
fr 142417
ts 35402.770638
6d 1 [12 1.000][-1717.384 -291.824 754.044 127.0774 73.8171 -147.8770][-0.236037 -0.328328 -0.914597 0.148198 0.918019 -0.367803 0.960377 -0.222356 -0.168029] 
fr 142418
ts 35402.787303
6d 1 [12 1.000][-1700.858 -308.099 765.950 125.2673 73.3932 -147.0930][-0.239946 -0.343192 -0.908100 0.155270 0.909818 -0.384868 0.958289 -0.233348 -0.165019] 
fr 142419
ts 35402.803972
6d 1 [12 1.000][-1684.502 -325.335 779.517 124.4748 73.1176 -147.0351][-0.243653 -0.353848 -0.903009 0.158018 0.904144 -0.396930 0.956903 -0.239405 -0.164383] 
fr 142420
ts 35402.820633
6d 1 [12 1.000][-1668.589 -343.140 794.481 125.1459 72.8719 -148.2427][-0.250417 -0.361449 -0.898134 0.155007 0.900756 -0.405723 0.955649 -0.240817 -0.169538] 
fr 142421
ts 35402.837295
6d 1 [12 1.000][-1652.983 -362.049 811.879 128.5911 72.8604 -152.0725][-0.260380 -0.367781 -0.892715 0.138025 0.900932 -0.411424 0.955589 -0.230343 -0.183822] 
fr 142422
ts 35402.853956
6d 0 
fr 142423
ts 35402.870611
6d 0 
fr 142424
ts 35402.887273
6d 0 
fr 142425
ts 35402.903919
6d 0 
fr 142426
ts 35402.920580
6d 0 
fr 142427
ts 35402.937272
6d 0 
fr 142428
ts 35402.953934
6d 0 
fr 142429
ts 35402.970620
6d 0 
fr 142430
ts 35402.987281
6d 0 
fr 142431
ts 35403.003957
6d 0 
fr 142432
ts 35403.020622
6d 0 
fr 142433
ts 35403.037293
6d 0 
fr 142434
ts 35403.053955
6d 0 
fr 142435
ts 35403.070619
6d 0 
fr 142436
ts 35403.087281
6d 0 
fr 142437
ts 35403.103939
6d 0 
fr 142438
ts 35403.120600
6d 0 
fr 142439
ts 35403.137251
6d 1 [12 1.000][-1393.568 -560.640 1183.649 163.9387 31.2972 153.1975][-0.762684 -0.561596 -0.320815 -0.385301 0.792919 -0.472040 0.519477 -0.236407 -0.821131] 
fr 142440
ts 35403.153913
6d 1 [12 1.000][-1318.093 -609.544 1282.870 171.6230 20.1660 139.2741][-0.711382 -0.683542 -0.163420 -0.612445 0.716986 -0.332930 0.344742 -0.136755 -0.928683] 
fr 142441
ts 35403.170556
6d 1 [12 1.000][-1286.416 -622.987 1314.750 173.1811 16.2984 134.9653][-0.678279 -0.726078 -0.112912 -0.679102 0.678104 -0.281062 0.280639 -0.113960 -0.953024] 
fr 142442
ts 35403.187218
6d 1 [12 1.000][-1265.462 -629.026 1328.947 173.8634 14.3215 132.6299][-0.656213 -0.749436 -0.087918 -0.712879 0.653924 -0.253351 0.247362 -0.103577 -0.963371] 
fr 142443
ts 35403.203906
6d 1 [12 1.000][-1247.653 -634.604 1336.943 174.8362 13.2880 130.3217][-0.629755 -0.772715 -0.079504 -0.742011 0.628680 -0.232767 0.229845 -0.087593 -0.969277] 
fr 142444
ts 35403.220570
6d 1 [12 1.000][-1231.927 -640.822 1341.860 176.1302 12.9335 127.9206][-0.598977 -0.796348 -0.083999 -0.768850 0.601251 -0.217638 0.223821 -0.065778 -0.972408] 
fr 142445
ts 35403.237251
6d 1 [12 1.000][-1217.564 -647.424 1345.315 177.5583 12.7918 125.4334][-0.565368 -0.819519 -0.093534 -0.794568 0.571545 -0.204937 0.221409 -0.041546 -0.974296] 
fr 142446
ts 35403.253913
6d 1 [12 1.000][-1205.180 -652.770 1347.248 178.9208 13.0228 123.1985][-0.533459 -0.838954 -0.107601 -0.815257 0.543893 -0.198838 0.225339 -0.018349 -0.974108] 
fr 142447
ts 35403.270588
6d 1 [12 1.000][-1194.566 -657.084 1348.393 -179.7560 13.3838 121.0634][-0.501972 -0.856081 -0.123083 -0.833333 0.516825 -0.196079 0.231472 0.004142 -0.972833] 
fr 142448
ts 35403.287249
6d 1 [12 1.000][-1186.131 -660.116 1349.321 -178.8048 14.0376 119.1687][-0.472829 -0.870532 -0.136406 -0.847112 0.491695 -0.201587 0.242558 0.020235 -0.969926] 
fr 142449
ts 35403.303917
6d 1 [12 1.000][-1179.384 -662.583 1350.625 -178.2107 14.7357 117.3258][-0.443952 -0.884331 -0.144447 -0.859190 0.465882 -0.211533 0.254360 0.030197 -0.966638] 
fr 142450
ts 35403.320580
6d 1 [12 1.000][-1173.826 -665.373 1351.776 -177.4428 15.3405 115.3610][-0.413060 -0.897671 -0.153519 -0.871431 0.438560 -0.219710 0.264555 0.043028 -0.963410] 
fr 142451
ts 35403.337240
6d 1 [12 1.000][-1170.120 -668.899 1351.745 -176.2268 16.1173 113.3002][-0.380002 -0.909228 -0.170008 -0.882346 0.411469 -0.228382 0.277604 0.063220 -0.958613] 
fr 142452
ts 35403.353902
6d 1 [12 1.000][-1168.858 -673.653 1350.552 -174.5141 17.1160 111.1888][-0.345434 -0.917955 -0.195025 -0.891100 0.386020 -0.238600 0.294307 0.091366 -0.951334] 
fr 142453
ts 35403.370556
6d 1 [12 1.000][-1170.181 -678.524 1348.451 -172.4918 18.2527 109.1613][-0.311714 -0.923066 -0.225351 -0.897070 0.364074 -0.250431 0.313209 0.124093 -0.941542] 
fr 142454
ts 35403.387218
6d 1 [12 1.000][-1173.690 -683.707 1345.338 -170.1072 19.5842 106.9843][-0.275212 -0.925342 -0.260770 -0.901058 0.342843 -0.265620 0.335192 0.161867 -0.928141] 
fr 142455
ts 35403.403864
6d 1 [12 1.000][-1179.243 -688.984 1342.018 -167.6549 21.0338 104.4907][-0.233550 -0.926600 -0.294730 -0.903677 0.318732 -0.285968 0.358918 0.199553 -0.911787] 
fr 142456
ts 35403.420528
6d 1 [12 1.000][-1185.440 -694.574 1338.260 -164.8068 22.4842 101.2368][-0.180052 -0.927017 -0.328968 -0.906272 0.286357 -0.310919 0.382429 0.242153 -0.891689] 
fr 142457
ts 35403.437221
6d 1 [12 1.000][-1192.111 -700.840 1334.413 -161.6680 23.8886 97.5492][-0.120123 -0.924289 -0.362298 -0.906409 0.250975 -0.339756 0.404960 0.287578 -0.867932] 
fr 142458
ts 35403.453881
6d 1 [12 1.000][-1199.822 -707.544 1330.257 -158.4769 25.1136 93.9659][-0.062624 -0.917273 -0.393304 -0.903300 0.219674 -0.368501 0.424415 0.332194 -0.842330] 
fr 142459
ts 35403.470567
6d 1 [12 1.000][-1210.377 -713.289 1326.050 -155.8539 26.4362 91.2663][-0.019788 -0.908258 -0.417942 -0.895212 0.202236 -0.397109 0.445201 0.366289 -0.817085] 
fr 142460
ts 35403.487229
6d 1 [12 1.000][-1225.289 -716.808 1322.634 -154.5120 28.1474 90.1651][-0.002540 -0.902087 -0.431548 -0.881733 0.205601 -0.424588 0.471742 0.379431 -0.795922] 
fr 142461
ts 35403.503906
6d 1 [12 1.000][-1243.532 -718.401 1320.384 -154.3544 30.0165 90.3961][-0.005986 -0.899970 -0.435911 -0.865861 0.222737 -0.447966 0.500249 0.374757 -0.780582] 
fr 142462
ts 35403.520569
6d 1 [12 1.000][-1262.693 -718.070 1317.265 -154.3725 31.9720 91.2479][-0.018474 -0.896423 -0.442813 -0.848106 0.248602 -0.467882 0.529504 0.366909 -0.764855] 
fr 142463
ts 35403.537237
6d 1 [12 1.000][-1281.415 -717.049 1314.538 -154.6917 33.4564 92.4327][-0.035413 -0.893202 -0.448259 -0.833553 0.273836 -0.479794 0.551303 0.356657 -0.754229] 
fr 142464
ts 35403.553902
6d 1 [12 1.000][-1299.010 -715.008 1311.870 -155.1213 34.8693 93.7828][-0.054129 -0.889356 -0.453999 -0.818671 0.299843 -0.489767 0.571706 0.345165 -0.744320] 
fr 142465
ts 35403.570567
6d 1 [12 1.000][-1314.649 -712.174 1308.408 -155.1317 35.8474 95.1523][-0.072793 -0.881494 -0.466550 -0.807305 0.326758 -0.491414 0.585628 0.340877 -0.735420] 
fr 142466
ts 35403.587228
6d 1 [12 1.000][-1328.458 -708.610 1304.405 -154.8194 36.6684 96.7745][-0.094618 -0.868680 -0.486254 -0.796505 0.359064 -0.486470 0.597183 0.341274 -0.725881] 
fr 142467
ts 35403.603886
6d 1 [12 1.000][-1340.064 -703.639 1300.649 -154.4018 37.1299 98.6865][-0.120410 -0.852114 -0.509317 -0.788124 0.394012 -0.472880 0.603625 0.344465 -0.719014] 
fr 142468
ts 35403.620548
6d 1 [12 1.000][-1349.777 -697.053 1299.228 -154.5945 37.1363 101.1899][-0.154706 -0.835859 -0.526694 -0.782046 0.429377 -0.451707 0.603714 0.342017 -0.720107] 
fr 142469
ts 35403.637199
6d 1 [12 1.000][-1357.502 -688.838 1300.802 -155.7677 36.7187 104.3832][-0.199117 -0.822349 -0.533005 -0.776455 0.464222 -0.426163 0.597887 0.328998 -0.730952] 
fr 142470
ts 35403.653861
6d 1 [12 1.000][-1362.512 -679.135 1305.803 -157.8480 35.4962 108.1324][-0.253376 -0.812055 -0.525707 -0.773723 0.496312 -0.393736 0.580649 0.306988 -0.754059] 
fr 142471
ts 35403.670505
6d 1 [12 1.000][-1363.134 -669.390 1313.384 -159.9195 33.0049 111.6472][-0.309360 -0.803981 -0.507849 -0.779478 0.520297 -0.348862 0.544711 0.287933 -0.787645] 
fr 142472
ts 35403.687161
6d 1 [12 1.000][-1358.855 -660.289 1322.054 -161.6377 29.7529 114.6626][-0.362266 -0.797275 -0.482821 -0.788979 0.538101 -0.296579 0.496261 0.273495 -0.823969] 
fr 142473
ts 35403.703856
6d 1 [12 1.000][-1349.410 -652.369 1330.919 -162.6901 25.5286 116.7921][-0.406747 -0.794420 -0.451059 -0.805499 0.544802 -0.233157 0.430962 0.268491 -0.861501] 
fr 142474
ts 35403.720517
6d 1 [12 1.000][-1335.932 -645.916 1339.642 -163.5595 20.8040 118.2845][-0.442955 -0.796970 -0.410646 -0.823191 0.542995 -0.165871 0.355173 0.264567 -0.896581] 
fr 142475
ts 35403.737197
6d 1 [12 1.000][-1319.952 -639.655 1346.467 -164.1510 16.1517 119.3602][-0.470946 -0.801173 -0.369231 -0.837153 0.537874 -0.099331 0.278181 0.262323 -0.924014] 
fr 142476
ts 35403.753862
6d 1 [12 1.000][-1302.790 -633.839 1350.824 -164.6094 11.8882 119.9469][-0.488490 -0.808123 -0.329112 -0.847903 0.528669 -0.039612 0.206003 0.259705 -0.943460] 
fr 142477
ts 35403.770536
6d 1 [12 1.000][-1286.617 -627.744 1352.696 -165.0841 8.5213 120.4048][-0.500520 -0.814106 -0.294467 -0.852950 0.521949 0.006780 0.148177 0.254559 -0.955638] 
fr 142478
ts 35403.787198
6d 1 [12 1.000][-1272.165 -621.822 1352.642 -165.7200 6.1474 120.5322][-0.505102 -0.821311 -0.265181 -0.856390 0.515078 0.035921 0.107086 0.245242 -0.963529] 
fr 142479
ts 35403.803866
6d 1 [12 1.000][-1260.346 -615.950 1350.529 -166.4844 4.8130 120.2070][-0.501352 -0.830414 -0.243021 -0.861166 0.506139 0.047082 0.083905 0.232886 -0.968878] 
fr 142480
ts 35403.820528
6d 1 [12 1.000][-1252.395 -610.058 1346.391 -167.4150 4.8706 119.4801][-0.490344 -0.840507 -0.230457 -0.867383 0.496402 0.035091 0.084905 0.217101 -0.972450] 
fr 142481
ts 35403.837189
6d 1 [12 1.000][-1248.535 -605.155 1340.259 -168.2947 6.1246 118.3620][-0.472330 -0.851382 -0.228153 -0.874941 0.484209 0.004443 0.106692 0.201719 -0.973615] 
fr 142482
ts 35403.853850
6d 1 [12 1.000][-1248.251 -601.634 1332.225 -168.9255 8.1672 116.9752][-0.449004 -0.862229 -0.234427 -0.882164 0.469477 -0.037118 0.142062 0.190137 -0.971425] 
fr 142483
ts 35403.870502
6d 1 [12 1.000][-1251.897 -598.790 1322.636 -169.2568 10.6893 115.8041][-0.427742 -0.869457 -0.247146 -0.884665 0.458793 -0.082919 0.185484 0.183173 -0.965424] 
fr 142484
ts 35403.887166
6d 1 [12 1.000][-1259.466 -595.974 1311.840 -169.5084 13.6597 115.0585][-0.411564 -0.872518 -0.263301 -0.880254 0.455417 -0.133226 0.236154 0.176941 -0.955470] 
fr 142485
ts 35403.903815
6d 1 [12 1.000][-1270.317 -592.496 1300.457 -169.9336 16.7359 114.8553][-0.402524 -0.872248 -0.277774 -0.868938 0.459527 -0.183796 0.287960 0.167386 -0.942900] 
fr 142486
ts 35403.920476
6d 1 [12 1.000][-1284.211 -588.258 1289.299 -170.6936 19.6698 115.2019][-0.400962 -0.869726 -0.287762 -0.852016 0.469456 -0.231690 0.336598 0.152278 -0.929254] 
fr 142487
ts 35403.937169
6d 1 [12 1.000][-1300.643 -582.825 1277.606 -171.8705 22.5931 116.0014][-0.404749 -0.865935 -0.293828 -0.829808 0.482816 -0.279835 0.384184 0.130558 -0.913979] 
fr 142488
ts 35403.953830
6d 1 [12 1.000][-1319.430 -576.058 1264.793 -173.5018 25.5285 117.2526][-0.413209 -0.860951 -0.296684 -0.802205 0.498331 -0.328837 0.430959 0.102123 -0.896574] 
fr 142489
ts 35403.970517
6d 1 [12 1.000][-1339.962 -568.137 1250.694 -175.4832 28.2296 118.8547][-0.425190 -0.855150 -0.296533 -0.771673 0.513716 -0.374988 0.473005 0.069385 -0.878323] 
fr 142490
ts 35403.987178
6d 1 [12 1.000][-1361.671 -558.890 1233.761 -177.6716 30.9874 120.8029][-0.439002 -0.847514 -0.298325 -0.736348 0.529630 -0.421052 0.514849 0.034828 -0.856573] 
fr 142491
ts 35404.003857
6d 1 [12 1.000][-1384.013 -548.783 1215.407 179.9747 32.9735 122.8958][-0.455630 -0.839790 -0.295220 -0.704409 0.542912 -0.457226 0.544252 -0.000370 -0.838922] 
fr 142492
ts 35404.020519
6d 1 [12 1.000][-1406.389 -538.358 1192.882 177.9133 35.0689 124.9553][-0.468927 -0.831042 -0.299126 -0.670811 0.555410 -0.491458 0.574560 -0.029801 -0.817919] 
fr 142493
ts 35404.037190
6d 1 [12 1.000][-1428.484 -527.737 1167.484 175.9860 36.7571 126.9527][-0.481634 -0.822354 -0.302923 -0.640248 0.566205 -0.519128 0.598424 -0.056083 -0.799214] 
fr 142494
ts 35404.053852
6d 1 [12 1.000][-1450.156 -516.242 1138.409 174.2885 38.2461 129.1470][-0.495807 -0.810572 -0.311688 -0.609069 0.580401 -0.540528 0.619040 -0.078158 -0.781460] 
fr 142495
ts 35404.070517
6d 1 [12 1.000][-1470.103 -504.191 1106.671 173.1144 39.5009 131.0960][-0.507200 -0.798301 -0.324753 -0.581496 0.595112 -0.554710 0.636090 -0.092506 -0.766050] 
fr 142496
ts 35404.087179
6d 1 [12 1.000][-1488.658 -490.901 1072.215 173.1363 40.4842 132.6704][-0.515509 -0.782584 -0.349016 -0.559232 0.615874 -0.554941 0.649238 -0.090896 -0.755134] 
fr 142497
ts 35404.103836
6d 1 [12 1.000][-1506.578 -477.034 1035.262 174.0838 41.7843 133.8358][-0.516439 -0.765054 -0.384686 -0.537865 0.639363 -0.549469 0.666328 -0.076858 -0.741687] 
fr 142498
ts 35404.120498
6d 1 [12 1.000][-1523.743 -463.202 996.088 176.1363 43.7291 134.1654][-0.503470 -0.748154 -0.432185 -0.518355 0.661736 -0.541677 0.691250 -0.048692 -0.720973] 
fr 142499
ts 35404.137149
6d 1 [12 1.000][-1540.655 -448.531 955.715 179.1854 45.8481 133.9199][-0.483173 -0.727314 -0.487400 -0.501742 0.686234 -0.526629 0.717495 -0.009904 -0.696493] 
fr 142500
ts 35404.153810
6d 1 [12 1.000][-1557.197 -431.278 915.008 -177.0197 47.8842 133.6495][-0.462900 -0.695976 -0.548946 -0.485252 0.717218 -0.500128 0.741791 0.034868 -0.669724] 
fr 142501
ts 35404.170455
6d 1 [12 1.000][-1573.123 -411.021 874.591 -172.3945 49.7889 133.4896][-0.444321 -0.649556 -0.616973 -0.468387 0.755497 -0.458081 0.763671 0.085447 -0.639926] 
fr 142502
ts 35404.187116
6d 1 [12 1.000][-1589.372 -386.500 835.475 -167.4254 51.6687 134.0110][-0.430919 -0.583296 -0.688531 -0.446057 0.800958 -0.399374 0.784437 0.135026 -0.605331] 
fr 142503
ts 35404.203802
6d 1 [12 1.000][-1607.275 -358.115 800.229 -162.7857 53.4492 135.2707][-0.423091 -0.503331 -0.753426 -0.419112 0.845928 -0.329773 0.803330 0.176246 -0.568857] 
fr 142504
ts 35404.220469
6d 1 [12 1.000][-1627.839 -326.506 770.513 -159.2348 54.9991 137.7046][-0.424276 -0.414420 -0.805138 -0.385999 0.887074 -0.253188 0.819143 0.203360 -0.536329] 
fr 142505
ts 35404.237151
6d 1 [12 1.000][-1650.556 -292.200 747.350 -156.6759 56.1111 141.1073][-0.433980 -0.320743 -0.841894 -0.350087 0.921079 -0.170448 0.830121 0.220765 -0.512018] 
fr 142506
ts 35404.253812
6d 1 [12 1.000][-1675.077 -255.585 731.743 -155.6015 56.4534 146.0462][-0.458388 -0.223072 -0.860302 -0.308649 0.947697 -0.081278 0.833436 0.228275 -0.503264] 
fr 142507
ts 35404.270487
6d 1 [12 1.000][-1700.427 -217.713 723.410 -155.9741 56.0447 152.3105][-0.494580 -0.125377 -0.860041 -0.259545 0.965694 0.008477 0.829474 0.227412 -0.510154] 
fr 142508
ts 35404.287148
