fr 85603
ts 34456.004141
6d 1 [12 1.000][-1904.675 -76.691 715.534 -172.7671 1.1056 104.7263][-0.254155 -0.958837 -0.126634 -0.966971 0.254529 0.013492 0.019296 0.125880 -0.991858] 
fr 85604
ts 34456.020802
6d 1 [12 1.000][-1904.675 -76.691 715.534 -172.7671 1.1056 104.7263][-0.254155 -0.958837 -0.126634 -0.966971 0.254529 0.013492 0.019296 0.125880 -0.991858] 
fr 85605
ts 34456.037473
6d 1 [12 1.000][-1904.675 -76.691 715.534 -172.7671 1.1056 104.7263][-0.254155 -0.958837 -0.126634 -0.966971 0.254529 0.013492 0.019296 0.125880 -0.991858] 
fr 85606
ts 34456.054134
6d 1 [12 1.000][-1904.675 -76.691 715.534 -172.7671 1.1056 104.7263][-0.254155 -0.958837 -0.126634 -0.966971 0.254529 0.013492 0.019296 0.125880 -0.991858] 
fr 85607
ts 34456.070799
6d 1 [12 1.000][-1904.675 -76.691 715.534 -172.7671 1.1056 104.7263][-0.254155 -0.958837 -0.126634 -0.966971 0.254529 0.013492 0.019296 0.125880 -0.991858] 
fr 85608
ts 34456.087458
6d 1 [12 1.000][-1904.675 -76.691 715.534 -172.7671 1.1056 104.7263][-0.254155 -0.958837 -0.126634 -0.966971 0.254529 0.013492 0.019296 0.125880 -0.991858] 
fr 85609
ts 34456.104118
6d 1 [12 1.000][-1904.675 -76.691 715.534 -172.7671 1.1056 104.7263][-0.254155 -0.958837 -0.126634 -0.966971 0.254529 0.013492 0.019296 0.125880 -0.991858] 
fr 85610
ts 34456.120778
6d 1 [12 1.000][-1904.675 -76.691 715.534 -172.7671 1.1056 104.7263][-0.254155 -0.958837 -0.126634 -0.966971 0.254529 0.013492 0.019296 0.125880 -0.991858] 
fr 85611
ts 34456.137429
6d 1 [12 1.000][-1904.675 -76.691 715.534 -172.7671 1.1056 104.7263][-0.254155 -0.958837 -0.126634 -0.966971 0.254529 0.013492 0.019296 0.125880 -0.991858] 
fr 85612
ts 34456.154091
6d 1 [12 1.000][-1904.675 -76.691 715.534 -172.7671 1.1056 104.7263][-0.254155 -0.958837 -0.126634 -0.966971 0.254529 0.013492 0.019296 0.125880 -0.991858] 
fr 85613
ts 34456.170734
6d 1 [12 1.000][-1904.675 -76.691 715.534 -172.7671 1.1056 104.7263][-0.254155 -0.958837 -0.126634 -0.966971 0.254529 0.013492 0.019296 0.125880 -0.991858] 
fr 85614
ts 34456.187394
6d 1 [12 1.000][-1904.675 -76.691 715.534 -172.7671 1.1056 104.7263][-0.254155 -0.958837 -0.126634 -0.966971 0.254529 0.013492 0.019296 0.125880 -0.991858] 
fr 85615
ts 34456.204084
6d 1 [12 1.000][-1904.675 -76.691 715.534 -172.7671 1.1056 104.7263][-0.254155 -0.958837 -0.126634 -0.966971 0.254529 0.013492 0.019296 0.125880 -0.991858] 
fr 85616
ts 34456.220745
6d 1 [12 1.000][-1904.675 -76.691 715.534 -172.7671 1.1056 104.7263][-0.254155 -0.958837 -0.126634 -0.966971 0.254529 0.013492 0.019296 0.125880 -0.991858] 
fr 85617
ts 34456.237424
6d 1 [12 1.000][-1904.675 -76.691 715.534 -172.7671 1.1056 104.7263][-0.254155 -0.958837 -0.126634 -0.966971 0.254529 0.013492 0.019296 0.125880 -0.991858] 
fr 85618
ts 34456.254089
6d 1 [12 1.000][-1904.675 -76.691 715.534 -172.7671 1.1056 104.7263][-0.254155 -0.958837 -0.126634 -0.966971 0.254529 0.013492 0.019296 0.125880 -0.991858] 
fr 85619
ts 34456.270763
6d 1 [12 1.000][-1904.675 -76.691 715.534 -172.7671 1.1056 104.7263][-0.254155 -0.958837 -0.126634 -0.966971 0.254529 0.013492 0.019296 0.125880 -0.991858] 
fr 85620
ts 34456.287425
6d 1 [12 1.000][-1904.675 -76.691 715.534 -172.7671 1.1056 104.7263][-0.254155 -0.958837 -0.126634 -0.966971 0.254529 0.013492 0.019296 0.125880 -0.991858] 
fr 85621
ts 34456.304092
6d 1 [12 1.000][-1904.675 -76.691 715.534 -172.7671 1.1056 104.7263][-0.254155 -0.958837 -0.126634 -0.966971 0.254529 0.013492 0.019296 0.125880 -0.991858] 
fr 85622
ts 34456.320754
6d 1 [12 1.000][-1904.675 -76.691 715.534 -172.7671 1.1056 104.7263][-0.254155 -0.958837 -0.126634 -0.966971 0.254529 0.013492 0.019296 0.125880 -0.991858] 
fr 85623
ts 34456.337414
6d 1 [12 1.000][-1904.675 -76.691 715.534 -172.7671 1.1056 104.7263][-0.254155 -0.958837 -0.126634 -0.966971 0.254529 0.013492 0.019296 0.125880 -0.991858] 
fr 85624
ts 34456.354077
6d 1 [12 1.000][-1904.675 -76.691 715.534 -172.7671 1.1056 104.7263][-0.254155 -0.958837 -0.126634 -0.966971 0.254529 0.013492 0.019296 0.125880 -0.991858] 
fr 85625
ts 34456.370730
6d 1 [12 1.000][-1904.675 -76.691 715.534 -172.7671 1.1056 104.7263][-0.254155 -0.958837 -0.126634 -0.966971 0.254529 0.013492 0.019296 0.125880 -0.991858] 
fr 85626
ts 34456.387391
6d 1 [12 1.000][-1904.675 -76.691 715.534 -172.7671 1.1056 104.7263][-0.254155 -0.958837 -0.126634 -0.966971 0.254529 0.013492 0.019296 0.125880 -0.991858] 
fr 85627
ts 34456.404037
6d 1 [12 1.000][-1904.675 -76.691 715.534 -172.7671 1.1056 104.7263][-0.254155 -0.958837 -0.126634 -0.966971 0.254529 0.013492 0.019296 0.125880 -0.991858] 
fr 85628
ts 34456.420700
6d 1 [12 1.000][-1904.675 -76.691 715.534 -172.7671 1.1056 104.7263][-0.254155 -0.958837 -0.126634 -0.966971 0.254529 0.013492 0.019296 0.125880 -0.991858] 
fr 85629
ts 34456.437392
6d 1 [12 1.000][-1904.675 -76.691 715.534 -172.7671 1.1056 104.7263][-0.254155 -0.958837 -0.126634 -0.966971 0.254529 0.013492 0.019296 0.125880 -0.991858] 
fr 85630
ts 34456.454055
6d 1 [12 1.000][-1904.675 -76.691 715.534 -172.7671 1.1056 104.7263][-0.254155 -0.958837 -0.126634 -0.966971 0.254529 0.013492 0.019296 0.125880 -0.991858] 
fr 85631
ts 34456.470739
6d 1 [12 1.000][-1904.675 -76.691 715.534 -172.7671 1.1056 104.7263][-0.254155 -0.958837 -0.126634 -0.966971 0.254529 0.013492 0.019296 0.125880 -0.991858] 
fr 85632
ts 34456.487400
6d 1 [12 1.000][-1904.675 -76.691 715.534 -172.7671 1.1056 104.7263][-0.254155 -0.958837 -0.126634 -0.966971 0.254529 0.013492 0.019296 0.125880 -0.991858] 
fr 85633
ts 34456.504077
6d 1 [12 1.000][-1904.675 -76.691 715.534 -172.7671 1.1056 104.7263][-0.254155 -0.958837 -0.126634 -0.966971 0.254529 0.013492 0.019296 0.125880 -0.991858] 
fr 85634
ts 34456.520740
6d 1 [12 1.000][-1904.675 -76.691 715.534 -172.7671 1.1056 104.7263][-0.254155 -0.958837 -0.126634 -0.966971 0.254529 0.013492 0.019296 0.125880 -0.991858] 
fr 85635
ts 34456.537411
6d 1 [12 1.000][-1904.675 -76.691 715.534 -172.7671 1.1056 104.7263][-0.254155 -0.958837 -0.126634 -0.966971 0.254529 0.013492 0.019296 0.125880 -0.991858] 
fr 85636
ts 34456.554073
6d 1 [12 1.000][-1904.656 -76.726 715.549 -172.7682 1.1052 104.7258][-0.254146 -0.958842 -0.126613 -0.966973 0.254520 0.013493 0.019288 0.125861 -0.991860] 
fr 85637
ts 34456.570733
6d 1 [12 1.000][-1904.657 -76.716 715.552 -172.7757 1.1023 104.7217][-0.254078 -0.958879 -0.126476 -0.966992 0.254447 0.013500 0.019237 0.125731 -0.991878] 
fr 85638
ts 34456.587398
6d 1 [12 1.000][-1904.657 -76.716 715.552 -172.7757 1.1023 104.7217][-0.254078 -0.958879 -0.126476 -0.966992 0.254447 0.013500 0.019237 0.125731 -0.991878] 
fr 85639
ts 34456.604056
6d 1 [12 1.000][-1904.657 -76.716 715.552 -172.7757 1.1023 104.7217][-0.254078 -0.958879 -0.126476 -0.966992 0.254447 0.013500 0.019237 0.125731 -0.991878] 
fr 85640
ts 34456.620717
6d 1 [12 1.000][-1904.657 -76.716 715.552 -172.7757 1.1023 104.7217][-0.254078 -0.958879 -0.126476 -0.966992 0.254447 0.013500 0.019237 0.125731 -0.991878] 
fr 85641
ts 34456.637368
6d 1 [12 1.000][-1904.657 -76.716 715.552 -172.7757 1.1023 104.7217][-0.254078 -0.958879 -0.126476 -0.966992 0.254447 0.013500 0.019237 0.125731 -0.991878] 
fr 85642
ts 34456.654031
6d 1 [12 1.000][-1904.657 -76.716 715.552 -172.7757 1.1023 104.7217][-0.254078 -0.958879 -0.126476 -0.966992 0.254447 0.013500 0.019237 0.125731 -0.991878] 
fr 85643
ts 34456.670672
6d 1 [12 1.000][-1904.665 -76.712 715.537 -172.7752 1.1021 104.7222][-0.254086 -0.958875 -0.126483 -0.966990 0.254455 0.013505 0.019234 0.125739 -0.991877] 
fr 85644
ts 34456.687335
6d 1 [12 1.000][-1904.658 -76.726 715.531 -172.7717 1.1006 104.7264][-0.254156 -0.958850 -0.126534 -0.966973 0.254520 0.013556 0.019207 0.125800 -0.991870] 
fr 85645
ts 34456.704023
6d 1 [12 1.000][-1904.661 -76.691 715.526 -172.7717 1.1015 104.7261][-0.254151 -0.958851 -0.126538 -0.966974 0.254517 0.013540 0.019223 0.125800 -0.991869] 
fr 85646
ts 34456.720686
6d 1 [12 1.000][-1904.665 -76.716 715.526 -172.7708 1.1054 104.7248][-0.254130 -0.958852 -0.126571 -0.966978 0.254504 0.013475 0.019292 0.125816 -0.991866] 
fr 85647
ts 34456.737364
6d 1 [12 1.000][-1904.665 -76.716 715.526 -172.7708 1.1054 104.7248][-0.254130 -0.958852 -0.126571 -0.966978 0.254504 0.013475 0.019292 0.125816 -0.991866] 
fr 85648
ts 34456.754028
6d 1 [12 1.000][-1904.665 -76.716 715.526 -172.7708 1.1054 104.7248][-0.254130 -0.958852 -0.126571 -0.966978 0.254504 0.013475 0.019292 0.125816 -0.991866] 
fr 85649
ts 34456.770702
6d 1 [12 1.000][-1904.665 -76.716 715.526 -172.7708 1.1054 104.7248][-0.254130 -0.958852 -0.126571 -0.966978 0.254504 0.013475 0.019292 0.125816 -0.991866] 
fr 85650
ts 34456.787364
6d 1 [12 1.000][-1904.665 -76.716 715.526 -172.7708 1.1054 104.7248][-0.254130 -0.958852 -0.126571 -0.966978 0.254504 0.013475 0.019292 0.125816 -0.991866] 
fr 85651
ts 34456.804032
6d 1 [12 1.000][-1904.665 -76.716 715.526 -172.7708 1.1054 104.7248][-0.254130 -0.958852 -0.126571 -0.966978 0.254504 0.013475 0.019292 0.125816 -0.991866] 
fr 85652
ts 34456.820693
6d 1 [12 1.000][-1904.665 -76.716 715.526 -172.7708 1.1054 104.7248][-0.254130 -0.958852 -0.126571 -0.966978 0.254504 0.013475 0.019292 0.125816 -0.991866] 
fr 85653
ts 34456.837355
6d 1 [12 1.000][-1904.665 -76.716 715.526 -172.7708 1.1054 104.7248][-0.254130 -0.958852 -0.126571 -0.966978 0.254504 0.013475 0.019292 0.125816 -0.991866] 
fr 85654
ts 34456.854017
6d 1 [12 1.000][-1904.665 -76.716 715.526 -172.7708 1.1054 104.7248][-0.254130 -0.958852 -0.126571 -0.966978 0.254504 0.013475 0.019292 0.125816 -0.991866] 
fr 85655
ts 34456.870670
6d 1 [12 1.000][-1904.665 -76.716 715.526 -172.7708 1.1054 104.7248][-0.254130 -0.958852 -0.126571 -0.966978 0.254504 0.013475 0.019292 0.125816 -0.991866] 
fr 85656
ts 34456.887331
6d 1 [12 1.000][-1904.665 -76.716 715.526 -172.7708 1.1054 104.7248][-0.254130 -0.958852 -0.126571 -0.966978 0.254504 0.013475 0.019292 0.125816 -0.991866] 
fr 85657
ts 34456.903975
6d 1 [12 1.000][-1904.665 -76.716 715.526 -172.7708 1.1054 104.7248][-0.254130 -0.958852 -0.126571 -0.966978 0.254504 0.013475 0.019292 0.125816 -0.991866] 
fr 85658
ts 34456.920640
6d 1 [12 1.000][-1904.665 -76.716 715.526 -172.7708 1.1054 104.7248][-0.254130 -0.958852 -0.126571 -0.966978 0.254504 0.013475 0.019292 0.125816 -0.991866] 
fr 85659
ts 34456.937332
6d 1 [12 1.000][-1904.665 -76.716 715.526 -172.7708 1.1054 104.7248][-0.254130 -0.958852 -0.126571 -0.966978 0.254504 0.013475 0.019292 0.125816 -0.991866] 
fr 85660
ts 34456.953994
6d 1 [12 1.000][-1904.665 -76.716 715.526 -172.7708 1.1054 104.7248][-0.254130 -0.958852 -0.126571 -0.966978 0.254504 0.013475 0.019292 0.125816 -0.991866] 
fr 85661
ts 34456.970680
6d 1 [12 1.000][-1904.665 -76.716 715.526 -172.7708 1.1054 104.7248][-0.254130 -0.958852 -0.126571 -0.966978 0.254504 0.013475 0.019292 0.125816 -0.991866] 
fr 85662
ts 34456.987340
6d 1 [12 1.000][-1904.665 -76.716 715.526 -172.7708 1.1054 104.7248][-0.254130 -0.958852 -0.126571 -0.966978 0.254504 0.013475 0.019292 0.125816 -0.991866] 
fr 85663
ts 34457.004020
6d 1 [12 1.000][-1904.665 -76.716 715.526 -172.7708 1.1054 104.7248][-0.254130 -0.958852 -0.126571 -0.966978 0.254504 0.013475 0.019292 0.125816 -0.991866] 
fr 85664
ts 34457.020682
6d 1 [12 1.000][-1904.665 -76.716 715.526 -172.7708 1.1054 104.7248][-0.254130 -0.958852 -0.126571 -0.966978 0.254504 0.013475 0.019292 0.125816 -0.991866] 
fr 85665
ts 34457.037352
6d 1 [12 1.000][-1904.665 -76.716 715.526 -172.7708 1.1054 104.7248][-0.254130 -0.958852 -0.126571 -0.966978 0.254504 0.013475 0.019292 0.125816 -0.991866] 
fr 85666
ts 34457.054014
6d 1 [12 1.000][-1904.665 -76.716 715.526 -172.7708 1.1054 104.7248][-0.254130 -0.958852 -0.126571 -0.966978 0.254504 0.013475 0.019292 0.125816 -0.991866] 
fr 85667
ts 34457.070678
6d 1 [12 1.000][-1904.665 -76.716 715.526 -172.7708 1.1054 104.7248][-0.254130 -0.958852 -0.126571 -0.966978 0.254504 0.013475 0.019292 0.125816 -0.991866] 
fr 85668
ts 34457.087339
6d 1 [12 1.000][-1904.665 -76.716 715.526 -172.7708 1.1054 104.7248][-0.254130 -0.958852 -0.126571 -0.966978 0.254504 0.013475 0.019292 0.125816 -0.991866] 
fr 85669
ts 34457.103998
6d 1 [12 1.000][-1904.665 -76.716 715.526 -172.7708 1.1054 104.7248][-0.254130 -0.958852 -0.126571 -0.966978 0.254504 0.013475 0.019292 0.125816 -0.991866] 
fr 85670
ts 34457.120660
6d 1 [12 1.000][-1904.665 -76.716 715.526 -172.7708 1.1054 104.7248][-0.254130 -0.958852 -0.126571 -0.966978 0.254504 0.013475 0.019292 0.125816 -0.991866] 
fr 85671
ts 34457.137310
6d 1 [12 1.000][-1904.665 -76.716 715.526 -172.7708 1.1054 104.7248][-0.254130 -0.958852 -0.126571 -0.966978 0.254504 0.013475 0.019292 0.125816 -0.991866] 
fr 85672
ts 34457.153970
6d 1 [12 1.000][-1904.665 -76.716 715.526 -172.7708 1.1054 104.7248][-0.254130 -0.958852 -0.126571 -0.966978 0.254504 0.013475 0.019292 0.125816 -0.991866] 
fr 85673
ts 34457.170615
6d 1 [12 1.000][-1904.665 -76.716 715.526 -172.7708 1.1054 104.7248][-0.254130 -0.958852 -0.126571 -0.966978 0.254504 0.013475 0.019292 0.125816 -0.991866] 
fr 85674
ts 34457.187276
6d 1 [12 1.000][-1904.665 -76.716 715.526 -172.7708 1.1054 104.7248][-0.254130 -0.958852 -0.126571 -0.966978 0.254504 0.013475 0.019292 0.125816 -0.991866] 
fr 85675
ts 34457.203964
6d 1 [12 1.000][-1904.665 -76.716 715.526 -172.7708 1.1054 104.7248][-0.254130 -0.958852 -0.126571 -0.966978 0.254504 0.013475 0.019292 0.125816 -0.991866] 
fr 85676
ts 34457.220627
6d 1 [12 1.000][-1904.665 -76.716 715.526 -172.7708 1.1054 104.7248][-0.254130 -0.958852 -0.126571 -0.966978 0.254504 0.013475 0.019292 0.125816 -0.991866] 
fr 85677
ts 34457.237309
6d 1 [12 1.000][-1904.665 -76.716 715.526 -172.7708 1.1054 104.7248][-0.254130 -0.958852 -0.126571 -0.966978 0.254504 0.013475 0.019292 0.125816 -0.991866] 
fr 85678
ts 34457.253971
6d 1 [12 1.000][-1904.665 -76.716 715.526 -172.7708 1.1054 104.7248][-0.254130 -0.958852 -0.126571 -0.966978 0.254504 0.013475 0.019292 0.125816 -0.991866] 
fr 85679
ts 34457.270645
6d 1 [12 1.000][-1904.665 -76.716 715.526 -172.7708 1.1054 104.7248][-0.254130 -0.958852 -0.126571 -0.966978 0.254504 0.013475 0.019292 0.125816 -0.991866] 
fr 85680
ts 34457.287307
6d 1 [12 1.000][-1904.665 -76.716 715.526 -172.7708 1.1054 104.7248][-0.254130 -0.958852 -0.126571 -0.966978 0.254504 0.013475 0.019292 0.125816 -0.991866] 
fr 85681
ts 34457.303975
6d 1 [12 1.000][-1904.665 -76.716 715.526 -172.7708 1.1054 104.7248][-0.254130 -0.958852 -0.126571 -0.966978 0.254504 0.013475 0.019292 0.125816 -0.991866] 
fr 85682
ts 34457.320636
6d 1 [12 1.000][-1904.665 -76.716 715.526 -172.7708 1.1054 104.7248][-0.254130 -0.958852 -0.126571 -0.966978 0.254504 0.013475 0.019292 0.125816 -0.991866] 
fr 85683
ts 34457.337298
6d 1 [12 1.000][-1904.665 -76.716 715.526 -172.7708 1.1054 104.7248][-0.254130 -0.958852 -0.126571 -0.966978 0.254504 0.013475 0.019292 0.125816 -0.991866] 
fr 85684
ts 34457.353959
6d 1 [12 1.000][-1904.665 -76.716 715.526 -172.7708 1.1054 104.7248][-0.254130 -0.958852 -0.126571 -0.966978 0.254504 0.013475 0.019292 0.125816 -0.991866] 
fr 85685
ts 34457.370613
6d 1 [12 1.000][-1904.665 -76.716 715.526 -172.7708 1.1054 104.7248][-0.254130 -0.958852 -0.126571 -0.966978 0.254504 0.013475 0.019292 0.125816 -0.991866] 
fr 85686
ts 34457.387275
6d 1 [12 1.000][-1904.665 -76.716 715.526 -172.7708 1.1054 104.7248][-0.254130 -0.958852 -0.126571 -0.966978 0.254504 0.013475 0.019292 0.125816 -0.991866] 
fr 85687
ts 34457.403922
6d 1 [12 1.000][-1904.665 -76.716 715.526 -172.7708 1.1054 104.7248][-0.254130 -0.958852 -0.126571 -0.966978 0.254504 0.013475 0.019292 0.125816 -0.991866] 
fr 85688
ts 34457.420583
6d 1 [12 1.000][-1904.665 -76.716 715.526 -172.7708 1.1054 104.7248][-0.254130 -0.958852 -0.126571 -0.966978 0.254504 0.013475 0.019292 0.125816 -0.991866] 
fr 85689
ts 34457.437276
6d 1 [12 1.000][-1904.648 -76.750 715.518 -172.7703 1.1044 104.7248][-0.254129 -0.958852 -0.126575 -0.966978 0.254501 0.013495 0.019274 0.125825 -0.991865] 
fr 85690
ts 34457.453940
6d 1 [12 1.000][-1904.649 -76.746 715.528 -172.7659 1.0938 104.7218][-0.254080 -0.958861 -0.126603 -0.966995 0.254428 0.013686 0.019089 0.125901 -0.991859] 
fr 85691
ts 34457.470622
6d 1 [12 1.000][-1904.649 -76.746 715.528 -172.7659 1.0938 104.7218][-0.254080 -0.958861 -0.126603 -0.966995 0.254428 0.013686 0.019089 0.125901 -0.991859] 
fr 85692
ts 34457.487285
6d 1 [12 1.000][-1904.649 -76.746 715.528 -172.7659 1.0938 104.7218][-0.254080 -0.958861 -0.126603 -0.966995 0.254428 0.013686 0.019089 0.125901 -0.991859] 
fr 85693
ts 34457.503963
6d 1 [12 1.000][-1904.649 -76.746 715.528 -172.7659 1.0938 104.7218][-0.254080 -0.958861 -0.126603 -0.966995 0.254428 0.013686 0.019089 0.125901 -0.991859] 
fr 85694
ts 34457.520624
6d 1 [12 1.000][-1904.649 -76.746 715.528 -172.7659 1.0938 104.7218][-0.254080 -0.958861 -0.126603 -0.966995 0.254428 0.013686 0.019089 0.125901 -0.991859] 
fr 85695
ts 34457.537297
6d 1 [12 1.000][-1904.649 -76.746 715.528 -172.7659 1.0938 104.7218][-0.254080 -0.958861 -0.126603 -0.966995 0.254428 0.013686 0.019089 0.125901 -0.991859] 
fr 85696
ts 34457.553959
6d 1 [12 1.000][-1904.649 -76.746 715.528 -172.7659 1.0938 104.7218][-0.254080 -0.958861 -0.126603 -0.966995 0.254428 0.013686 0.019089 0.125901 -0.991859] 
fr 85697
ts 34457.570623
6d 1 [12 1.000][-1904.649 -76.746 715.528 -172.7659 1.0938 104.7218][-0.254080 -0.958861 -0.126603 -0.966995 0.254428 0.013686 0.019089 0.125901 -0.991859] 
fr 85698
ts 34457.587284
6d 1 [12 1.000][-1904.653 -76.779 715.534 -172.7667 1.0933 104.7227][-0.254094 -0.958860 -0.126587 -0.966991 0.254442 0.013691 0.019081 0.125888 -0.991861] 
fr 85699
ts 34457.603942
6d 1 [12 1.000][-1904.648 -76.785 715.543 -172.7680 1.0934 104.7230][-0.254101 -0.958861 -0.126565 -0.966989 0.254448 0.013686 0.019082 0.125865 -0.991864] 
fr 85700
ts 34457.620604
6d 1 [12 1.000][-1904.645 -76.771 715.540 -172.7688 1.0939 104.7236][-0.254109 -0.958860 -0.126554 -0.966987 0.254459 0.013673 0.019092 0.125850 -0.991866] 
fr 85701
ts 34457.637254
6d 1 [12 1.000][-1904.642 -76.765 715.537 -172.7742 1.0932 104.7286][-0.254194 -0.958850 -0.126459 -0.966965 0.254542 0.013673 0.019079 0.125757 -0.991878] 
fr 85702
ts 34457.653916
6d 1 [12 1.000][-1904.642 -76.765 715.537 -172.7742 1.0932 104.7286][-0.254194 -0.958850 -0.126459 -0.966965 0.254542 0.013673 0.019079 0.125757 -0.991878] 
fr 85703
ts 34457.670561
6d 1 [12 1.000][-1904.642 -76.765 715.537 -172.7742 1.0932 104.7286][-0.254194 -0.958850 -0.126459 -0.966965 0.254542 0.013673 0.019079 0.125757 -0.991878] 
fr 85704
ts 34457.687221
6d 1 [12 1.000][-1904.642 -76.765 715.537 -172.7742 1.0932 104.7286][-0.254194 -0.958850 -0.126459 -0.966965 0.254542 0.013673 0.019079 0.125757 -0.991878] 
fr 85705
ts 34457.703911
6d 1 [12 1.000][-1904.642 -76.765 715.537 -172.7742 1.0932 104.7286][-0.254194 -0.958850 -0.126459 -0.966965 0.254542 0.013673 0.019079 0.125757 -0.991878] 
fr 85706
ts 34457.720574
6d 1 [12 1.000][-1904.642 -76.765 715.537 -172.7742 1.0932 104.7286][-0.254194 -0.958850 -0.126459 -0.966965 0.254542 0.013673 0.019079 0.125757 -0.991878] 
fr 85707
ts 34457.737251
6d 1 [12 1.000][-1904.642 -76.765 715.537 -172.7742 1.0932 104.7286][-0.254194 -0.958850 -0.126459 -0.966965 0.254542 0.013673 0.019079 0.125757 -0.991878] 
fr 85708
ts 34457.753916
6d 1 [12 1.000][-1904.655 -76.715 715.524 -172.7736 1.0935 104.7286][-0.254195 -0.958848 -0.126469 -0.966965 0.254544 0.013671 0.019084 0.125767 -0.991876] 
fr 85709
ts 34457.770587
6d 1 [12 1.000][-1904.658 -76.720 715.522 -172.7730 1.0935 104.7290][-0.254202 -0.958845 -0.126480 -0.966963 0.254550 0.013674 0.019084 0.125777 -0.991875] 
fr 85710
ts 34457.787251
6d 1 [12 1.000][-1904.659 -76.715 715.519 -172.7723 1.0933 104.7291][-0.254203 -0.958843 -0.126492 -0.966963 0.254551 0.013681 0.019081 0.125791 -0.991873] 
fr 85711
ts 34457.803921
6d 1 [12 1.000][-1904.658 -76.714 715.484 -172.7698 1.0955 104.7286][-0.254194 -0.958839 -0.126543 -0.966964 0.254546 0.013653 0.019120 0.125833 -0.991867] 
fr 85712
ts 34457.820582
6d 1 [12 1.000][-1904.657 -76.732 715.502 -172.7656 1.0954 104.7294][-0.254208 -0.958826 -0.126612 -0.966961 0.254559 0.013676 0.019117 0.125906 -0.991858] 
fr 85713
ts 34457.837244
6d 1 [12 1.000][-1904.657 -76.732 715.502 -172.7656 1.0954 104.7294][-0.254208 -0.958826 -0.126612 -0.966961 0.254559 0.013676 0.019117 0.125906 -0.991858] 
fr 85714
ts 34457.853905
6d 1 [12 1.000][-1904.657 -76.732 715.502 -172.7656 1.0954 104.7294][-0.254208 -0.958826 -0.126612 -0.966961 0.254559 0.013676 0.019117 0.125906 -0.991858] 
fr 85715
ts 34457.870559
6d 1 [12 1.000][-1904.657 -76.732 715.502 -172.7656 1.0954 104.7294][-0.254208 -0.958826 -0.126612 -0.966961 0.254559 0.013676 0.019117 0.125906 -0.991858] 
fr 85716
ts 34457.887221
6d 1 [12 1.000][-1904.657 -76.732 715.502 -172.7656 1.0954 104.7294][-0.254208 -0.958826 -0.126612 -0.966961 0.254559 0.013676 0.019117 0.125906 -0.991858] 
fr 85717
ts 34457.903869
6d 1 [12 1.000][-1904.657 -76.732 715.502 -172.7656 1.0954 104.7294][-0.254208 -0.958826 -0.126612 -0.966961 0.254559 0.013676 0.019117 0.125906 -0.991858] 
fr 85718
ts 34457.920530
6d 1 [12 1.000][-1904.657 -76.732 715.502 -172.7656 1.0954 104.7294][-0.254208 -0.958826 -0.126612 -0.966961 0.254559 0.013676 0.019117 0.125906 -0.991858] 
fr 85719
ts 34457.937223
6d 1 [12 1.000][-1904.657 -76.732 715.502 -172.7656 1.0954 104.7294][-0.254208 -0.958826 -0.126612 -0.966961 0.254559 0.013676 0.019117 0.125906 -0.991858] 
fr 85720
ts 34457.953883
6d 1 [12 1.000][-1904.657 -76.732 715.502 -172.7656 1.0954 104.7294][-0.254208 -0.958826 -0.126612 -0.966961 0.254559 0.013676 0.019117 0.125906 -0.991858] 
fr 85721
ts 34457.970570
6d 1 [12 1.000][-1904.662 -76.677 715.523 -172.7661 1.0965 104.7295][-0.254209 -0.958826 -0.126609 -0.966960 0.254562 0.013655 0.019137 0.125897 -0.991859] 
fr 85722
ts 34457.987232
6d 1 [12 1.000][-1904.662 -76.708 715.527 -172.7656 1.1063 104.7310][-0.254234 -0.958813 -0.126660 -0.966950 0.254609 0.013497 0.019307 0.125905 -0.991854] 
fr 85723
ts 34458.003909
6d 1 [12 1.000][-1904.657 -76.722 715.545 -172.7663 1.1057 104.7307][-0.254229 -0.958816 -0.126645 -0.966951 0.254603 0.013504 0.019296 0.125893 -0.991856] 
fr 85724
ts 34458.020572
6d 1 [12 1.000][-1904.658 -76.722 715.546 -172.7671 1.1056 104.7300][-0.254217 -0.958821 -0.126631 -0.966955 0.254591 0.013500 0.019295 0.125879 -0.991858] 
fr 85725
ts 34458.037239
6d 1 [12 1.000][-1904.660 -76.723 715.546 -172.7686 1.1061 104.7296][-0.254211 -0.958826 -0.126609 -0.966956 0.254586 0.013484 0.019304 0.125853 -0.991861] 
fr 85726
ts 34458.053904
6d 1 [12 1.000][-1904.661 -76.701 715.519 -172.7734 1.1041 104.7275][-0.254175 -0.958847 -0.126521 -0.966966 0.254547 0.013492 0.019269 0.125771 -0.991872] 
fr 85727
ts 34458.070566
6d 1 [12 1.000][-1904.661 -76.701 715.519 -172.7734 1.1041 104.7275][-0.254175 -0.958847 -0.126521 -0.966966 0.254547 0.013492 0.019269 0.125771 -0.991872] 
fr 85728
ts 34458.087231
6d 1 [12 1.000][-1904.661 -76.701 715.519 -172.7734 1.1041 104.7275][-0.254175 -0.958847 -0.126521 -0.966966 0.254547 0.013492 0.019269 0.125771 -0.991872] 
fr 85729
ts 34458.103886
6d 1 [12 1.000][-1904.661 -76.701 715.519 -172.7734 1.1041 104.7275][-0.254175 -0.958847 -0.126521 -0.966966 0.254547 0.013492 0.019269 0.125771 -0.991872] 
fr 85730
ts 34458.120551
6d 1 [12 1.000][-1904.661 -76.701 715.519 -172.7734 1.1041 104.7275][-0.254175 -0.958847 -0.126521 -0.966966 0.254547 0.013492 0.019269 0.125771 -0.991872] 
fr 85731
ts 34458.137202
6d 1 [12 1.000][-1904.661 -76.701 715.519 -172.7734 1.1041 104.7275][-0.254175 -0.958847 -0.126521 -0.966966 0.254547 0.013492 0.019269 0.125771 -0.991872] 
fr 85732
ts 34458.153863
6d 1 [12 1.000][-1904.661 -76.701 715.519 -172.7734 1.1041 104.7275][-0.254175 -0.958847 -0.126521 -0.966966 0.254547 0.013492 0.019269 0.125771 -0.991872] 
fr 85733
ts 34458.170508
6d 1 [12 1.000][-1904.661 -76.701 715.519 -172.7734 1.1041 104.7275][-0.254175 -0.958847 -0.126521 -0.966966 0.254547 0.013492 0.019269 0.125771 -0.991872] 
fr 85734
ts 34458.187170
6d 1 [12 1.000][-1904.661 -76.701 715.519 -172.7734 1.1041 104.7275][-0.254175 -0.958847 -0.126521 -0.966966 0.254547 0.013492 0.019269 0.125771 -0.991872] 
fr 85735
ts 34458.203859
6d 1 [12 1.000][-1904.661 -76.701 715.519 -172.7734 1.1041 104.7275][-0.254175 -0.958847 -0.126521 -0.966966 0.254547 0.013492 0.019269 0.125771 -0.991872] 
fr 85736
ts 34458.220520
6d 1 [12 1.000][-1904.661 -76.701 715.519 -172.7734 1.1041 104.7275][-0.254175 -0.958847 -0.126521 -0.966966 0.254547 0.013492 0.019269 0.125771 -0.991872] 
fr 85737
ts 34458.237202
6d 1 [12 1.000][-1904.661 -76.701 715.519 -172.7734 1.1041 104.7275][-0.254175 -0.958847 -0.126521 -0.966966 0.254547 0.013492 0.019269 0.125771 -0.991872] 
fr 85738
ts 34458.253865
6d 1 [12 1.000][-1904.661 -76.701 715.519 -172.7734 1.1041 104.7275][-0.254175 -0.958847 -0.126521 -0.966966 0.254547 0.013492 0.019269 0.125771 -0.991872] 
fr 85739
ts 34458.270539
6d 1 [12 1.000][-1904.661 -76.701 715.519 -172.7734 1.1041 104.7275][-0.254175 -0.958847 -0.126521 -0.966966 0.254547 0.013492 0.019269 0.125771 -0.991872] 
fr 85740
ts 34458.287201
6d 1 [12 1.000][-1904.661 -76.701 715.519 -172.7734 1.1041 104.7275][-0.254175 -0.958847 -0.126521 -0.966966 0.254547 0.013492 0.019269 0.125771 -0.991872] 
fr 85741
ts 34458.303869
6d 1 [12 1.000][-1904.661 -76.701 715.519 -172.7734 1.1041 104.7275][-0.254175 -0.958847 -0.126521 -0.966966 0.254547 0.013492 0.019269 0.125771 -0.991872] 
fr 85742
ts 34458.320531
6d 1 [12 1.000][-1904.661 -76.701 715.519 -172.7734 1.1041 104.7275][-0.254175 -0.958847 -0.126521 -0.966966 0.254547 0.013492 0.019269 0.125771 -0.991872] 
fr 85743
ts 34458.337192
6d 1 [12 1.000][-1904.661 -76.701 715.519 -172.7734 1.1041 104.7275][-0.254175 -0.958847 -0.126521 -0.966966 0.254547 0.013492 0.019269 0.125771 -0.991872] 
fr 85744
ts 34458.353854
6d 1 [12 1.000][-1904.661 -76.701 715.519 -172.7734 1.1041 104.7275][-0.254175 -0.958847 -0.126521 -0.966966 0.254547 0.013492 0.019269 0.125771 -0.991872] 
fr 85745
ts 34458.370508
6d 1 [12 1.000][-1904.622 -76.754 715.536 -172.7727 1.1014 104.7270][-0.254166 -0.958849 -0.126521 -0.966970 0.254532 0.013539 0.019222 0.125783 -0.991871] 
fr 85746
ts 34458.387170
6d 1 [12 1.000][-1904.632 -76.752 715.543 -172.7671 1.0786 104.7221][-0.254086 -0.958871 -0.126516 -0.966998 0.254401 0.013934 0.018824 0.125881 -0.991867] 
fr 85747
ts 34458.403817
6d 1 [12 1.000][-1904.632 -76.752 715.543 -172.7671 1.0786 104.7221][-0.254086 -0.958871 -0.126516 -0.966998 0.254401 0.013934 0.018824 0.125881 -0.991867] 
fr 85748
ts 34458.420479
6d 1 [12 1.000][-1904.632 -76.752 715.543 -172.7671 1.0786 104.7221][-0.254086 -0.958871 -0.126516 -0.966998 0.254401 0.013934 0.018824 0.125881 -0.991867] 
fr 85749
ts 34458.437172
6d 1 [12 1.000][-1904.632 -76.752 715.543 -172.7671 1.0786 104.7221][-0.254086 -0.958871 -0.126516 -0.966998 0.254401 0.013934 0.018824 0.125881 -0.991867] 
fr 85750
ts 34458.453834
6d 1 [12 1.000][-1904.632 -76.752 715.543 -172.7671 1.0786 104.7221][-0.254086 -0.958871 -0.126516 -0.966998 0.254401 0.013934 0.018824 0.125881 -0.991867] 
fr 85751
ts 34458.470519
6d 1 [12 1.000][-1904.632 -76.752 715.543 -172.7671 1.0786 104.7221][-0.254086 -0.958871 -0.126516 -0.966998 0.254401 0.013934 0.018824 0.125881 -0.991867] 
fr 85752
ts 34458.487181
6d 1 [12 1.000][-1904.632 -76.752 715.543 -172.7671 1.0786 104.7221][-0.254086 -0.958871 -0.126516 -0.966998 0.254401 0.013934 0.018824 0.125881 -0.991867] 
fr 85753
ts 34458.503859
6d 1 [12 1.000][-1904.632 -76.752 715.543 -172.7671 1.0786 104.7221][-0.254086 -0.958871 -0.126516 -0.966998 0.254401 0.013934 0.018824 0.125881 -0.991867] 
fr 85754
ts 34458.520521
6d 1 [12 1.000][-1904.632 -76.752 715.543 -172.7671 1.0786 104.7221][-0.254086 -0.958871 -0.126516 -0.966998 0.254401 0.013934 0.018824 0.125881 -0.991867] 
fr 85755
ts 34458.537193
6d 1 [12 1.000][-1904.632 -76.752 715.543 -172.7671 1.0786 104.7221][-0.254086 -0.958871 -0.126516 -0.966998 0.254401 0.013934 0.018824 0.125881 -0.991867] 
fr 85756
ts 34458.553855
6d 1 [12 1.000][-1904.632 -76.752 715.543 -172.7671 1.0786 104.7221][-0.254086 -0.958871 -0.126516 -0.966998 0.254401 0.013934 0.018824 0.125881 -0.991867] 
fr 85757
ts 34458.570519
6d 1 [12 1.000][-1904.632 -76.752 715.543 -172.7671 1.0786 104.7221][-0.254086 -0.958871 -0.126516 -0.966998 0.254401 0.013934 0.018824 0.125881 -0.991867] 
