fr 573002
ts 49546.819345
6d 1 [12 1.000][-140.859 17.070 -0.399 -172.8086 6.4360 -175.1983][-0.990210 0.097033 -0.100341 0.083180 0.987477 0.134055 0.112092 0.124396 -0.985881] 
fr 573003
ts 49546.836007
6d 1 [12 1.000][-140.859 17.070 -0.399 -172.8086 6.4360 -175.1983][-0.990210 0.097033 -0.100341 0.083180 0.987477 0.134055 0.112092 0.124396 -0.985881] 
fr 573004
ts 49546.852672
6d 1 [12 1.000][-140.859 17.070 -0.399 -172.8086 6.4360 -175.1983][-0.990210 0.097033 -0.100341 0.083180 0.987477 0.134055 0.112092 0.124396 -0.985881] 
fr 573005
ts 49546.869330
6d 1 [12 1.000][-140.859 17.070 -0.399 -172.8086 6.4360 -175.1983][-0.990210 0.097033 -0.100341 0.083180 0.987477 0.134055 0.112092 0.124396 -0.985881] 
fr 573006
ts 49546.885991
6d 1 [12 1.000][-140.859 17.070 -0.399 -172.8086 6.4360 -175.1983][-0.990210 0.097033 -0.100341 0.083180 0.987477 0.134055 0.112092 0.124396 -0.985881] 
fr 573007
ts 49546.902643
6d 1 [12 1.000][-140.859 17.070 -0.399 -172.8086 6.4360 -175.1983][-0.990210 0.097033 -0.100341 0.083180 0.987477 0.134055 0.112092 0.124396 -0.985881] 
fr 573008
ts 49546.919305
6d 1 [12 1.000][-140.859 17.070 -0.399 -172.8086 6.4360 -175.1983][-0.990210 0.097033 -0.100341 0.083180 0.987477 0.134055 0.112092 0.124396 -0.985881] 
fr 573009
ts 49546.935949
6d 1 [12 1.000][-140.859 17.070 -0.399 -172.8086 6.4360 -175.1983][-0.990210 0.097033 -0.100341 0.083180 0.987477 0.134055 0.112092 0.124396 -0.985881] 
fr 573010
ts 49546.952612
6d 1 [12 1.000][-140.859 17.070 -0.399 -172.8086 6.4360 -175.1983][-0.990210 0.097033 -0.100341 0.083180 0.987477 0.134055 0.112092 0.124396 -0.985881] 
fr 573011
ts 49546.969301
6d 1 [12 1.000][-140.859 17.070 -0.399 -172.8086 6.4360 -175.1983][-0.990210 0.097033 -0.100341 0.083180 0.987477 0.134055 0.112092 0.124396 -0.985881] 
fr 573012
ts 49546.985962
6d 1 [12 1.000][-140.859 17.070 -0.399 -172.8086 6.4360 -175.1983][-0.990210 0.097033 -0.100341 0.083180 0.987477 0.134055 0.112092 0.124396 -0.985881] 
fr 573013
ts 49547.002646
6d 1 [12 1.000][-140.859 17.070 -0.399 -172.8086 6.4360 -175.1983][-0.990210 0.097033 -0.100341 0.083180 0.987477 0.134055 0.112092 0.124396 -0.985881] 
fr 573014
ts 49547.019310
6d 1 [12 1.000][-140.859 17.070 -0.399 -172.8086 6.4360 -175.1983][-0.990210 0.097033 -0.100341 0.083180 0.987477 0.134055 0.112092 0.124396 -0.985881] 
fr 573015
ts 49547.035980
6d 1 [12 1.000][-140.859 17.070 -0.399 -172.8086 6.4360 -175.1983][-0.990210 0.097033 -0.100341 0.083180 0.987477 0.134055 0.112092 0.124396 -0.985881] 
fr 573016
ts 49547.052646
6d 1 [12 1.000][-140.859 17.070 -0.399 -172.8086 6.4360 -175.1983][-0.990210 0.097033 -0.100341 0.083180 0.987477 0.134055 0.112092 0.124396 -0.985881] 
fr 573017
ts 49547.069314
6d 1 [12 1.000][-140.759 17.075 -0.270 -172.8084 6.4344 -175.1984][-0.990213 0.097027 -0.100315 0.083178 0.987477 0.134056 0.112066 0.124400 -0.985883] 
fr 573018
ts 49547.085975
6d 1 [12 1.000][-140.760 17.100 -0.305 -172.8082 6.4314 -175.1987][-0.990220 0.097016 -0.100263 0.083174 0.987477 0.134053 0.112013 0.124403 -0.985889] 
fr 573019
ts 49547.102633
6d 1 [12 1.000][-140.780 17.084 -0.308 -172.8091 6.4282 -175.1995][-0.990227 0.096994 -0.100212 0.083161 0.987481 0.134033 0.111958 0.124389 -0.985897] 
fr 573020
ts 49547.119299
6d 1 [12 1.000][-140.809 17.081 -0.322 -172.8103 6.4260 -175.1992][-0.990231 0.096991 -0.100176 0.083166 0.987484 0.134009 0.111920 0.124369 -0.985904] 
fr 573021
ts 49547.135950
6d 1 [12 1.000][-140.870 17.007 -0.397 -172.8110 6.4253 -175.2005][-0.990234 0.096967 -0.100168 0.083144 0.987488 0.133993 0.111907 0.124357 -0.985907] 
fr 573022
ts 49547.152615
6d 1 [12 1.000][-140.820 17.068 -0.389 -172.8159 6.4241 -175.1991][-0.990235 0.096980 -0.100152 0.083168 0.987498 0.133909 0.111887 0.124272 -0.985920] 
fr 573023
ts 49547.169264
6d 1 [12 1.000][-140.836 17.074 -0.389 -172.8163 6.4241 -175.1994][-0.990235 0.096974 -0.100155 0.083162 0.987499 0.133902 0.111888 0.124265 -0.985921] 
fr 573024
ts 49547.185927
6d 1 [12 1.000][-140.815 17.087 -0.373 -172.8203 6.4219 -175.1981][-0.990237 0.096984 -0.100119 0.083185 0.987507 0.133832 0.111848 0.124197 -0.985934] 
fr 573025
ts 49547.202567
6d 1 [12 1.000][-140.815 17.086 -0.366 -172.8151 6.4204 -175.1948][-0.990236 0.097047 -0.100077 0.083243 0.987489 0.133927 0.111822 0.124288 -0.985925] 
fr 573026
ts 49547.219228
6d 1 [12 1.000][-140.816 17.112 -0.358 -172.8199 6.4195 -175.1926][-0.990234 0.097075 -0.100066 0.083281 0.987497 0.133846 0.111808 0.124206 -0.985937] 
fr 573027
ts 49547.235915
6d 1 [12 1.000][-140.824 17.100 -0.363 -172.8176 6.4196 -175.1951][-0.990237 0.097037 -0.100069 0.083239 0.987495 0.133881 0.111809 0.124245 -0.985932] 
fr 573028
ts 49547.252576
6d 1 [12 1.000][-140.824 17.100 -0.363 -172.8176 6.4196 -175.1951][-0.990237 0.097037 -0.100069 0.083239 0.987495 0.133881 0.111809 0.124245 -0.985932] 
fr 573029
ts 49547.269254
6d 1 [12 1.000][-140.824 17.100 -0.363 -172.8176 6.4196 -175.1951][-0.990237 0.097037 -0.100069 0.083239 0.987495 0.133881 0.111809 0.124245 -0.985932] 
fr 573030
ts 49547.285917
6d 1 [12 1.000][-140.824 17.100 -0.363 -172.8176 6.4196 -175.1951][-0.990237 0.097037 -0.100069 0.083239 0.987495 0.133881 0.111809 0.124245 -0.985932] 
fr 573031
ts 49547.302590
6d 1 [12 1.000][-140.837 17.051 -0.366 -172.8155 6.4201 -175.1952][-0.990237 0.097039 -0.100074 0.083237 0.987491 0.133918 0.111817 0.124281 -0.985927] 
fr 573032
ts 49547.319252
6d 1 [12 1.000][-140.838 17.052 -0.358 -172.8144 6.4202 -175.1956][-0.990237 0.097034 -0.100075 0.083229 0.987489 0.133936 0.111819 0.124299 -0.985924] 
fr 573033
ts 49547.335917
6d 1 [12 1.000][-140.846 17.062 -0.363 -172.7977 6.4245 -175.1954][-0.990228 0.097077 -0.100120 0.083233 0.987448 0.134231 0.111894 0.124586 -0.985879] 
fr 573034
ts 49547.352579
6d 1 [12 1.000][-140.846 17.062 -0.363 -172.7977 6.4245 -175.1954][-0.990228 0.097077 -0.100120 0.083233 0.987448 0.134231 0.111894 0.124586 -0.985879] 
fr 573035
ts 49547.369237
6d 1 [12 1.000][-140.846 17.062 -0.363 -172.7977 6.4245 -175.1954][-0.990228 0.097077 -0.100120 0.083233 0.987448 0.134231 0.111894 0.124586 -0.985879] 
fr 573036
ts 49547.385900
6d 1 [12 1.000][-140.846 17.062 -0.363 -172.7977 6.4245 -175.1954][-0.990228 0.097077 -0.100120 0.083233 0.987448 0.134231 0.111894 0.124586 -0.985879] 
fr 573037
ts 49547.402551
6d 1 [12 1.000][-140.846 17.062 -0.363 -172.7977 6.4245 -175.1954][-0.990228 0.097077 -0.100120 0.083233 0.987448 0.134231 0.111894 0.124586 -0.985879] 
fr 573038
ts 49547.419213
6d 1 [12 1.000][-140.846 17.062 -0.363 -172.7977 6.4245 -175.1954][-0.990228 0.097077 -0.100120 0.083233 0.987448 0.134231 0.111894 0.124586 -0.985879] 
fr 573039
ts 49547.435859
6d 1 [12 1.000][-140.846 17.062 -0.363 -172.7977 6.4245 -175.1954][-0.990228 0.097077 -0.100120 0.083233 0.987448 0.134231 0.111894 0.124586 -0.985879] 
fr 573040
ts 49547.452520
6d 1 [12 1.000][-140.846 17.062 -0.363 -172.7977 6.4245 -175.1954][-0.990228 0.097077 -0.100120 0.083233 0.987448 0.134231 0.111894 0.124586 -0.985879] 
fr 573041
ts 49547.469205
6d 1 [12 1.000][-140.846 17.062 -0.363 -172.7977 6.4245 -175.1954][-0.990228 0.097077 -0.100120 0.083233 0.987448 0.134231 0.111894 0.124586 -0.985879] 
fr 573042
ts 49547.485872
6d 1 [12 1.000][-140.846 17.062 -0.363 -172.7977 6.4245 -175.1954][-0.990228 0.097077 -0.100120 0.083233 0.987448 0.134231 0.111894 0.124586 -0.985879] 
fr 573043
ts 49547.502555
6d 1 [12 1.000][-140.846 17.062 -0.363 -172.7977 6.4245 -175.1954][-0.990228 0.097077 -0.100120 0.083233 0.987448 0.134231 0.111894 0.124586 -0.985879] 
fr 573044
ts 49547.519217
6d 1 [12 1.000][-140.846 17.062 -0.363 -172.7977 6.4245 -175.1954][-0.990228 0.097077 -0.100120 0.083233 0.987448 0.134231 0.111894 0.124586 -0.985879] 
fr 573045
ts 49547.535887
6d 1 [12 1.000][-140.846 17.062 -0.363 -172.7977 6.4245 -175.1954][-0.990228 0.097077 -0.100120 0.083233 0.987448 0.134231 0.111894 0.124586 -0.985879] 
fr 573046
ts 49547.552554
6d 1 [12 1.000][-140.846 17.062 -0.363 -172.7977 6.4245 -175.1954][-0.990228 0.097077 -0.100120 0.083233 0.987448 0.134231 0.111894 0.124586 -0.985879] 
fr 573047
ts 49547.569223
6d 1 [12 1.000][-140.846 17.062 -0.363 -172.7977 6.4245 -175.1954][-0.990228 0.097077 -0.100120 0.083233 0.987448 0.134231 0.111894 0.124586 -0.985879] 
fr 573048
ts 49547.585885
6d 1 [12 1.000][-140.846 17.062 -0.363 -172.7977 6.4245 -175.1954][-0.990228 0.097077 -0.100120 0.083233 0.987448 0.134231 0.111894 0.124586 -0.985879] 
fr 573049
ts 49547.602543
6d 1 [12 1.000][-140.846 17.062 -0.363 -172.7977 6.4245 -175.1954][-0.990228 0.097077 -0.100120 0.083233 0.987448 0.134231 0.111894 0.124586 -0.985879] 
fr 573050
ts 49547.619209
6d 1 [12 1.000][-140.846 17.062 -0.363 -172.7977 6.4245 -175.1954][-0.990228 0.097077 -0.100120 0.083233 0.987448 0.134231 0.111894 0.124586 -0.985879] 
fr 573051
ts 49547.635865
6d 1 [12 1.000][-140.846 17.062 -0.363 -172.7977 6.4245 -175.1954][-0.990228 0.097077 -0.100120 0.083233 0.987448 0.134231 0.111894 0.124586 -0.985879] 
fr 573052
ts 49547.652526
6d 1 [12 1.000][-140.846 17.062 -0.363 -172.7977 6.4245 -175.1954][-0.990228 0.097077 -0.100120 0.083233 0.987448 0.134231 0.111894 0.124586 -0.985879] 
fr 573053
ts 49547.669174
6d 1 [12 1.000][-140.846 17.062 -0.363 -172.7977 6.4245 -175.1954][-0.990228 0.097077 -0.100120 0.083233 0.987448 0.134231 0.111894 0.124586 -0.985879] 
fr 573054
ts 49547.685836
6d 1 [12 1.000][-140.846 17.062 -0.363 -172.7977 6.4245 -175.1954][-0.990228 0.097077 -0.100120 0.083233 0.987448 0.134231 0.111894 0.124586 -0.985879] 
fr 573055
ts 49547.702478
6d 1 [12 1.000][-140.846 17.062 -0.363 -172.7977 6.4245 -175.1954][-0.990228 0.097077 -0.100120 0.083233 0.987448 0.134231 0.111894 0.124586 -0.985879] 
fr 573056
ts 49547.719140
6d 1 [12 1.000][-140.846 17.062 -0.363 -172.7977 6.4245 -175.1954][-0.990228 0.097077 -0.100120 0.083233 0.987448 0.134231 0.111894 0.124586 -0.985879] 
fr 573057
ts 49547.735827
6d 1 [12 1.000][-140.857 17.097 -0.367 -172.7980 6.4250 -175.1953][-0.990227 0.097079 -0.100129 0.083234 0.987449 0.134226 0.111903 0.124580 -0.985879] 
fr 573058
ts 49547.752489
6d 1 [12 1.000][-140.855 17.078 -0.363 -172.8031 6.4274 -175.1986][-0.990227 0.097018 -0.100187 0.083176 0.987466 0.134137 0.111945 0.124493 -0.985885] 
fr 573059
ts 49547.769168
6d 1 [12 1.000][-140.855 17.078 -0.363 -172.8031 6.4274 -175.1986][-0.990227 0.097018 -0.100187 0.083176 0.987466 0.134137 0.111945 0.124493 -0.985885] 
fr 573060
ts 49547.785830
6d 1 [12 1.000][-140.855 17.078 -0.363 -172.8031 6.4274 -175.1986][-0.990227 0.097018 -0.100187 0.083176 0.987466 0.134137 0.111945 0.124493 -0.985885] 
fr 573061
ts 49547.802501
6d 1 [12 1.000][-140.855 17.078 -0.363 -172.8031 6.4274 -175.1986][-0.990227 0.097018 -0.100187 0.083176 0.987466 0.134137 0.111945 0.124493 -0.985885] 
fr 573062
ts 49547.819165
6d 1 [12 1.000][-140.855 17.078 -0.363 -172.8031 6.4274 -175.1986][-0.990227 0.097018 -0.100187 0.083176 0.987466 0.134137 0.111945 0.124493 -0.985885] 
fr 573063
ts 49547.835826
6d 1 [12 1.000][-140.867 17.094 -0.413 -172.8023 6.4287 -175.1980][-0.990224 0.097032 -0.100206 0.083185 0.987463 0.134153 0.111967 0.124506 -0.985881] 
fr 573064
ts 49547.852492
6d 1 [12 1.000][-140.868 17.098 -0.388 -172.7966 6.4371 -175.1929][-0.990200 0.097149 -0.100328 0.083274 0.987439 0.134273 0.112112 0.124602 -0.985853] 
fr 573065
ts 49547.869150
6d 1 [12 1.000][-140.868 17.098 -0.388 -172.7966 6.4371 -175.1929][-0.990200 0.097149 -0.100328 0.083274 0.987439 0.134273 0.112112 0.124602 -0.985853] 
fr 573066
ts 49547.885812
6d 1 [12 1.000][-140.868 17.098 -0.388 -172.7966 6.4371 -175.1929][-0.990200 0.097149 -0.100328 0.083274 0.987439 0.134273 0.112112 0.124602 -0.985853] 
fr 573067
ts 49547.902460
6d 1 [12 1.000][-140.868 17.098 -0.388 -172.7966 6.4371 -175.1929][-0.990200 0.097149 -0.100328 0.083274 0.987439 0.134273 0.112112 0.124602 -0.985853] 
fr 573068
ts 49547.919126
6d 1 [12 1.000][-140.868 17.098 -0.388 -172.7966 6.4371 -175.1929][-0.990200 0.097149 -0.100328 0.083274 0.987439 0.134273 0.112112 0.124602 -0.985853] 
fr 573069
ts 49547.935771
6d 1 [12 1.000][-140.879 17.050 -0.382 -172.7968 6.4369 -175.1930][-0.990201 0.097146 -0.100325 0.083271 0.987440 0.134269 0.112109 0.124599 -0.985853] 
fr 573070
ts 49547.952433
6d 1 [12 1.000][-140.883 17.068 -0.388 -172.8031 6.4351 -175.1949][-0.990207 0.097098 -0.100310 0.083238 0.987459 0.134153 0.112078 0.124490 -0.985871] 
fr 573071
ts 49547.969123
6d 1 [12 1.000][-140.886 17.012 -0.383 -172.8018 6.4351 -175.1954][-0.990208 0.097092 -0.100308 0.083231 0.987456 0.134175 0.112078 0.124512 -0.985868] 
fr 573072
ts 49547.985785
6d 1 [12 1.000][-140.883 17.047 -0.386 -172.7974 6.4347 -175.1965][-0.990210 0.097079 -0.100297 0.083210 0.987448 0.134249 0.112071 0.124589 -0.985859] 
fr 573073
ts 49548.002468
6d 1 [12 1.000][-140.883 17.047 -0.386 -172.7974 6.4347 -175.1965][-0.990210 0.097079 -0.100297 0.083210 0.987448 0.134249 0.112071 0.124589 -0.985859] 
fr 573074
ts 49548.019130
6d 1 [12 1.000][-140.883 17.047 -0.386 -172.7974 6.4347 -175.1965][-0.990210 0.097079 -0.100297 0.083210 0.987448 0.134249 0.112071 0.124589 -0.985859] 
fr 573075
ts 49548.035803
6d 1 [12 1.000][-140.774 17.057 -0.371 -172.7968 6.4336 -175.1967][-0.990213 0.097074 -0.100278 0.083207 0.987447 0.134257 0.112052 0.124599 -0.985860] 
fr 573076
ts 49548.052468
6d 1 [12 1.000][-140.772 17.098 -0.364 -172.7969 6.4316 -175.1971][-0.990217 0.097063 -0.100245 0.083201 0.987448 0.134251 0.112018 0.124597 -0.985864] 
fr 573077
ts 49548.069137
6d 1 [12 1.000][-140.789 17.067 -0.331 -172.7966 6.4279 -175.1980][-0.990226 0.097041 -0.100182 0.083187 0.987450 0.134250 0.111953 0.124604 -0.985870] 
fr 573078
ts 49548.085799
6d 1 [12 1.000][-140.806 17.066 -0.351 -172.7972 6.4263 -175.1984][-0.990229 0.097030 -0.100158 0.083181 0.987452 0.134237 0.111926 0.124594 -0.985875] 
fr 573079
ts 49548.102461
6d 1 [12 1.000][-140.873 17.054 -0.353 -172.7957 6.4173 -175.2006][-0.990250 0.096974 -0.100005 0.083143 0.987454 0.134245 0.111769 0.124622 -0.985889] 
fr 573080
ts 49548.119123
6d 1 [12 1.000][-140.873 17.054 -0.353 -172.7957 6.4173 -175.2006][-0.990250 0.096974 -0.100005 0.083143 0.987454 0.134245 0.111769 0.124622 -0.985889] 
fr 573081
ts 49548.135779
6d 1 [12 1.000][-140.877 17.067 -0.352 -172.7971 6.4177 -175.2004][-0.990249 0.096976 -0.100014 0.083146 0.987457 0.134223 0.111776 0.124598 -0.985891] 
fr 573082
ts 49548.152441
6d 1 [12 1.000][-140.879 17.058 -0.353 -172.7990 6.4182 -175.2004][-0.990248 0.096974 -0.100027 0.083146 0.987461 0.134190 0.111785 0.124565 -0.985894] 
fr 573083
ts 49548.169089
6d 1 [12 1.000][-140.873 17.064 -0.351 -172.8006 6.4182 -175.1995][-0.990247 0.096987 -0.100026 0.083162 0.987463 0.134165 0.111785 0.124538 -0.985898] 
fr 573084
ts 49548.185751
6d 1 [12 1.000][-140.871 17.091 -0.358 -172.8042 6.4198 -175.1985][-0.990242 0.097000 -0.100058 0.083178 0.987470 0.134107 0.111812 0.124475 -0.985903] 
fr 573085
ts 49548.202393
6d 1 [12 1.000][-140.856 17.068 -0.354 -172.8144 6.4220 -175.1976][-0.990237 0.097004 -0.100110 0.083194 0.987492 0.133936 0.111850 0.124299 -0.985921] 
fr 573086
ts 49548.219055
6d 1 [12 1.000][-140.856 17.068 -0.354 -172.8144 6.4220 -175.1976][-0.990237 0.097004 -0.100110 0.083194 0.987492 0.133936 0.111850 0.124299 -0.985921] 
fr 573087
ts 49548.235741
6d 1 [12 1.000][-140.856 17.068 -0.354 -172.8144 6.4220 -175.1976][-0.990237 0.097004 -0.100110 0.083194 0.987492 0.133936 0.111850 0.124299 -0.985921] 
fr 573088
ts 49548.252404
6d 1 [12 1.000][-140.856 17.068 -0.354 -172.8144 6.4220 -175.1976][-0.990237 0.097004 -0.100110 0.083194 0.987492 0.133936 0.111850 0.124299 -0.985921] 
fr 573089
ts 49548.269084
6d 1 [12 1.000][-140.861 17.031 -0.361 -172.8145 6.4227 -175.1977][-0.990235 0.097004 -0.100122 0.083193 0.987492 0.133934 0.111862 0.124297 -0.985919] 
fr 573090
ts 49548.285745
6d 1 [12 1.000][-140.865 17.053 -0.368 -172.8166 6.4285 -175.1970][-0.990223 0.097025 -0.100225 0.083204 0.987495 0.133907 0.111964 0.124259 -0.985913] 
fr 573091
ts 49548.302418
6d 1 [12 1.000][-140.865 17.053 -0.368 -172.8166 6.4285 -175.1970][-0.990223 0.097025 -0.100225 0.083204 0.987495 0.133907 0.111964 0.124259 -0.985913] 
fr 573092
ts 49548.319080
6d 1 [12 1.000][-140.865 17.053 -0.368 -172.8166 6.4285 -175.1970][-0.990223 0.097025 -0.100225 0.083204 0.987495 0.133907 0.111964 0.124259 -0.985913] 
fr 573093
ts 49548.335746
6d 1 [12 1.000][-140.865 17.053 -0.368 -172.8166 6.4285 -175.1970][-0.990223 0.097025 -0.100225 0.083204 0.987495 0.133907 0.111964 0.124259 -0.985913] 
fr 573094
ts 49548.352408
6d 1 [12 1.000][-140.865 17.053 -0.368 -172.8166 6.4285 -175.1970][-0.990223 0.097025 -0.100225 0.083204 0.987495 0.133907 0.111964 0.124259 -0.985913] 
fr 573095
ts 49548.369064
6d 1 [12 1.000][-140.865 17.053 -0.368 -172.8166 6.4285 -175.1970][-0.990223 0.097025 -0.100225 0.083204 0.987495 0.133907 0.111964 0.124259 -0.985913] 
fr 573096
ts 49548.385729
6d 1 [12 1.000][-140.865 17.053 -0.368 -172.8166 6.4285 -175.1970][-0.990223 0.097025 -0.100225 0.083204 0.987495 0.133907 0.111964 0.124259 -0.985913] 
fr 573097
ts 49548.402381
6d 1 [12 1.000][-140.865 17.053 -0.368 -172.8166 6.4285 -175.1970][-0.990223 0.097025 -0.100225 0.083204 0.987495 0.133907 0.111964 0.124259 -0.985913] 
fr 573098
ts 49548.419043
6d 1 [12 1.000][-140.865 17.053 -0.368 -172.8166 6.4285 -175.1970][-0.990223 0.097025 -0.100225 0.083204 0.987495 0.133907 0.111964 0.124259 -0.985913] 
fr 573099
ts 49548.435688
6d 1 [12 1.000][-140.865 17.053 -0.368 -172.8166 6.4285 -175.1970][-0.990223 0.097025 -0.100225 0.083204 0.987495 0.133907 0.111964 0.124259 -0.985913] 
fr 573100
ts 49548.452350
6d 1 [12 1.000][-140.865 17.053 -0.368 -172.8166 6.4285 -175.1970][-0.990223 0.097025 -0.100225 0.083204 0.987495 0.133907 0.111964 0.124259 -0.985913] 
fr 573101
ts 49548.469040
6d 1 [12 1.000][-140.865 17.053 -0.368 -172.8166 6.4285 -175.1970][-0.990223 0.097025 -0.100225 0.083204 0.987495 0.133907 0.111964 0.124259 -0.985913] 
fr 573102
ts 49548.485703
6d 1 [12 1.000][-140.865 17.053 -0.368 -172.8166 6.4285 -175.1970][-0.990223 0.097025 -0.100225 0.083204 0.987495 0.133907 0.111964 0.124259 -0.985913] 
fr 573103
ts 49548.502386
6d 1 [12 1.000][-140.865 17.053 -0.368 -172.8166 6.4285 -175.1970][-0.990223 0.097025 -0.100225 0.083204 0.987495 0.133907 0.111964 0.124259 -0.985913] 
fr 573104
ts 49548.519048
6d 1 [12 1.000][-140.868 17.074 -0.381 -172.8150 6.4288 -175.1968][-0.990222 0.097032 -0.100226 0.083208 0.987490 0.133937 0.111968 0.124288 -0.985909] 
fr 573105
ts 49548.535719
6d 1 [12 1.000][-140.855 17.064 -0.386 -172.7996 6.4325 -175.1962][-0.990214 0.097077 -0.100262 0.083217 0.987453 0.134208 0.112033 0.124551 -0.985868] 
fr 573106
ts 49548.552386
6d 1 [12 1.000][-140.855 17.064 -0.386 -172.7996 6.4325 -175.1962][-0.990214 0.097077 -0.100262 0.083217 0.987453 0.134208 0.112033 0.124551 -0.985868] 
fr 573107
ts 49548.569053
6d 1 [12 1.000][-140.855 17.064 -0.386 -172.7996 6.4325 -175.1962][-0.990214 0.097077 -0.100262 0.083217 0.987453 0.134208 0.112033 0.124551 -0.985868] 
fr 573108
ts 49548.585719
6d 1 [12 1.000][-140.855 17.064 -0.386 -172.7996 6.4325 -175.1962][-0.990214 0.097077 -0.100262 0.083217 0.987453 0.134208 0.112033 0.124551 -0.985868] 
