fr 650147
ts 42400.678201
6d 1 [12 1.000][-1985.488 139.022 707.625 0.0796 -2.9752 -5.0411][0.994789 -0.087943 0.051580 0.087752 0.996125 0.005945 -0.051903 -0.001388 0.998651] 
fr 650148
ts 42400.694867
6d 1 [12 1.000][-1985.488 139.022 707.625 0.0796 -2.9752 -5.0411][0.994789 -0.087943 0.051580 0.087752 0.996125 0.005945 -0.051903 -0.001388 0.998651] 
fr 650149
ts 42400.711526
6d 1 [12 1.000][-1985.488 139.022 707.625 0.0796 -2.9752 -5.0411][0.994789 -0.087943 0.051580 0.087752 0.996125 0.005945 -0.051903 -0.001388 0.998651] 
fr 650150
ts 42400.728192
6d 1 [12 1.000][-1985.496 139.131 707.584 0.0807 -2.9755 -5.0422][0.994787 -0.087963 0.051585 0.087772 0.996123 0.005965 -0.051909 -0.001406 0.998651] 
fr 650151
ts 42400.744845
6d 1 [12 1.000][-1985.501 139.052 707.622 0.0904 -2.9755 -5.0469][0.994780 -0.088053 0.051569 0.087853 0.996115 0.006138 -0.051909 -0.001575 0.998651] 
fr 650152
ts 42400.761511
6d 1 [12 1.000][-1985.500 138.982 707.699 0.0898 -2.9752 -5.0469][0.994780 -0.088052 0.051565 0.087852 0.996115 0.006128 -0.051904 -0.001566 0.998651] 
fr 650153
ts 42400.778157
6d 1 [12 1.000][-1985.499 139.050 707.640 0.0863 -2.9750 -5.0490][0.994777 -0.088086 0.051566 0.087890 0.996112 0.006068 -0.051900 -0.001504 0.998651] 
fr 650154
ts 42400.794822
6d 1 [12 1.000][-1985.499 139.182 707.525 0.0815 -2.9755 -5.0501][0.994775 -0.088099 0.051582 0.087907 0.996111 0.005986 -0.051909 -0.001421 0.998651] 
fr 650155
ts 42400.811462
6d 1 [12 1.000][-1985.500 139.066 707.621 0.0733 -2.9760 -5.0506][0.994774 -0.088102 0.051604 0.087917 0.996111 0.005844 -0.051918 -0.001277 0.998651] 
fr 650156
ts 42400.828127
6d 1 [12 1.000][-1985.501 138.980 707.628 0.0767 -2.9761 -5.0503][0.994774 -0.088099 0.051599 0.087911 0.996111 0.005904 -0.051919 -0.001337 0.998650] 
fr 650157
ts 42400.844812
6d 1 [12 1.000][-1985.506 139.198 707.523 0.0713 -2.9798 -5.0554][0.994763 -0.088183 0.051672 0.088000 0.996103 0.005820 -0.051984 -0.001242 0.998647] 
fr 650158
ts 42400.861478
6d 1 [12 1.000][-1985.507 138.886 707.643 0.0715 -2.9748 -5.0494][0.994777 -0.088079 0.051585 0.087896 0.996113 0.005811 -0.051897 -0.001247 0.998652] 
fr 650159
ts 42400.878154
6d 1 [12 1.000][-1985.503 138.872 707.751 0.0684 -2.9446 -5.0380][0.994822 -0.087877 0.051067 0.087700 0.996131 0.005701 -0.051370 -0.001193 0.998679] 
fr 650160
ts 42400.894820
6d 1 [12 1.000][-1985.504 138.774 707.820 0.0805 -2.9413 -5.0132][0.994862 -0.087457 0.050993 0.087270 0.996167 0.005883 -0.051312 -0.001403 0.998682] 
fr 650161
ts 42400.911491
6d 1 [12 1.000][-1985.515 139.128 707.592 0.0603 -2.9634 -5.0376][0.994805 -0.087864 0.051406 0.087693 0.996132 0.005588 -0.051698 -0.001051 0.998662] 
fr 650162
ts 42400.928157
6d 1 [12 1.000][-1985.515 138.891 707.755 0.0667 -2.9532 -5.0187][0.994843 -0.087541 0.051220 0.087365 0.996160 0.005666 -0.051520 -0.001162 0.998671] 
fr 650163
ts 42400.944819
6d 1 [12 1.000][-1985.520 138.970 707.696 0.0608 -2.9565 -5.0327][0.994819 -0.087778 0.051286 0.087607 0.996139 0.005581 -0.051578 -0.001059 0.998668] 
fr 650164
ts 42400.961485
6d 1 [12 1.000][-1985.518 139.152 707.583 0.0610 -2.9574 -5.0388][0.994809 -0.087885 0.051300 0.087713 0.996130 0.005592 -0.051593 -0.001063 0.998668] 
fr 650165
ts 42400.978142
6d 1 [12 1.000][-1985.518 138.953 707.742 0.0620 -2.9572 -5.0335][0.994817 -0.087793 0.051296 0.087621 0.996138 0.005604 -0.051589 -0.001081 0.998668] 
fr 650166
ts 42400.994807
6d 1 [12 1.000][-1985.515 139.250 707.451 0.0627 -2.9629 -5.0396][0.994803 -0.087901 0.051393 0.087728 0.996129 0.005631 -0.051689 -0.001093 0.998663] 
fr 650167
ts 42401.011457
6d 1 [12 1.000][-1985.516 139.194 707.507 0.0588 -2.9748 -5.0512][0.994774 -0.088098 0.051605 0.087927 0.996111 0.005592 -0.051897 -0.001025 0.998652] 
fr 650168
ts 42401.028123
6d 1 [12 1.000][-1985.508 138.992 707.667 0.0584 -2.9679 -5.0441][0.994791 -0.087975 0.051487 0.087805 0.996122 0.005567 -0.051777 -0.001017 0.998658] 
fr 650169
ts 42401.044765
6d 1 [12 1.000][-1985.508 139.119 707.552 0.0584 -2.9756 -5.0505][0.994774 -0.088086 0.051620 0.087914 0.996112 0.005586 -0.051911 -0.001019 0.998651] 
fr 650170
ts 42401.061431
6d 1 [12 1.000][-1985.503 139.141 707.545 0.0591 -2.9800 -5.0564][0.994761 -0.088190 0.051694 0.088017 0.996103 0.005610 -0.051987 -0.001031 0.998647] 
fr 650171
ts 42401.078119
6d 1 [12 1.000][-1985.500 138.923 707.689 0.0539 -2.9785 -5.0517][0.994770 -0.088103 0.051677 0.087935 0.996111 0.005512 -0.051962 -0.000939 0.998649] 
fr 650172
ts 42401.094785
6d 1 [12 1.000][-1985.497 139.047 707.608 0.0553 -2.9820 -5.0552][0.994761 -0.088166 0.051735 0.087997 0.996105 0.005545 -0.052023 -0.000963 0.998645] 
fr 650173
ts 42401.111466
6d 1 [12 1.000][-1985.492 139.081 707.606 0.0559 -2.9852 -5.0600][0.994751 -0.088249 0.051788 0.088079 0.996098 0.005566 -0.052077 -0.000975 0.998643] 
fr 650174
ts 42401.128132
6d 1 [12 1.000][-1985.487 139.037 707.644 0.0565 -2.9840 -5.0595][0.994753 -0.088242 0.051767 0.088071 0.996099 0.005573 -0.052057 -0.000985 0.998644] 
fr 650175
ts 42401.144805
6d 1 [12 1.000][-1985.484 138.980 707.652 0.0574 -2.9820 -5.0583][0.994757 -0.088222 0.051731 0.088050 0.996100 0.005585 -0.052022 -0.001001 0.998645] 
fr 650176
ts 42401.161472
6d 1 [12 1.000][-1985.485 138.921 707.686 0.0570 -2.9783 -5.0548][0.994765 -0.088160 0.051669 0.087990 0.996106 0.005570 -0.051958 -0.000994 0.998649] 
fr 650177
ts 42401.178137
6d 1 [12 1.000][-1985.489 138.906 707.684 0.0527 -2.9767 -5.0494][0.994775 -0.088063 0.051647 0.087896 0.996115 0.005487 -0.051929 -0.000918 0.998650] 
fr 650178
ts 42401.194804
6d 1 [12 1.000][-1985.492 138.869 707.727 0.0517 -2.9710 -5.0429][0.994790 -0.087948 0.051551 0.087783 0.996125 0.005455 -0.051831 -0.000901 0.998655] 
fr 650179
ts 42401.211463
6d 1 [12 1.000][-1985.486 139.092 707.684 0.0541 -2.9713 -5.0425][0.994791 -0.087944 0.051552 0.087777 0.996125 0.005498 -0.051836 -0.000944 0.998655] 
fr 650180
ts 42401.228130
6d 1 [12 1.000][-1985.483 138.883 707.763 0.0734 -2.9576 -5.0278][0.994825 -0.087705 0.051286 0.087523 0.996146 0.005797 -0.051597 -0.001279 0.998667] 
fr 650181
ts 42401.244782
6d 1 [12 1.000][-1985.492 138.905 707.756 0.0578 -2.9525 -5.0210][0.994840 -0.087573 0.051222 0.087405 0.996158 0.005512 -0.051508 -0.001007 0.998672] 
fr 650182
ts 42401.261448
6d 1 [12 1.000][-1985.493 138.905 707.707 0.0677 -2.9463 -5.0118][0.994860 -0.087422 0.051100 0.087246 0.996171 0.005667 -0.051400 -0.001180 0.998677] 
fr 650183
ts 42401.278094
6d 1 [12 1.000][-1985.494 139.013 707.660 0.0639 -2.9475 -5.0145][0.994855 -0.087464 0.051127 0.087292 0.996167 0.005606 -0.051421 -0.001114 0.998676] 
fr 650184
ts 42401.294761
6d 1 [12 1.000][-1985.494 139.013 707.660 0.0639 -2.9475 -5.0145][0.994855 -0.087464 0.051127 0.087292 0.996167 0.005606 -0.051421 -0.001114 0.998676] 
fr 650185
ts 42401.311399
6d 1 [12 1.000][-1985.499 139.013 707.599 0.0655 -2.9480 -5.0147][0.994854 -0.087470 0.051133 0.087296 0.996167 0.005633 -0.051429 -0.001141 0.998676] 
fr 650186
ts 42401.328065
6d 1 [12 1.000][-1985.497 139.093 707.598 0.0660 -2.9493 -5.0162][0.994851 -0.087496 0.051155 0.087321 0.996164 0.005646 -0.051452 -0.001150 0.998675] 
fr 650187
ts 42401.344749
6d 1 [12 1.000][-1985.502 139.071 707.605 0.0694 -2.9515 -5.0227][0.994839 -0.087613 0.051187 0.087434 0.996154 0.005715 -0.051491 -0.001210 0.998673] 
fr 650188
ts 42401.361416
6d 1 [12 1.000][-1985.500 139.123 707.540 0.0704 -2.9656 -5.0323][0.994811 -0.087781 0.051429 0.087600 0.996139 0.005763 -0.051737 -0.001228 0.998660] 
fr 650189
ts 42401.378092
6d 1 [12 1.000][-1985.505 139.106 707.561 0.0690 -2.9714 -5.0416][0.994792 -0.087942 0.051531 0.087762 0.996125 0.005756 -0.051838 -0.001203 0.998655] 
fr 650190
ts 42401.394759
6d 1 [12 1.000][-1985.502 139.100 707.571 0.0651 -2.9692 -5.0347][0.994804 -0.087818 0.051499 0.087642 0.996136 0.005677 -0.051799 -0.001134 0.998657] 
fr 650191
ts 42401.411428
6d 1 [12 1.000][-1985.505 139.147 707.545 0.0642 -2.9801 -5.0434][0.994781 -0.087969 0.051689 0.087792 0.996123 0.005686 -0.051988 -0.001119 0.998647] 
fr 650192
ts 42401.428095
6d 1 [12 1.000][-1985.509 139.003 707.587 0.0615 -2.9839 -5.0464][0.994773 -0.088018 0.051759 0.087844 0.996118 0.005649 -0.052056 -0.001073 0.998644] 
fr 650193
ts 42401.444758
6d 1 [12 1.000][-1985.509 138.972 707.664 0.0539 -2.9853 -5.0478][0.994770 -0.088035 0.051794 0.087867 0.996117 0.005520 -0.052079 -0.000940 0.998643] 
fr 650194
ts 42401.461424
6d 1 [12 1.000][-1985.506 138.926 707.753 0.0657 -2.9573 -5.0427][0.994803 -0.087957 0.051291 0.087781 0.996124 0.005676 -0.051592 -0.001144 0.998668] 
fr 650195
ts 42401.478081
6d 1 [12 1.000][-1985.508 139.033 707.689 0.0669 -2.9743 -5.0443][0.994785 -0.087986 0.051584 0.087808 0.996121 0.005726 -0.051888 -0.001167 0.998652] 
fr 650196
ts 42401.494746
6d 1 [12 1.000][-1985.515 138.900 707.694 0.0624 -2.9556 -5.0381][0.994811 -0.087874 0.051267 0.087701 0.996131 0.005614 -0.051562 -0.001088 0.998669] 
fr 650197
ts 42401.511395
6d 1 [12 1.000][-1985.514 139.024 707.584 0.0501 -2.9770 -5.0459][0.994780 -0.087998 0.051656 0.087834 0.996120 0.005439 -0.051935 -0.000874 0.998650] 
fr 650198
ts 42401.528060
6d 1 [12 1.000][-1985.510 139.076 707.622 0.0432 -2.9765 -5.0484][0.994777 -0.088036 0.051658 0.087878 0.996117 0.005321 -0.051926 -0.000754 0.998651] 
fr 650199
ts 42401.544704
6d 1 [12 1.000][-1985.507 138.999 707.644 0.0540 -2.9746 -5.0441][0.994785 -0.087971 0.051609 0.087804 0.996123 0.005501 -0.051892 -0.000941 0.998652] 
fr 650200
ts 42401.561370
6d 1 [12 1.000][-1985.507 138.999 707.644 0.0540 -2.9746 -5.0441][0.994785 -0.087971 0.051609 0.087804 0.996123 0.005501 -0.051892 -0.000941 0.998652] 
fr 650201
ts 42401.578058
6d 1 [12 1.000][-1985.513 139.130 707.575 0.0546 -2.9752 -5.0452][0.994783 -0.087990 0.051619 0.087823 0.996121 0.005514 -0.051904 -0.000952 0.998652] 
fr 650202
ts 42401.594725
6d 1 [12 1.000][-1985.517 139.146 707.606 0.0619 -2.9770 -5.0473][0.994778 -0.088033 0.051639 0.087859 0.996117 0.005646 -0.051936 -0.001080 0.998650] 
fr 650203
ts 42401.611405
6d 1 [12 1.000][-1985.525 139.222 707.487 0.0645 -2.9810 -5.0516][0.994768 -0.088112 0.051704 0.087934 0.996110 0.005700 -0.052005 -0.001124 0.998646] 
fr 650204
ts 42401.628071
6d 1 [12 1.000][-1985.524 139.144 707.521 0.0616 -2.9840 -5.0565][0.994758 -0.088193 0.051760 0.088018 0.996103 0.005660 -0.052057 -0.001075 0.998644] 
fr 650205
ts 42401.644745
6d 1 [12 1.000][-1985.520 139.262 707.505 0.0595 -2.9908 -5.0650][0.994738 -0.088341 0.051880 0.088166 0.996090 0.005640 -0.052175 -0.001036 0.998637] 
fr 650206
ts 42401.661411
6d 1 [12 1.000][-1985.509 139.041 707.676 0.0579 -2.9890 -5.0642][0.994741 -0.088324 0.051851 0.088151 0.996091 0.005609 -0.052144 -0.001009 0.998639] 
fr 650207
ts 42401.678077
6d 1 [12 1.000][-1985.509 139.144 707.550 0.0647 -3.0005 -5.0777][0.994710 -0.088565 0.052038 0.088385 0.996070 0.005758 -0.052344 -0.001128 0.998628] 
fr 650208
ts 42401.694744
6d 1 [12 1.000][-1985.500 138.938 707.716 0.0633 -2.9993 -5.0769][0.994712 -0.088551 0.052021 0.088372 0.996071 0.005730 -0.052324 -0.001103 0.998630] 
fr 650209
ts 42401.711403
6d 1 [12 1.000][-1985.500 139.040 707.624 0.0613 -2.9979 -5.0756][0.994716 -0.088525 0.051999 0.088348 0.996073 0.005692 -0.052299 -0.001068 0.998631] 
fr 650210
ts 42401.728070
6d 1 [12 1.000][-1985.501 139.065 707.654 0.0602 -2.9909 -5.0676][0.994734 -0.088385 0.051880 0.088210 0.996086 0.005656 -0.052177 -0.001050 0.998637] 
fr 650211
ts 42401.744722
6d 1 [12 1.000][-1985.497 139.011 707.656 0.0576 -2.9913 -5.0688][0.994732 -0.088404 0.051892 0.088231 0.996084 0.005612 -0.052185 -0.001004 0.998637] 
fr 650212
ts 42401.761388
6d 1 [12 1.000][-1985.492 139.020 707.651 0.0528 -2.9861 -5.0562][0.994756 -0.088180 0.051809 0.088013 0.996104 0.005508 -0.052093 -0.000920 0.998642] 
fr 650213
ts 42401.778034
6d 1 [12 1.000][-1985.488 139.009 707.676 0.0446 -2.9800 -5.0587][0.994758 -0.088217 0.051717 0.088057 0.996101 0.005360 -0.051988 -0.000778 0.998647] 
fr 650214
ts 42401.794700
6d 1 [12 1.000][-1985.482 138.816 707.818 0.0413 -2.9659 -5.0272][0.994819 -0.087665 0.051480 0.087511 0.996150 0.005252 -0.051742 -0.000719 0.998660] 
fr 650215
ts 42401.811339
6d 1 [12 1.000][-1985.480 138.961 707.704 0.0376 -2.9627 -5.0377][0.994806 -0.087846 0.051428 0.087695 0.996134 0.005193 -0.051685 -0.000656 0.998663] 
fr 650216
ts 42401.828006
6d 1 [12 1.000][-1985.481 139.104 707.614 0.0411 -2.9589 -5.0345][0.994814 -0.087793 0.051358 0.087639 0.996138 0.005245 -0.051620 -0.000716 0.998667] 
fr 650217
ts 42401.844694
6d 1 [12 1.000][-1985.479 139.173 707.556 0.0415 -2.9610 -5.0388][0.994805 -0.087868 0.051393 0.087714 0.996132 0.005259 -0.051656 -0.000724 0.998665] 
fr 650218
ts 42401.861356
6d 1 [12 1.000][-1985.480 139.013 707.671 0.0386 -2.9547 -5.0317][0.994822 -0.087741 0.051289 0.087590 0.996143 0.005193 -0.051547 -0.000673 0.998670] 
fr 650219
ts 42401.878033
6d 1 [12 1.000][-1985.487 139.119 707.580 0.0424 -2.9555 -5.0327][0.994820 -0.087762 0.051297 0.087607 0.996141 0.005260 -0.051561 -0.000738 0.998670] 
fr 650220
ts 42401.894700
6d 1 [12 1.000][-1985.494 139.120 707.579 0.0422 -2.9573 -5.0344][0.994816 -0.087792 0.051328 0.087638 0.996139 0.005261 -0.051592 -0.000735 0.998668] 
fr 650221
ts 42401.911370
6d 1 [12 1.000][-1985.496 138.951 707.703 0.0446 -2.9579 -5.0351][0.994814 -0.087805 0.051334 0.087648 0.996137 0.005304 -0.051601 -0.000777 0.998667] 
fr 650222
ts 42401.928036
6d 1 [12 1.000][-1985.492 139.048 707.639 0.0561 -2.9644 -5.0433][0.994796 -0.087959 0.051430 0.087791 0.996124 0.005521 -0.051716 -0.000977 0.998661] 
fr 650223
ts 42401.944704
6d 1 [12 1.000][-1985.497 139.228 707.465 0.0558 -2.9690 -5.0478][0.994785 -0.088037 0.051510 0.087869 0.996117 0.005527 -0.051796 -0.000972 0.998657] 
fr 650224
ts 42401.961365
6d 1 [12 1.000][-1985.497 138.859 707.620 0.0554 -2.9676 -5.0445][0.994791 -0.087980 0.051486 0.087812 0.996122 0.005515 -0.051771 -0.000965 0.998659] 
fr 650225
ts 42401.978022
6d 1 [12 1.000][-1985.493 138.848 707.731 0.0550 -2.9544 -5.0300][0.994825 -0.087727 0.051259 0.087561 0.996144 0.005475 -0.051542 -0.000958 0.998670] 
fr 650226
ts 42401.994688
6d 1 [12 1.000][-1985.497 139.306 707.383 0.0511 -2.9753 -5.0512][0.994774 -0.088092 0.051626 0.087927 0.996112 0.005458 -0.051906 -0.000890 0.998652] 
fr 650227
ts 42402.011342
6d 1 [12 1.000][-1985.502 139.281 707.443 0.0547 -2.9997 -5.0737][0.994717 -0.088487 0.052042 0.088316 0.996077 0.005580 -0.052331 -0.000954 0.998629] 
fr 650228
ts 42402.028004
6d 1 [12 1.000][-1985.501 139.094 707.555 0.0529 -2.9882 -5.0580][0.994752 -0.088212 0.051845 0.088044 0.996101 0.005516 -0.052130 -0.000923 0.998640] 
fr 650229
ts 42402.044650
6d 1 [12 1.000][-1985.496 139.137 707.581 0.0543 -2.9887 -5.0591][0.994749 -0.088233 0.051853 0.088063 0.996099 0.005542 -0.052139 -0.000947 0.998639] 
fr 650230
ts 42402.061312
6d 1 [12 1.000][-1985.501 139.034 707.680 0.0560 -2.9884 -5.0590][0.994750 -0.088233 0.051845 0.088062 0.996099 0.005571 -0.052134 -0.000976 0.998640] 
fr 650231
ts 42402.078000
6d 1 [12 1.000][-1985.500 139.014 707.660 0.0604 -2.9875 -5.0587][0.994751 -0.088231 0.051822 0.088057 0.996099 0.005645 -0.052118 -0.001053 0.998640] 
fr 650232
ts 42402.094666
6d 1 [12 1.000][-1985.502 139.112 707.562 0.0628 -2.9885 -5.0597][0.994749 -0.088251 0.051835 0.088074 0.996098 0.005689 -0.052135 -0.001094 0.998639] 
fr 650233
ts 42402.111346
6d 1 [12 1.000][-1985.502 139.187 707.510 0.0687 -2.9891 -5.0628][0.994743 -0.088309 0.051836 0.088127 0.996092 0.005796 -0.052145 -0.001197 0.998639] 
fr 650234
ts 42402.128013
6d 1 [12 1.000][-1985.502 139.198 707.513 0.0699 -2.9930 -5.0671][0.994733 -0.088386 0.051902 0.088203 0.996086 0.005826 -0.052214 -0.001218 0.998635] 
fr 650235
ts 42402.144687
6d 1 [12 1.000][-1985.499 139.131 707.554 0.0800 -2.9908 -5.0666][0.994736 -0.088385 0.051848 0.088193 0.996085 0.005998 -0.052175 -0.001394 0.998637] 
fr 650236
ts 42402.161353
6d 1 [12 1.000][-1985.500 138.945 707.700 0.0801 -2.9897 -5.0659][0.994738 -0.088374 0.051830 0.088181 0.996086 0.005998 -0.052157 -0.001396 0.998638] 
fr 650237
ts 42402.178025
6d 1 [12 1.000][-1985.495 139.056 707.631 0.0812 -2.9876 -5.0651][0.994741 -0.088361 0.051790 0.088168 0.996087 0.006014 -0.052119 -0.001416 0.998640] 
fr 650238
ts 42402.194686
6d 1 [12 1.000][-1985.493 139.129 707.629 0.0806 -2.9862 -5.0666][0.994740 -0.088386 0.051767 0.088193 0.996085 0.006002 -0.052095 -0.001405 0.998641] 
fr 650239
ts 42402.211346
6d 1 [12 1.000][-1985.492 139.187 707.613 0.0814 -2.9846 -5.0687][0.994738 -0.088423 0.051738 0.088230 0.996082 0.006016 -0.052067 -0.001419 0.998643] 
fr 650240
ts 42402.228012
6d 1 [12 1.000][-1985.497 139.080 707.635 0.0851 -2.9799 -5.0655][0.994748 -0.088372 0.051651 0.088176 0.996086 0.006069 -0.051985 -0.001483 0.998647] 
fr 650241
ts 42402.244669
6d 1 [12 1.000][-1985.495 138.954 707.656 0.0952 -2.9758 -5.0586][0.994762 -0.088260 0.051565 0.088056 0.996096 0.006232 -0.051914 -0.001658 0.998650] 
fr 650242
ts 42402.261331
6d 1 [12 1.000][-1985.499 139.085 707.614 0.0944 -2.9719 -5.0626][0.994759 -0.088329 0.051498 0.088126 0.996090 0.006216 -0.051846 -0.001645 0.998654] 
fr 650243
ts 42402.277980
6d 1 [12 1.000][-1985.504 139.172 707.568 0.0958 -2.9724 -5.0623][0.994759 -0.088326 0.051506 0.088121 0.996090 0.006241 -0.051855 -0.001669 0.998653] 
fr 650244
ts 42402.294644
6d 1 [12 1.000][-1985.507 139.096 707.603 0.1034 -2.9730 -5.0578][0.994766 -0.088254 0.051503 0.088042 0.996096 0.006371 -0.051865 -0.001803 0.998652] 
fr 650245
ts 42402.311287
6d 1 [12 1.000][-1985.505 139.011 707.622 0.1032 -2.9729 -5.0567][0.994767 -0.088234 0.051504 0.088022 0.996098 0.006366 -0.051864 -0.001799 0.998653] 
fr 650246
ts 42402.327949
6d 1 [12 1.000][-1985.507 139.082 707.625 0.1038 -2.9751 -5.0523][0.994772 -0.088159 0.051541 0.087947 0.996105 0.006376 -0.051902 -0.001810 0.998651] 
fr 650247
ts 42402.344633
6d 1 [12 1.000][-1985.505 139.275 707.461 0.0985 -2.9762 -5.0531][0.994770 -0.088167 0.051568 0.087960 0.996104 0.006286 -0.051921 -0.001717 0.998650] 
fr 650248
ts 42402.361299
6d 1 [12 1.000][-1985.506 139.157 707.541 0.0948 -2.9778 -5.0571][0.994762 -0.088235 0.051601 0.088030 0.996098 0.006227 -0.051949 -0.001652 0.998648] 
fr 650249
ts 42402.377981
6d 1 [12 1.000][-1985.504 138.907 707.744 0.0954 -2.9764 -5.0523][0.994771 -0.088151 0.051577 0.087947 0.996106 0.006231 -0.051925 -0.001662 0.998650] 
fr 650250
ts 42402.394643
6d 1 [12 1.000][-1985.502 139.122 707.622 0.0798 -2.9816 -5.0555][0.994761 -0.088193 0.051691 0.088002 0.996102 0.005971 -0.052016 -0.001391 0.998645] 
fr 650251
ts 42402.411318
6d 1 [12 1.000][-1985.506 139.190 707.459 0.0790 -2.9824 -5.0567][0.994759 -0.088213 0.051706 0.088022 0.996101 0.005959 -0.052030 -0.001376 0.998645] 
fr 650252
ts 42402.427979
6d 1 [12 1.000][-1985.503 138.893 707.602 0.0787 -2.9816 -5.0551][0.994762 -0.088185 0.051691 0.087995 0.996103 0.005952 -0.052014 -0.001372 0.998645] 
fr 650253
ts 42402.444647
6d 1 [12 1.000][-1985.503 139.103 707.591 0.0778 -2.9830 -5.0564][0.994759 -0.088207 0.051718 0.088017 0.996101 0.005940 -0.052040 -0.001356 0.998644] 
fr 650254
ts 42402.461309
6d 1 [12 1.000][-1985.508 139.172 707.582 0.0746 -2.9849 -5.0592][0.994753 -0.088252 0.051755 0.088065 0.996097 0.005889 -0.052072 -0.001300 0.998642] 
fr 650255
ts 42402.477966
6d 1 [12 1.000][-1985.506 139.122 707.568 0.0731 -2.9861 -5.0597][0.994751 -0.088259 0.051778 0.088073 0.996097 0.005866 -0.052094 -0.001275 0.998641] 
fr 650256
ts 42402.494632
6d 1 [12 1.000][-1985.502 139.002 707.594 0.0700 -2.9843 -5.0542][0.994761 -0.088161 0.051751 0.087979 0.996105 0.005803 -0.052061 -0.001220 0.998643] 
fr 650257
ts 42402.511286
6d 1 [12 1.000][-1985.501 139.064 707.592 0.0672 -2.9878 -5.0588][0.994751 -0.088239 0.051817 0.088059 0.996099 0.005765 -0.052124 -0.001172 0.998640] 
fr 650258
ts 42402.527947
6d 1 [12 1.000][-1985.501 139.064 707.592 0.0672 -2.9878 -5.0588][0.994751 -0.088239 0.051817 0.088059 0.996099 0.005765 -0.052124 -0.001172 0.998640] 
fr 650259
ts 42402.544595
6d 1 [12 1.000][-1985.509 139.300 707.423 0.0668 -2.9891 -5.0600][0.994748 -0.088260 0.051841 0.088080 0.996097 0.005761 -0.052147 -0.001164 0.998639] 
fr 650260
ts 42402.561257
6d 1 [12 1.000][-1985.507 139.122 707.566 0.0645 -2.9910 -5.0599][0.994746 -0.088256 0.051877 0.088078 0.996097 0.005723 -0.052180 -0.001124 0.998637] 
fr 650261
ts 42402.577945
6d 1 [12 1.000][-1985.512 139.157 707.538 0.0636 -2.9919 -5.0613][0.994743 -0.088278 0.051894 0.088100 0.996095 0.005711 -0.052195 -0.001109 0.998636] 
fr 650262
ts 42402.594611
6d 1 [12 1.000][-1985.509 139.135 707.555 0.0608 -2.9924 -5.0621][0.994741 -0.088291 0.051906 0.088116 0.996094 0.005663 -0.052203 -0.001060 0.998636] 
fr 650263
ts 42402.611292
6d 1 [12 1.000][-1985.510 139.008 707.631 0.0605 -2.9922 -5.0611][0.994743 -0.088273 0.051903 0.088098 0.996096 0.005656 -0.052200 -0.001054 0.998636] 
fr 650264
ts 42402.627958
6d 1 [12 1.000][-1985.518 139.067 707.573 0.0604 -2.9938 -5.0614][0.994741 -0.088278 0.051931 0.088103 0.996095 0.005657 -0.052227 -0.001052 0.998635] 
fr 650265
ts 42402.644632
6d 1 [12 1.000][-1985.512 138.863 707.786 0.0610 -2.9857 -5.0529][0.994762 -0.088131 0.051791 0.087956 0.996108 0.005648 -0.052087 -0.001063 0.998642] 
fr 650266
ts 42402.661298
6d 1 [12 1.000][-1985.513 138.966 707.698 0.0567 -2.9825 -5.0364][0.994790 -0.087841 0.051743 0.087670 0.996134 0.005554 -0.052031 -0.000989 0.998645] 
fr 650267
ts 42402.677966
6d 1 [12 1.000][-1985.516 139.099 707.522 0.0533 -2.9862 -5.0474][0.994770 -0.088029 0.051811 0.087861 0.996117 0.005510 -0.052095 -0.000929 0.998642] 
fr 650268
ts 42402.694631
6d 1 [12 1.000][-1985.515 138.952 707.684 0.0497 -2.9778 -5.0378][0.994792 -0.087859 0.051673 0.087695 0.996133 0.005425 -0.051950 -0.000866 0.998649] 
fr 650269
ts 42402.711292
6d 1 [12 1.000][-1985.518 138.980 707.650 0.0472 -2.9752 -5.0343][0.994800 -0.087794 0.051632 0.087633 0.996138 0.005376 -0.051904 -0.000823 0.998652] 
fr 650270
ts 42402.727958
6d 1 [12 1.000][-1985.521 139.217 707.498 0.0415 -2.9805 -5.0428][0.994782 -0.087937 0.051730 0.087780 0.996126 0.005292 -0.051995 -0.000723 0.998647] 
fr 650271
ts 42402.744611
6d 1 [12 1.000][-1985.520 139.166 707.577 0.0453 -2.9815 -5.0626][0.994750 -0.088286 0.051741 0.088125 0.996095 0.005377 -0.052014 -0.000789 0.998646] 
fr 650272
ts 42402.761277
6d 1 [12 1.000][-1985.518 139.241 707.544 0.0532 -2.9904 -5.0604][0.994746 -0.088253 0.051883 0.088085 0.996098 0.005526 -0.052168 -0.000927 0.998638] 
fr 650273
ts 42402.777924
6d 1 [12 1.000][-1985.512 139.053 707.575 0.0911 -2.9860 -5.0562][0.994756 -0.088216 0.051749 0.088014 0.996100 0.006174 -0.052092 -0.001587 0.998641] 
fr 650274
ts 42402.794589
6d 1 [12 1.000][-1985.511 139.074 707.570 0.0987 -2.9844 -5.0579][0.994755 -0.088252 0.051709 0.088043 0.996097 0.006306 -0.052064 -0.001721 0.998642] 
fr 650275
ts 42402.811229
6d 1 [12 1.000][-1985.512 139.139 707.576 0.0969 -2.9861 -5.0621][0.994747 -0.088323 0.051740 0.088116 0.996090 0.006281 -0.052093 -0.001689 0.998641] 
fr 650276
ts 42402.827894
6d 1 [12 1.000][-1985.510 139.102 707.576 0.1066 -2.9850 -5.0603][0.994751 -0.088300 0.051707 0.088084 0.996092 0.006446 -0.052074 -0.001857 0.998641] 
fr 650277
ts 42402.844579
6d 1 [12 1.000][-1985.505 139.001 707.645 0.0931 -2.9789 -5.0545][0.994765 -0.088187 0.051622 0.087984 0.996103 0.006197 -0.051967 -0.001622 0.998647] 
fr 650278
ts 42402.861245
6d 1 [12 1.000][-1985.499 139.067 707.592 0.0855 -2.9823 -5.0581][0.994757 -0.088243 0.051694 0.088046 0.996098 0.006074 -0.052028 -0.001491 0.998645] 
fr 650279
ts 42402.877928
6d 1 [12 1.000][-1985.499 139.067 707.592 0.0855 -2.9823 -5.0581][0.994757 -0.088243 0.051694 0.088046 0.996098 0.006074 -0.052028 -0.001491 0.998645] 
fr 650280
ts 42402.894589
6d 1 [12 1.000][-1985.500 138.998 707.706 0.0799 -2.9817 -5.0576][0.994758 -0.088230 0.051692 0.088039 0.996099 0.005975 -0.052018 -0.001393 0.998645] 
fr 650281
ts 42402.911260
6d 1 [12 1.000][-1985.495 139.097 707.594 0.0744 -2.9825 -5.0582][0.994756 -0.088235 0.051714 0.088048 0.996099 0.005881 -0.052031 -0.001297 0.998645] 
fr 650282
ts 42402.927925
6d 1 [12 1.000][-1985.498 139.071 707.603 0.0749 -2.9815 -5.0567][0.994760 -0.088209 0.051697 0.088022 0.996101 0.005886 -0.052014 -0.001305 0.998645] 
fr 650283
ts 42402.944594
6d 1 [12 1.000][-1985.500 139.319 707.434 0.0780 -2.9868 -5.0637][0.994744 -0.088334 0.051783 0.088144 0.996090 0.005956 -0.052106 -0.001360 0.998641] 
fr 650284
ts 42402.961255
6d 1 [12 1.000][-1985.497 139.112 707.565 0.0626 -2.9843 -5.0614][0.994750 -0.088279 0.051763 0.088103 0.996095 0.005681 -0.052063 -0.001090 0.998643] 
fr 650285
ts 42402.977913
6d 1 [12 1.000][-1985.495 138.974 707.689 0.0644 -2.9842 -5.0612][0.994750 -0.088278 0.051758 0.088100 0.996095 0.005712 -0.052060 -0.001122 0.998643] 
fr 650286
ts 42402.994578
6d 1 [12 1.000][-1985.497 139.116 707.591 0.0713 -2.9860 -5.0645][0.994744 -0.088341 0.051778 0.088156 0.996090 0.005838 -0.052091 -0.001243 0.998642] 
fr 650287
ts 42403.011234
6d 1 [12 1.000][-1985.503 139.037 707.614 0.0720 -2.9855 -5.0642][0.994744 -0.088337 0.051769 0.088152 0.996090 0.005849 -0.052083 -0.001254 0.998642] 
fr 650288
ts 42403.027894
6d 1 [12 1.000][-1985.507 139.111 707.604 0.0716 -2.9857 -5.0646][0.994744 -0.088344 0.051773 0.088160 0.996089 0.005843 -0.052087 -0.001248 0.998642] 
fr 650289
ts 42403.044543
6d 1 [12 1.000][-1985.513 139.195 707.514 0.0721 -2.9875 -5.0675][0.994738 -0.088395 0.051803 0.088210 0.996085 0.005856 -0.052117 -0.001256 0.998640] 
fr 650290
ts 42403.061203
6d 1 [12 1.000][-1985.522 139.256 707.416 0.0710 -2.9928 -5.0718][0.994726 -0.088468 0.051897 0.088283 0.996078 0.005850 -0.052211 -0.001237 0.998635] 
fr 650291
ts 42403.077891
6d 1 [12 1.000][-1985.522 139.223 707.462 0.0746 -2.9973 -5.0751][0.994717 -0.088530 0.051968 0.088341 0.996073 0.005923 -0.052288 -0.001301 0.998631] 
fr 650292
ts 42403.094558
6d 1 [12 1.000][-1985.522 139.078 707.568 0.0801 -2.9985 -5.0729][0.994719 -0.088496 0.051981 0.088303 0.996076 0.006019 -0.052310 -0.001397 0.998630] 
fr 650293
ts 42403.111240
6d 1 [12 1.000][-1985.522 138.914 707.671 0.0837 -2.9952 -5.0316][0.994786 -0.087781 0.051922 0.087585 0.996139 0.006038 -0.052252 -0.001459 0.998633] 
fr 650294
ts 42403.127905
6d 1 [12 1.000][-1985.515 138.848 707.727 0.0899 -2.9724 -5.0341][0.994802 -0.087830 0.051517 0.087631 0.996134 0.006114 -0.051855 -0.001568 0.998653] 
fr 650295
ts 42403.144584
6d 1 [12 1.000][-1985.521 139.106 707.536 0.0780 -2.9961 -5.0443][0.994765 -0.087997 0.051945 0.087806 0.996120 0.005952 -0.052268 -0.001359 0.998632] 
fr 650296
ts 42403.161246
6d 1 [12 1.000][-1985.519 139.018 707.629 0.0654 -2.9905 -5.0367][0.994782 -0.087853 0.051869 0.087675 0.996133 0.005717 -0.052171 -0.001139 0.998638] 
fr 650297
ts 42403.177917
6d 1 [12 1.000][-1985.519 139.012 707.622 0.0733 -2.9889 -5.0441][0.994772 -0.087989 0.051828 0.087803 0.996121 0.005859 -0.052143 -0.001278 0.998639] 
fr 650298
ts 42403.194578
6d 1 [12 1.000][-1985.507 139.033 707.646 0.0714 -2.9798 -5.0424][0.994783 -0.087957 0.051672 0.087774 0.996124 0.005811 -0.051983 -0.001245 0.998647] 
fr 650299
ts 42403.211239
6d 1 [12 1.000][-1985.506 139.004 707.660 0.0727 -2.9736 -5.0335][0.994802 -0.087804 0.051564 0.087620 0.996137 0.005816 -0.051875 -0.001268 0.998653] 
fr 650300
ts 42403.227906
6d 1 [12 1.000][-1985.501 138.903 707.692 0.0880 -2.9648 -5.0259][0.994822 -0.087684 0.051389 0.087488 0.996147 0.006061 -0.051722 -0.001534 0.998660] 
fr 650301
ts 42403.244563
6d 1 [12 1.000][-1985.507 138.991 707.634 0.0781 -2.9756 -5.0354][0.994798 -0.087841 0.051591 0.087652 0.996134 0.005914 -0.051912 -0.001361 0.998651] 
fr 650302
ts 42403.261225
6d 1 [12 1.000][-1985.507 138.991 707.634 0.0781 -2.9756 -5.0354][0.994798 -0.087841 0.051591 0.087652 0.996134 0.005914 -0.051912 -0.001361 0.998651] 
fr 650303
ts 42403.277874
6d 1 [12 1.000][-1985.507 138.991 707.634 0.0781 -2.9756 -5.0354][0.994798 -0.087841 0.051591 0.087652 0.996134 0.005914 -0.051912 -0.001361 0.998651] 
fr 650304
ts 42403.294538
6d 1 [12 1.000][-1985.489 139.005 707.722 0.0789 -2.9743 -5.0347][0.994800 -0.087830 0.051567 0.087641 0.996135 0.005926 -0.051888 -0.001376 0.998652] 
fr 650305
ts 42403.311177
6d 1 [12 1.000][-1985.488 138.996 707.652 0.0794 -2.9728 -5.0341][0.994802 -0.087820 0.051541 0.087630 0.996135 0.005932 -0.051862 -0.001384 0.998653] 
fr 650306
ts 42403.327843
6d 1 [12 1.000][-1985.486 138.966 707.661 0.0847 -2.9655 -5.0293][0.994816 -0.087741 0.051406 0.087548 0.996142 0.006009 -0.051735 -0.001477 0.998660] 
fr 650307
ts 42403.344528
6d 1 [12 1.000][-1985.486 138.966 707.661 0.0847 -2.9655 -5.0293][0.994816 -0.087741 0.051406 0.087548 0.996142 0.006009 -0.051735 -0.001477 0.998660] 
fr 650308
ts 42403.361194
6d 1 [12 1.000][-1985.486 138.966 707.661 0.0847 -2.9655 -5.0293][0.994816 -0.087741 0.051406 0.087548 0.996142 0.006009 -0.051735 -0.001477 0.998660] 
fr 650309
ts 42403.377876
6d 1 [12 1.000][-1985.495 139.174 707.508 0.0839 -2.9662 -5.0322][0.994811 -0.087791 0.051420 0.087598 0.996138 0.005997 -0.051747 -0.001462 0.998659] 
fr 650310
ts 42403.394538
6d 1 [12 1.000][-1985.496 139.033 707.621 0.0833 -2.9661 -5.0305][0.994814 -0.087760 0.051418 0.087568 0.996141 0.005985 -0.051745 -0.001452 0.998659] 
fr 650311
ts 42403.411214
6d 1 [12 1.000][-1985.497 138.940 707.739 0.0780 -2.9648 -5.0288][0.994817 -0.087727 0.051404 0.087540 0.996144 0.005891 -0.051722 -0.001360 0.998661] 
fr 650312
ts 42403.427875
6d 1 [12 1.000][-1985.497 138.892 707.739 0.0735 -2.9623 -5.0263][0.994823 -0.087679 0.051368 0.087496 0.996148 0.005805 -0.051679 -0.001280 0.998663] 
fr 650313
ts 42403.444544
6d 1 [12 1.000][-1985.498 138.988 707.661 0.0654 -2.9647 -5.0303][0.994815 -0.087741 0.051421 0.087565 0.996143 0.005672 -0.051720 -0.001140 0.998661] 
fr 650314
ts 42403.461205
6d 1 [12 1.000][-1985.502 138.878 707.691 0.0647 -2.9641 -5.0288][0.994818 -0.087714 0.051412 0.087539 0.996145 0.005658 -0.051710 -0.001128 0.998661] 
fr 650315
ts 42403.477863
6d 1 [12 1.000][-1985.506 139.152 707.514 0.0622 -2.9664 -5.0298][0.994815 -0.087729 0.051455 0.087556 0.996144 0.005619 -0.051750 -0.001084 0.998659] 
fr 650316
ts 42403.494528
6d 1 [12 1.000][-1985.507 139.112 707.507 0.0583 -2.9756 -5.0433][0.994785 -0.087962 0.051620 0.087790 0.996123 0.005577 -0.051911 -0.001016 0.998651] 
fr 650317
ts 42403.511179
6d 1 [12 1.000][-1985.501 138.901 707.614 0.0582 -2.9687 -5.0307][0.994811 -0.087741 0.051503 0.087571 0.996143 0.005554 -0.051791 -0.001015 0.998657] 
fr 650318
ts 42403.527844
6d 1 [12 1.000][-1985.505 139.013 707.658 0.0484 -2.9734 -5.0294][0.994809 -0.087711 0.051599 0.087550 0.996146 0.005390 -0.051872 -0.000844 0.998653] 
fr 650319
ts 42403.544492
6d 1 [12 1.000][-1985.504 138.764 707.851 0.0490 -2.9721 -5.0287][0.994811 -0.087699 0.051576 0.087537 0.996147 0.005396 -0.051850 -0.000853 0.998655] 
fr 650320
ts 42403.561154
6d 1 [12 1.000][-1985.518 138.998 707.631 0.0473 -2.9747 -5.0328][0.994802 -0.087770 0.051622 0.087609 0.996140 0.005376 -0.051895 -0.000825 0.998652] 
fr 650321
ts 42403.577846
6d 1 [12 1.000][-1985.511 139.051 707.646 0.0472 -2.9745 -5.0336][0.994801 -0.087782 0.051619 0.087621 0.996139 0.005373 -0.051891 -0.000823 0.998652] 
fr 650322
ts 42403.594509
6d 1 [12 1.000][-1985.514 139.355 707.428 0.0438 -2.9783 -5.0444][0.994781 -0.087967 0.051689 0.087809 0.996123 0.005329 -0.051958 -0.000763 0.998649] 
fr 650323
ts 42403.611194
6d 1 [12 1.000][-1985.513 139.110 707.580 0.0344 -2.9792 -5.0485][0.994774 -0.088030 0.051720 0.087880 0.996118 0.005171 -0.051974 -0.000599 0.998648] 
fr 650324
ts 42403.627856
6d 1 [12 1.000][-1985.517 138.945 707.674 0.0407 -2.9783 -5.0423][0.994785 -0.087927 0.051695 0.087772 0.996127 0.005274 -0.051958 -0.000710 0.998649] 
fr 650325
ts 42403.644535
6d 1 [12 1.000][-1985.517 139.134 707.583 0.0708 -2.9820 -5.0478][0.994773 -0.088051 0.051712 0.087868 0.996115 0.005809 -0.052023 -0.001235 0.998645] 
fr 650326
ts 42403.661198
6d 1 [12 1.000][-1985.509 139.085 707.598 0.0340 -2.9876 -5.0622][0.994746 -0.088269 0.051864 0.088118 0.996097 0.005190 -0.052120 -0.000593 0.998641] 
fr 650327
ts 42403.677868
6d 1 [12 1.000][-1985.518 139.125 707.553 0.0344 -2.9885 -5.0636][0.994743 -0.088293 0.051878 0.088142 0.996094 0.005200 -0.052135 -0.000600 0.998640] 
fr 650328
ts 42403.694530
6d 1 [12 1.000][-1985.516 138.912 707.760 0.0344 -2.9864 -5.0621][0.994747 -0.088267 0.051843 0.088116 0.996097 0.005194 -0.052099 -0.000599 0.998642] 
fr 650329
ts 42403.711195
6d 1 [12 1.000][-1985.516 138.934 707.754 0.0352 -2.9787 -5.0488][0.994774 -0.088035 0.051710 0.087885 0.996117 0.005185 -0.051965 -0.000613 0.998649] 
fr 650330
ts 42403.727857
6d 1 [12 1.000][-1985.511 139.032 707.663 0.0382 -2.9810 -5.0597][0.994755 -0.088228 0.051744 0.088074 0.996100 0.005251 -0.052005 -0.000667 0.998647] 
fr 650331
ts 42403.744514
6d 1 [12 1.000][-1985.504 139.063 707.639 0.0427 -2.9792 -5.0576][0.994760 -0.088195 0.051705 0.088038 0.996103 0.005325 -0.051973 -0.000745 0.998648] 
fr 650332
ts 42403.761176
6d 1 [12 1.000][-1985.505 139.060 707.625 0.0487 -2.9764 -5.0568][0.994764 -0.088188 0.051648 0.088025 0.996103 0.005423 -0.051925 -0.000849 0.998651] 
fr 650333
ts 42403.777823
6d 1 [12 1.000][-1985.501 138.990 707.686 0.0732 -2.9707 -5.0495][0.994780 -0.088082 0.051511 0.087898 0.996112 0.005834 -0.051825 -0.001276 0.998655] 
fr 650334
ts 42403.794489
6d 1 [12 1.000][-1985.505 138.995 707.653 0.0586 -2.9676 -5.0500][0.994783 -0.088077 0.051480 0.087907 0.996113 0.005576 -0.051771 -0.001021 0.998658] 
fr 650335
ts 42403.811133
6d 1 [12 1.000][-1985.505 138.995 707.653 0.0586 -2.9676 -5.0500][0.994783 -0.088077 0.051480 0.087907 0.996113 0.005576 -0.051771 -0.001021 0.998658] 
fr 650336
ts 42403.827795
6d 1 [12 1.000][-1985.503 138.990 707.669 0.0601 -2.9665 -5.0486][0.994785 -0.088055 0.051459 0.087883 0.996115 0.005599 -0.051752 -0.001047 0.998659] 
fr 650337
ts 42403.844485
6d 1 [12 1.000][-1985.506 138.982 707.686 0.0609 -2.9655 -5.0464][0.994790 -0.088017 0.051440 0.087844 0.996118 0.005609 -0.051734 -0.001061 0.998660] 
fr 650338
ts 42403.861145
6d 1 [12 1.000][-1985.502 138.990 707.678 0.0689 -2.9584 -5.0371][0.994810 -0.087862 0.051307 0.087683 0.996132 0.005730 -0.051612 -0.001201 0.998667] 
fr 650339
ts 42403.877828
6d 1 [12 1.000][-1985.502 138.990 707.678 0.0689 -2.9584 -5.0371][0.994810 -0.087862 0.051307 0.087683 0.996132 0.005730 -0.051612 -0.001201 0.998667] 
fr 650340
ts 42403.894491
6d 1 [12 1.000][-1985.497 138.980 707.688 0.0638 -2.9581 -5.0363][0.994812 -0.087844 0.051308 0.087670 0.996134 0.005640 -0.051605 -0.001112 0.998667] 
fr 650341
ts 42403.911166
6d 1 [12 1.000][-1985.497 139.038 707.632 0.0653 -2.9590 -5.0370][0.994810 -0.087858 0.051321 0.087682 0.996132 0.005668 -0.051621 -0.001138 0.998666] 
fr 650342
ts 42403.927827
6d 1 [12 1.000][-1985.499 139.044 707.606 0.0817 -2.9588 -5.0367][0.994811 -0.087867 0.051293 0.087676 0.996131 0.005952 -0.051618 -0.001424 0.998666] 
fr 650343
ts 42403.944495
6d 1 [12 1.000][-1985.493 139.229 707.470 0.0757 -2.9625 -5.0430][0.994798 -0.087971 0.051367 0.087786 0.996122 0.005860 -0.051683 -0.001320 0.998663] 
fr 650344
ts 42403.961157
6d 1 [12 1.000][-1985.487 139.065 707.607 0.0720 -2.9609 -5.0409][0.994802 -0.087932 0.051344 0.087750 0.996126 0.005791 -0.051654 -0.001255 0.998664] 
fr 650345
ts 42403.977819
6d 1 [12 1.000][-1985.488 139.111 707.580 0.0899 -2.9644 -5.0462][0.994791 -0.088039 0.051376 0.087841 0.996116 0.006112 -0.051715 -0.001568 0.998661] 
fr 650346
ts 42403.994481
6d 1 [12 1.000][-1985.492 139.118 707.564 0.0940 -2.9712 -5.0523][0.994776 -0.088149 0.051488 0.087946 0.996106 0.006199 -0.051834 -0.001639 0.998654] 
fr 650347
ts 42404.011135
6d 1 [12 1.000][-1985.486 138.962 707.612 0.0955 -2.9672 -5.0497][0.994783 -0.088105 0.051417 0.087901 0.996110 0.006217 -0.051764 -0.001665 0.998658] 
fr 650348
ts 42404.027797
6d 1 [12 1.000][-1985.494 139.092 707.575 0.0891 -2.9723 -5.0546][0.994771 -0.088185 0.051514 0.087986 0.996103 0.006118 -0.051853 -0.001554 0.998654] 
fr 650349
ts 42404.044444
6d 1 [12 1.000][-1985.501 139.072 707.583 0.0813 -2.9736 -5.0552][0.994769 -0.088188 0.051549 0.087996 0.996103 0.005985 -0.051876 -0.001418 0.998653] 
fr 650350
ts 42404.061106
6d 1 [12 1.000][-1985.499 138.858 707.768 0.0860 -2.9728 -5.0421][0.994790 -0.087966 0.051529 0.087770 0.996122 0.006054 -0.051862 -0.001500 0.998653] 
fr 650351
ts 42404.077743
6d 1 [12 1.000][-1985.505 139.004 707.669 0.0755 -2.9732 -5.0452][0.994785 -0.088009 0.051552 0.087823 0.996119 0.005874 -0.051869 -0.001316 0.998653] 
fr 650352
ts 42404.094410
6d 1 [12 1.000][-1985.500 138.961 707.761 0.0605 -2.9698 -5.0462][0.994786 -0.088014 0.051515 0.087841 0.996119 0.005609 -0.051809 -0.001055 0.998656] 
fr 650353
ts 42404.111091
6d 1 [12 1.000][-1985.498 138.913 707.682 0.0637 -2.9669 -5.0317][0.994811 -0.087764 0.051462 0.087589 0.996141 0.005647 -0.051759 -0.001110 0.998659] 
fr 650354
ts 42404.127757
6d 1 [12 1.000][-1985.502 138.963 707.579 0.0703 -2.9695 -5.0396][0.994797 -0.087908 0.051497 0.087727 0.996128 0.005773 -0.051805 -0.001225 0.998656] 
fr 650355
ts 42404.144432
6d 1 [12 1.000][-1985.504 138.980 707.656 0.0560 -2.9679 -5.0315][0.994811 -0.087753 0.051491 0.087585 0.996142 0.005514 -0.051776 -0.000975 0.998658] 
fr 650356
ts 42404.161098
6d 1 [12 1.000][-1985.503 138.911 707.754 0.0557 -2.9672 -5.0303][0.994813 -0.087733 0.051479 0.087566 0.996144 0.005507 -0.051764 -0.000971 0.998659] 
fr 650357
ts 42404.177766
6d 1 [12 1.000][-1985.500 138.960 707.570 0.0548 -2.9678 -5.0300][0.994813 -0.087727 0.051492 0.087561 0.996144 0.005492 -0.051775 -0.000955 0.998658] 
fr 650358
ts 42404.194432
6d 1 [12 1.000][-1985.495 139.040 707.614 0.0552 -2.9676 -5.0300][0.994813 -0.087727 0.051488 0.087560 0.996144 0.005499 -0.051772 -0.000962 0.998658] 
fr 650359
ts 42404.211092
6d 1 [12 1.000][-1985.495 138.994 707.655 0.0530 -2.9660 -5.0249][0.994822 -0.087636 0.051463 0.087471 0.996152 0.005453 -0.051743 -0.000924 0.998660] 
fr 650360
ts 42404.227759
6d 1 [12 1.000][-1985.494 139.093 707.590 0.0542 -2.9666 -5.0258][0.994820 -0.087653 0.051472 0.087487 0.996151 0.005475 -0.051754 -0.000944 0.998659] 
fr 650361
ts 42404.244412
6d 1 [12 1.000][-1985.499 138.761 707.801 0.0642 -2.9640 -5.0233][0.994827 -0.087619 0.051411 0.087444 0.996153 0.005644 -0.051708 -0.001119 0.998662] 
fr 650362
ts 42404.261079
6d 1 [12 1.000][-1985.497 138.936 707.667 0.0735 -2.9625 -5.0223][0.994829 -0.087609 0.051372 0.087426 0.996154 0.005803 -0.051683 -0.001282 0.998663] 
fr 650363
ts 42404.277726
6d 1 [12 1.000][-1985.503 139.041 707.598 0.0782 -2.9631 -5.0227][0.994828 -0.087620 0.051375 0.087433 0.996153 0.005885 -0.051693 -0.001363 0.998662] 
fr 650364
ts 42404.294392
6d 1 [12 1.000][-1985.506 139.128 707.530 0.0707 -2.9675 -5.0287][0.994815 -0.087718 0.051463 0.087537 0.996145 0.005768 -0.051770 -0.001233 0.998658] 
fr 650365
ts 42404.311032
6d 1 [12 1.000][-1985.504 139.090 707.593 0.0733 -2.9690 -5.0335][0.994806 -0.087804 0.051484 0.087621 0.996137 0.005818 -0.051796 -0.001277 0.998657] 
fr 650366
ts 42404.327698
6d 1 [12 1.000][-1985.503 139.071 707.588 0.0772 -2.9723 -5.0520][0.994775 -0.088129 0.051533 0.087941 0.996108 0.005909 -0.051853 -0.001346 0.998654] 
fr 650367
ts 42404.344383
