fr 8600
ts 33172.801437
6d 1 [12 1.000][-1916.918 -52.885 719.187 -173.7368 -3.2998 83.0716][0.120429 -0.986015 -0.115201 -0.991052 -0.126143 0.043640 -0.057561 0.108914 -0.992383] 
fr 8601
ts 33172.818111
6d 1 [12 1.000][-1916.918 -52.885 719.187 -173.7368 -3.2998 83.0716][0.120429 -0.986015 -0.115201 -0.991052 -0.126143 0.043640 -0.057561 0.108914 -0.992383] 
fr 8602
ts 33172.834775
6d 1 [12 1.000][-1916.918 -52.885 719.187 -173.7368 -3.2998 83.0716][0.120429 -0.986015 -0.115201 -0.991052 -0.126143 0.043640 -0.057561 0.108914 -0.992383] 
fr 8603
ts 33172.851440
6d 1 [12 1.000][-1916.918 -52.885 719.187 -173.7368 -3.2998 83.0716][0.120429 -0.986015 -0.115201 -0.991052 -0.126143 0.043640 -0.057561 0.108914 -0.992383] 
fr 8604
ts 33172.868101
6d 1 [12 1.000][-1916.918 -52.885 719.187 -173.7368 -3.2998 83.0716][0.120429 -0.986015 -0.115201 -0.991052 -0.126143 0.043640 -0.057561 0.108914 -0.992383] 
fr 8605
ts 33172.884761
6d 1 [12 1.000][-1916.918 -52.885 719.187 -173.7368 -3.2998 83.0716][0.120429 -0.986015 -0.115201 -0.991052 -0.126143 0.043640 -0.057561 0.108914 -0.992383] 
fr 8606
ts 33172.901423
6d 1 [12 1.000][-1916.931 -52.858 719.123 -173.7377 -3.2986 83.0710][0.120440 -0.986016 -0.115184 -0.991052 -0.126150 0.043618 -0.057539 0.108899 -0.992386] 
fr 8607
ts 33172.918074
6d 1 [12 1.000][-1916.938 -52.870 719.203 -173.7471 -3.2843 83.0667][0.120516 -0.986028 -0.114995 -0.991057 -0.126190 0.043385 -0.057290 0.108738 -0.992418] 
fr 8608
ts 33172.934736
6d 1 [12 1.000][-1916.938 -52.870 719.203 -173.7471 -3.2843 83.0667][0.120516 -0.986028 -0.114995 -0.991057 -0.126190 0.043385 -0.057290 0.108738 -0.992418] 
fr 8609
ts 33172.951377
6d 1 [12 1.000][-1916.938 -52.870 719.203 -173.7471 -3.2843 83.0667][0.120516 -0.986028 -0.114995 -0.991057 -0.126190 0.043385 -0.057290 0.108738 -0.992418] 
fr 8610
ts 33172.968043
6d 1 [12 1.000][-1916.938 -52.870 719.203 -173.7471 -3.2843 83.0667][0.120516 -0.986028 -0.114995 -0.991057 -0.126190 0.043385 -0.057290 0.108738 -0.992418] 
fr 8611
ts 33172.984733
6d 1 [12 1.000][-1916.938 -52.870 719.203 -173.7471 -3.2843 83.0667][0.120516 -0.986028 -0.114995 -0.991057 -0.126190 0.043385 -0.057290 0.108738 -0.992418] 
fr 8612
ts 33173.001395
6d 1 [12 1.000][-1916.938 -52.870 719.203 -173.7471 -3.2843 83.0667][0.120516 -0.986028 -0.114995 -0.991057 -0.126190 0.043385 -0.057290 0.108738 -0.992418] 
fr 8613
ts 33173.018078
6d 1 [12 1.000][-1916.938 -52.870 719.203 -173.7471 -3.2843 83.0667][0.120516 -0.986028 -0.114995 -0.991057 -0.126190 0.043385 -0.057290 0.108738 -0.992418] 
fr 8614
ts 33173.034740
6d 1 [12 1.000][-1916.938 -52.870 719.203 -173.7471 -3.2843 83.0667][0.120516 -0.986028 -0.114995 -0.991057 -0.126190 0.043385 -0.057290 0.108738 -0.992418] 
fr 8615
ts 33173.051413
6d 1 [12 1.000][-1916.938 -52.870 719.203 -173.7471 -3.2843 83.0667][0.120516 -0.986028 -0.114995 -0.991057 -0.126190 0.043385 -0.057290 0.108738 -0.992418] 
fr 8616
ts 33173.068078
6d 1 [12 1.000][-1916.938 -52.870 719.203 -173.7471 -3.2843 83.0667][0.120516 -0.986028 -0.114995 -0.991057 -0.126190 0.043385 -0.057290 0.108738 -0.992418] 
fr 8617
ts 33173.084748
6d 1 [12 1.000][-1916.941 -52.899 719.245 -173.7486 -3.2854 83.0673][0.120505 -0.986033 -0.114972 -0.991057 -0.126180 0.043409 -0.057310 0.108713 -0.992420] 
fr 8618
ts 33173.101410
6d 1 [12 1.000][-1916.943 -52.884 719.243 -173.7623 -3.2935 83.0722][0.120420 -0.986069 -0.114749 -0.991059 -0.126101 0.043588 -0.057450 0.108474 -0.992438] 
fr 8619
ts 33173.118072
6d 1 [12 1.000][-1916.943 -52.884 719.243 -173.7623 -3.2935 83.0722][0.120420 -0.986069 -0.114749 -0.991059 -0.126101 0.043588 -0.057450 0.108474 -0.992438] 
fr 8620
ts 33173.134734
6d 1 [12 1.000][-1916.940 -52.887 719.198 -173.7612 -3.2944 83.0725][0.120414 -0.986067 -0.114770 -0.991059 -0.126098 0.043602 -0.057467 0.108493 -0.992435] 
fr 8621
ts 33173.151389
6d 1 [12 1.000][-1916.944 -52.898 719.231 -173.7569 -3.2995 83.0749][0.120373 -0.986063 -0.114852 -0.991059 -0.126071 0.043685 -0.057555 0.108566 -0.992422] 
fr 8622
ts 33173.168052
6d 1 [12 1.000][-1916.944 -52.898 719.231 -173.7569 -3.2995 83.0749][0.120373 -0.986063 -0.114852 -0.991059 -0.126071 0.043685 -0.057555 0.108566 -0.992422] 
fr 8623
ts 33173.184700
6d 1 [12 1.000][-1916.944 -52.898 719.231 -173.7569 -3.2995 83.0749][0.120373 -0.986063 -0.114852 -0.991059 -0.126071 0.043685 -0.057555 0.108566 -0.992422] 
fr 8624
ts 33173.201362
6d 1 [12 1.000][-1916.944 -52.898 719.231 -173.7569 -3.2995 83.0749][0.120373 -0.986063 -0.114852 -0.991059 -0.126071 0.043685 -0.057555 0.108566 -0.992422] 
fr 8625
ts 33173.218004
6d 1 [12 1.000][-1916.944 -52.898 719.231 -173.7569 -3.2995 83.0749][0.120373 -0.986063 -0.114852 -0.991059 -0.126071 0.043685 -0.057555 0.108566 -0.992422] 
fr 8626
ts 33173.234666
6d 1 [12 1.000][-1916.944 -52.898 719.231 -173.7569 -3.2995 83.0749][0.120373 -0.986063 -0.114852 -0.991059 -0.126071 0.043685 -0.057555 0.108566 -0.992422] 
fr 8627
ts 33173.251348
6d 1 [12 1.000][-1916.944 -52.898 719.231 -173.7569 -3.2995 83.0749][0.120373 -0.986063 -0.114852 -0.991059 -0.126071 0.043685 -0.057555 0.108566 -0.992422] 
fr 8628
ts 33173.268015
6d 1 [12 1.000][-1916.944 -52.898 719.231 -173.7569 -3.2995 83.0749][0.120373 -0.986063 -0.114852 -0.991059 -0.126071 0.043685 -0.057555 0.108566 -0.992422] 
fr 8629
ts 33173.284695
6d 1 [12 1.000][-1916.944 -52.898 719.231 -173.7569 -3.2995 83.0749][0.120373 -0.986063 -0.114852 -0.991059 -0.126071 0.043685 -0.057555 0.108566 -0.992422] 
fr 8630
ts 33173.301355
6d 1 [12 1.000][-1916.944 -52.898 719.231 -173.7569 -3.2995 83.0749][0.120373 -0.986063 -0.114852 -0.991059 -0.126071 0.043685 -0.057555 0.108566 -0.992422] 
fr 8631
ts 33173.318029
6d 1 [12 1.000][-1916.944 -52.898 719.231 -173.7569 -3.2995 83.0749][0.120373 -0.986063 -0.114852 -0.991059 -0.126071 0.043685 -0.057555 0.108566 -0.992422] 
fr 8632
ts 33173.334691
6d 1 [12 1.000][-1916.944 -52.898 719.231 -173.7569 -3.2995 83.0749][0.120373 -0.986063 -0.114852 -0.991059 -0.126071 0.043685 -0.057555 0.108566 -0.992422] 
fr 8633
ts 33173.351356
6d 1 [12 1.000][-1916.944 -52.898 719.231 -173.7569 -3.2995 83.0749][0.120373 -0.986063 -0.114852 -0.991059 -0.126071 0.043685 -0.057555 0.108566 -0.992422] 
fr 8634
ts 33173.368018
6d 1 [12 1.000][-1916.944 -52.898 719.231 -173.7569 -3.2995 83.0749][0.120373 -0.986063 -0.114852 -0.991059 -0.126071 0.043685 -0.057555 0.108566 -0.992422] 
fr 8635
ts 33173.384674
6d 1 [12 1.000][-1916.944 -52.898 719.231 -173.7569 -3.2995 83.0749][0.120373 -0.986063 -0.114852 -0.991059 -0.126071 0.043685 -0.057555 0.108566 -0.992422] 
fr 8636
ts 33173.401339
6d 1 [12 1.000][-1916.944 -52.898 719.231 -173.7569 -3.2995 83.0749][0.120373 -0.986063 -0.114852 -0.991059 -0.126071 0.043685 -0.057555 0.108566 -0.992422] 
fr 8637
ts 33173.417992
6d 1 [12 1.000][-1916.944 -52.898 719.231 -173.7569 -3.2995 83.0749][0.120373 -0.986063 -0.114852 -0.991059 -0.126071 0.043685 -0.057555 0.108566 -0.992422] 
fr 8638
ts 33173.434653
6d 1 [12 1.000][-1916.944 -52.898 719.231 -173.7569 -3.2995 83.0749][0.120373 -0.986063 -0.114852 -0.991059 -0.126071 0.043685 -0.057555 0.108566 -0.992422] 
fr 8639
ts 33173.451298
6d 1 [12 1.000][-1916.944 -52.898 719.231 -173.7569 -3.2995 83.0749][0.120373 -0.986063 -0.114852 -0.991059 -0.126071 0.043685 -0.057555 0.108566 -0.992422] 
fr 8640
ts 33173.467960
6d 1 [12 1.000][-1916.944 -52.898 719.231 -173.7569 -3.2995 83.0749][0.120373 -0.986063 -0.114852 -0.991059 -0.126071 0.043685 -0.057555 0.108566 -0.992422] 
fr 8641
ts 33173.484652
6d 1 [12 1.000][-1916.944 -52.898 719.231 -173.7569 -3.2995 83.0749][0.120373 -0.986063 -0.114852 -0.991059 -0.126071 0.043685 -0.057555 0.108566 -0.992422] 
fr 8642
ts 33173.501314
6d 1 [12 1.000][-1916.944 -52.898 719.231 -173.7569 -3.2995 83.0749][0.120373 -0.986063 -0.114852 -0.991059 -0.126071 0.043685 -0.057555 0.108566 -0.992422] 
fr 8643
ts 33173.517993
6d 1 [12 1.000][-1916.944 -52.898 719.231 -173.7569 -3.2995 83.0749][0.120373 -0.986063 -0.114852 -0.991059 -0.126071 0.043685 -0.057555 0.108566 -0.992422] 
fr 8644
ts 33173.534659
6d 1 [12 1.000][-1916.962 -52.897 719.267 -173.7565 -3.2976 83.0748][0.120375 -0.986062 -0.114855 -0.991061 -0.126069 0.043651 -0.057522 0.108574 -0.992423] 
fr 8645
ts 33173.551335
6d 1 [12 1.000][-1916.957 -52.896 719.252 -173.7491 -3.2817 83.0717][0.120429 -0.986044 -0.114952 -0.991070 -0.126097 0.043355 -0.057245 0.108704 -0.992424] 
fr 8646
ts 33173.567997
6d 1 [12 1.000][-1916.957 -52.896 719.252 -173.7491 -3.2817 83.0717][0.120429 -0.986044 -0.114952 -0.991070 -0.126097 0.043355 -0.057245 0.108704 -0.992424] 
fr 8647
ts 33173.584667
6d 1 [12 1.000][-1916.957 -52.896 719.252 -173.7491 -3.2817 83.0717][0.120429 -0.986044 -0.114952 -0.991070 -0.126097 0.043355 -0.057245 0.108704 -0.992424] 
fr 8648
ts 33173.601329
6d 1 [12 1.000][-1916.957 -52.896 719.252 -173.7491 -3.2817 83.0717][0.120429 -0.986044 -0.114952 -0.991070 -0.126097 0.043355 -0.057245 0.108704 -0.992424] 
fr 8649
ts 33173.617991
6d 1 [12 1.000][-1916.957 -52.896 719.252 -173.7491 -3.2817 83.0717][0.120429 -0.986044 -0.114952 -0.991070 -0.126097 0.043355 -0.057245 0.108704 -0.992424] 
fr 8650
ts 33173.634653
6d 1 [12 1.000][-1916.957 -52.896 719.252 -173.7491 -3.2817 83.0717][0.120429 -0.986044 -0.114952 -0.991070 -0.126097 0.043355 -0.057245 0.108704 -0.992424] 
fr 8651
ts 33173.651309
6d 1 [12 1.000][-1916.955 -52.895 719.212 -173.7491 -3.2815 83.0716][0.120430 -0.986044 -0.114952 -0.991070 -0.126098 0.043352 -0.057242 0.108705 -0.992425] 
fr 8652
ts 33173.667970
6d 1 [12 1.000][-1916.956 -52.900 719.231 -173.7515 -3.2802 83.0731][0.120406 -0.986052 -0.114906 -0.991074 -0.126069 0.043337 -0.057219 0.108662 -0.992431] 
fr 8653
ts 33173.684619
6d 1 [12 1.000][-1916.956 -52.900 719.231 -173.7515 -3.2802 83.0731][0.120406 -0.986052 -0.114906 -0.991074 -0.126069 0.043337 -0.057219 0.108662 -0.992431] 
fr 8654
ts 33173.701281
6d 1 [12 1.000][-1916.956 -52.900 719.231 -173.7515 -3.2802 83.0731][0.120406 -0.986052 -0.114906 -0.991074 -0.126069 0.043337 -0.057219 0.108662 -0.992431] 
fr 8655
ts 33173.717924
6d 1 [12 1.000][-1916.956 -52.900 719.231 -173.7515 -3.2802 83.0731][0.120406 -0.986052 -0.114906 -0.991074 -0.126069 0.043337 -0.057219 0.108662 -0.992431] 
fr 8656
ts 33173.734583
6d 1 [12 1.000][-1916.956 -52.900 719.231 -173.7515 -3.2802 83.0731][0.120406 -0.986052 -0.114906 -0.991074 -0.126069 0.043337 -0.057219 0.108662 -0.992431] 
fr 8657
ts 33173.751270
6d 1 [12 1.000][-1916.956 -52.900 719.231 -173.7515 -3.2802 83.0731][0.120406 -0.986052 -0.114906 -0.991074 -0.126069 0.043337 -0.057219 0.108662 -0.992431] 
fr 8658
ts 33173.767934
6d 1 [12 1.000][-1916.956 -52.900 719.231 -173.7515 -3.2802 83.0731][0.120406 -0.986052 -0.114906 -0.991074 -0.126069 0.043337 -0.057219 0.108662 -0.992431] 
fr 8659
ts 33173.784614
6d 1 [12 1.000][-1916.956 -52.900 719.231 -173.7515 -3.2802 83.0731][0.120406 -0.986052 -0.114906 -0.991074 -0.126069 0.043337 -0.057219 0.108662 -0.992431] 
fr 8660
ts 33173.801276
6d 1 [12 1.000][-1916.956 -52.900 719.231 -173.7515 -3.2802 83.0731][0.120406 -0.986052 -0.114906 -0.991074 -0.126069 0.043337 -0.057219 0.108662 -0.992431] 
fr 8661
ts 33173.817950
6d 1 [12 1.000][-1916.977 -52.851 719.271 -173.7517 -3.2800 83.0725][0.120416 -0.986051 -0.114903 -0.991073 -0.126079 0.043333 -0.057216 0.108659 -0.992431] 
fr 8662
ts 33173.834612
6d 1 [12 1.000][-1916.982 -52.890 719.282 -173.7550 -3.2815 83.0680][0.120493 -0.986048 -0.114852 -0.991062 -0.126156 0.043357 -0.057242 0.108602 -0.992436] 
fr 8663
ts 33173.851278
6d 1 [12 1.000][-1916.982 -52.890 719.282 -173.7550 -3.2815 83.0680][0.120493 -0.986048 -0.114852 -0.991062 -0.126156 0.043357 -0.057242 0.108602 -0.992436] 
fr 8664
ts 33173.867939
6d 1 [12 1.000][-1916.991 -52.907 719.327 -173.7549 -3.2802 83.0680][0.120493 -0.986048 -0.114852 -0.991064 -0.126154 0.043334 -0.057219 0.108604 -0.992437] 
fr 8665
ts 33173.884598
6d 1 [12 1.000][-1916.990 -52.889 719.307 -173.7551 -3.2709 83.0668][0.120515 -0.986048 -0.114829 -0.991070 -0.126157 0.043173 -0.057057 0.108600 -0.992447] 
fr 8666
ts 33173.901261
6d 1 [12 1.000][-1916.990 -52.889 719.307 -173.7551 -3.2709 83.0668][0.120515 -0.986048 -0.114829 -0.991070 -0.126157 0.043173 -0.057057 0.108600 -0.992447] 
fr 8667
ts 33173.917913
6d 1 [12 1.000][-1916.990 -52.889 719.307 -173.7551 -3.2709 83.0668][0.120515 -0.986048 -0.114829 -0.991070 -0.126157 0.043173 -0.057057 0.108600 -0.992447] 
fr 8668
ts 33173.934575
6d 1 [12 1.000][-1917.007 -52.880 719.256 -173.7542 -3.2693 83.0669][0.120513 -0.986047 -0.114843 -0.991072 -0.126152 0.043144 -0.057030 0.108618 -0.992446] 
fr 8669
ts 33173.951221
6d 1 [12 1.000][-1917.002 -52.885 719.265 -173.7529 -3.2675 83.0671][0.120510 -0.986045 -0.114860 -0.991074 -0.126146 0.043110 -0.056998 0.108640 -0.992446] 
fr 8670
ts 33173.967882
6d 1 [12 1.000][-1917.001 -52.889 719.269 -173.7515 -3.2655 83.0677][0.120501 -0.986044 -0.114880 -0.991078 -0.126135 0.043074 -0.056964 0.108664 -0.992445] 
fr 8671
ts 33173.984574
6d 1 [12 1.000][-1917.011 -52.898 719.292 -173.7458 -3.2537 83.0693][0.120474 -0.986039 -0.114952 -0.991093 -0.126088 0.042862 -0.056758 0.108764 -0.992446] 
fr 8672
ts 33174.001235
6d 1 [12 1.000][-1917.010 -52.930 719.300 -173.7462 -3.2525 83.0695][0.120471 -0.986040 -0.114943 -0.991094 -0.126082 0.042842 -0.056736 0.108758 -0.992448] 
fr 8673
ts 33174.017919
6d 1 [12 1.000][-1917.004 -52.943 719.302 -173.7468 -3.2520 83.0696][0.120469 -0.986042 -0.114932 -0.991095 -0.126079 0.042836 -0.056728 0.108748 -0.992449] 
fr 8674
ts 33174.034582
6d 1 [12 1.000][-1917.001 -52.920 719.312 -173.7490 -3.2469 83.0709][0.120448 -0.986050 -0.114881 -0.991103 -0.126046 0.042755 -0.056639 0.108709 -0.992459] 
fr 8675
ts 33174.051258
6d 1 [12 1.000][-1917.001 -52.920 719.312 -173.7490 -3.2469 83.0709][0.120448 -0.986050 -0.114881 -0.991103 -0.126046 0.042755 -0.056639 0.108709 -0.992459] 
fr 8676
ts 33174.067917
6d 1 [12 1.000][-1917.001 -52.920 719.312 -173.7490 -3.2469 83.0709][0.120448 -0.986050 -0.114881 -0.991103 -0.126046 0.042755 -0.056639 0.108709 -0.992459] 
fr 8677
ts 33174.084589
6d 1 [12 1.000][-1917.001 -52.920 719.312 -173.7490 -3.2469 83.0709][0.120448 -0.986050 -0.114881 -0.991103 -0.126046 0.042755 -0.056639 0.108709 -0.992459] 
fr 8678
ts 33174.101250
6d 1 [12 1.000][-1916.989 -52.883 719.338 -173.7511 -3.2478 83.0709][0.120447 -0.986054 -0.114847 -0.991102 -0.126046 0.042776 -0.056655 0.108673 -0.992462] 
fr 8679
ts 33174.117914
6d 1 [12 1.000][-1916.984 -52.860 719.327 -173.7534 -3.2501 83.0707][0.120450 -0.986058 -0.114812 -0.991099 -0.126052 0.042820 -0.056695 0.108633 -0.992464] 
fr 8680
ts 33174.134576
6d 1 [12 1.000][-1916.983 -52.848 719.252 -173.7533 -3.2519 83.0697][0.120468 -0.986055 -0.114819 -0.991095 -0.126073 0.042848 -0.056726 0.108634 -0.992462] 
fr 8681
ts 33174.151228
6d 1 [12 1.000][-1916.982 -52.811 719.316 -173.7560 -3.2540 83.0700][0.120463 -0.986060 -0.114776 -0.991094 -0.126070 0.042891 -0.056763 0.108587 -0.992465] 
fr 8682
ts 33174.167893
6d 1 [12 1.000][-1916.980 -52.719 719.315 -173.7574 -3.2573 83.0697][0.120467 -0.986062 -0.114759 -0.991090 -0.126080 0.042949 -0.056820 0.108563 -0.992464] 
fr 8683
ts 33174.184544
6d 1 [12 1.000][-1916.981 -52.667 719.299 -173.7588 -3.2578 83.0692][0.120476 -0.986064 -0.114736 -0.991088 -0.126088 0.042960 -0.056828 0.108538 -0.992467] 
fr 8684
ts 33174.201204
6d 1 [12 1.000][-1916.985 -52.654 719.311 -173.7606 -3.2652 83.0704][0.120455 -0.986068 -0.114720 -0.991083 -0.126081 0.043094 -0.056958 0.108506 -0.992463] 
fr 8685
ts 33174.217847
6d 1 [12 1.000][-1916.997 -52.651 719.308 -173.7610 -3.2654 83.0727][0.120414 -0.986074 -0.114712 -0.991088 -0.126040 0.043104 -0.056962 0.108499 -0.992463] 
fr 8686
ts 33174.234509
6d 1 [12 1.000][-1916.999 -52.627 719.313 -173.7634 -3.2699 83.0737][0.120397 -0.986080 -0.114680 -0.991086 -0.126031 0.043188 -0.057040 0.108458 -0.992463] 
fr 8687
ts 33174.251193
6d 1 [12 1.000][-1916.987 -52.605 719.313 -173.7646 -3.2714 83.0698][0.120463 -0.986073 -0.114666 -0.991076 -0.126098 0.043208 -0.057066 0.108437 -0.992464] 
fr 8688
ts 33174.267858
6d 1 [12 1.000][-1916.983 -52.593 719.297 -173.7582 -3.2707 83.0685][0.120486 -0.986058 -0.114774 -0.991074 -0.126125 0.043180 -0.057053 0.108547 -0.992453] 
fr 8689
ts 33174.284539
6d 1 [12 1.000][-1916.870 -52.550 719.306 -173.7636 -3.2676 83.0554][0.120714 -0.986040 -0.114685 -0.991050 -0.126341 0.043113 -0.057000 0.108455 -0.992466] 
fr 8690
ts 33174.301200
6d 1 [12 1.000][-1916.712 -52.452 719.289 -173.7571 -3.2751 82.9667][0.122246 -0.985829 -0.114879 -0.990854 -0.127885 0.043048 -0.057130 0.108566 -0.992446] 
fr 8691
ts 33174.317874
6d 1 [12 1.000][-1916.565 -52.171 719.088 -173.7439 -3.2723 82.7858][0.125374 -0.985394 -0.115236 -0.990466 -0.131002 0.042607 -0.057081 0.108796 -0.992424] 
fr 8692
ts 33174.334536
6d 1 [12 1.000][-1916.490 -51.908 718.065 -173.4593 -3.6253 82.6734][0.127270 -0.984461 -0.120990 -0.989851 -0.133839 0.047780 -0.063230 0.113681 -0.991503] 
fr 8693
ts 33174.351203
6d 1 [12 1.000][-1918.334 -52.407 717.193 -173.2332 -3.3547 82.8071][0.124996 -0.984356 -0.124178 -0.990430 -0.131179 0.042898 -0.058517 0.117627 -0.991332] 
fr 8694
ts 33174.367864
6d 1 [12 1.000][-1920.433 -52.451 716.820 -173.0692 -2.9183 82.7680][0.125724 -0.984022 -0.126073 -0.990758 -0.131062 0.034947 -0.050912 0.120514 -0.991405] 
fr 8695
ts 33174.384524
6d 1 [12 1.000][-1921.506 -52.277 716.734 -173.0651 -2.7879 82.6873][0.127134 -0.983862 -0.125905 -0.990692 -0.132178 0.032522 -0.048640 0.120598 -0.991509] 
fr 8696
ts 33174.401185
6d 1 [12 1.000][-1921.806 -52.202 717.001 -173.2274 -2.7943 82.6948][0.127003 -0.984231 -0.123127 -0.990704 -0.131969 0.033021 -0.048750 0.117789 -0.991841] 
fr 8697
ts 33174.417838
6d 1 [12 1.000][-1921.699 -52.393 717.712 -173.5877 -2.7793 82.9446][0.122684 -0.985554 -0.116755 -0.991260 -0.127435 0.034103 -0.048489 0.111550 -0.992575] 
fr 8698
ts 33174.434500
6d 1 [12 1.000][-1921.111 -53.321 718.825 -174.0171 -2.6356 83.0907][0.120170 -0.986754 -0.108977 -0.991688 -0.124400 0.032862 -0.045984 0.104122 -0.993501] 
fr 8699
ts 33174.451147
6d 1 [12 1.000][-1919.770 -55.392 719.940 -174.3320 -2.7575 83.2698][0.117059 -0.987697 -0.103695 -0.991959 -0.121340 0.035970 -0.048110 0.098650 -0.993959] 
fr 8700
ts 33174.467807
6d 1 [12 1.000][-1918.584 -58.361 720.713 -174.4241 -2.9486 83.7327][0.109023 -0.988774 -0.102173 -0.992707 -0.113619 0.040284 -0.051441 0.097036 -0.993951] 
fr 8701
ts 33174.484499
6d 1 [12 1.000][-1917.606 -61.438 722.499 -174.8833 -3.1667 84.3926][0.097562 -0.990768 -0.094133 -0.993695 -0.102225 0.046043 -0.055241 0.089048 -0.994494] 
fr 8702
ts 33174.501161
6d 1 [12 1.000][-1918.118 -64.050 724.382 -175.2193 -3.8181 85.9523][0.070431 -0.993644 -0.087817 -0.995292 -0.075877 0.060308 -0.066588 0.083156 -0.994309] 
fr 8703
ts 33174.517845
6d 1 [12 1.000][-1920.796 -66.163 727.105 -175.8499 -3.9399 87.7711][0.038800 -0.996430 -0.074980 -0.996882 -0.043759 0.065663 -0.068710 0.072198 -0.995021] 
fr 8704
ts 33174.534507
6d 1 [12 1.000][-1925.582 -67.874 730.878 -176.7247 -3.0543 89.1712][0.014443 -0.998218 -0.057896 -0.998475 -0.017484 0.052363 -0.053282 0.057052 -0.996948] 
fr 8705
ts 33174.551183
6d 1 [12 1.000][-1931.801 -69.366 734.719 -177.3600 -1.6676 90.2418][-0.004218 -0.998935 -0.045937 -0.999568 0.002875 0.029265 -0.029101 0.046041 -0.998516] 
fr 8706
ts 33174.567845
6d 1 [12 1.000][-1938.405 -70.261 739.306 -178.2709 0.1083 90.9106][-0.015891 -0.999418 -0.030200 -0.999872 0.015941 -0.001409 0.001890 0.030174 -0.999543] 
fr 8707
ts 33174.584512
6d 1 [12 1.000][-1944.656 -69.346 744.530 -179.5151 1.9219 91.4641][-0.025535 -0.999630 -0.009317 -0.999111 0.025833 -0.033309 0.033537 0.008458 -0.999402] 
fr 8708
ts 33174.601177
6d 1 [12 1.000][-1949.153 -66.715 751.003 178.6373 3.2041 91.7979][-0.031325 -0.999267 0.022016 -0.997945 0.030037 -0.056596 0.055893 -0.023744 -0.998154] 
fr 8709
ts 33174.617841
6d 1 [12 1.000][-1952.103 -62.257 757.912 176.5985 4.1008 91.9438][-0.033833 -0.997808 0.056877 -0.996866 0.029619 -0.073358 0.071512 -0.059180 -0.995683] 
fr 8710
ts 33174.634502
6d 1 [12 1.000][-1953.644 -57.333 765.295 174.4065 4.8951 91.7548][-0.030511 -0.995026 0.094823 -0.995885 0.022163 -0.087871 0.085332 -0.097114 -0.991608] 
fr 8711
ts 33174.651159
6d 1 [12 1.000][-1954.509 -51.773 773.087 171.9201 5.6834 91.3329][-0.023147 -0.990129 0.138236 -0.994815 0.009115 -0.101291 0.099031 -0.139863 -0.985206] 
fr 8712
ts 33174.667820
6d 1 [12 1.000][-1954.656 -45.433 781.433 169.3557 6.4073 90.6543][-0.011348 -0.982964 0.183447 -0.993689 -0.009388 -0.111778 0.111596 -0.183558 -0.976654] 
fr 8713
ts 33174.684470
6d 1 [12 1.000][-1954.355 -38.718 790.119 166.6762 7.3551 89.5688][0.007464 -0.972834 0.231385 -0.991744 -0.036825 -0.122835 0.128019 -0.228558 -0.965076] 
fr 8714
ts 33174.701132
6d 1 [12 1.000][-1953.677 -32.082 798.550 164.2011 8.3959 88.1493][0.031950 -0.960438 0.276657 -0.988767 -0.070809 -0.131630 0.146012 -0.269343 -0.951911] 
fr 8715
ts 33174.717774
6d 1 [12 1.000][-1952.828 -25.086 807.144 161.8634 9.7740 86.5001][0.060161 -0.945319 0.320551 -0.983647 -0.110760 -0.142025 0.169763 -0.306765 -0.936523] 
fr 8716
ts 33174.734438
6d 1 [12 1.000][-1951.598 -18.967 816.398 159.9307 11.4663 84.5849][0.092487 -0.928649 0.359246 -0.975668 -0.156553 -0.153504 0.198792 -0.336308 -0.920532] 
fr 8717
ts 33174.751120
6d 1 [12 1.000][-1950.145 -13.434 826.601 158.3737 13.4656 82.5231][0.126550 -0.910535 0.393587 -0.964241 -0.206059 -0.166671 0.232862 -0.358421 -0.904052] 
fr 8718
ts 33174.767786
6d 1 [12 1.000][-1948.175 -8.811 837.701 157.2499 15.7380 80.5665][0.157758 -0.892537 0.422481 -0.949495 -0.254624 -0.183371 0.271239 -0.372215 -0.887629] 
fr 8719
ts 33174.784467
6d 1 [12 1.000][-1944.278 -4.565 849.967 156.4757 17.7571 78.9137][0.183127 -0.876373 0.445461 -0.934586 -0.295766 -0.197667 0.304982 -0.380123 -0.873208] 
fr 8720
ts 33174.801128
6d 1 [12 1.000][-1937.200 0.352 863.628 155.9354 19.1578 77.6108][0.202668 -0.863112 0.462561 -0.922621 -0.326605 -0.205184 0.328172 -0.385184 -0.862518] 
fr 8721
ts 33174.817802
6d 1 [12 1.000][-1927.188 6.494 878.002 155.6169 19.8612 76.8351][0.214207 -0.854924 0.472463 -0.915801 -0.344012 -0.207281 0.339742 -0.388280 -0.856629] 
fr 8722
ts 33174.834464
6d 1 [12 1.000][-1915.219 12.972 892.952 155.5616 20.1927 76.6202][0.217183 -0.852650 0.475205 -0.913063 -0.349602 -0.209987 0.345178 -0.388287 -0.854450] 
fr 8723
ts 33174.851131
6d 1 [12 1.000][-1901.073 21.014 908.394 155.6194 20.1485 76.7847][0.214621 -0.854197 0.473588 -0.913941 -0.346649 -0.211060 0.344455 -0.387534 -0.855084] 
fr 8724
ts 33174.867792
6d 1 [12 1.000][-1885.623 30.056 924.294 155.7503 19.9571 77.4414][0.204381 -0.859468 0.468554 -0.917460 -0.335082 -0.214449 0.341316 -0.386050 -0.857012] 
fr 8725
ts 33174.884452
6d 1 [12 1.000][-1869.165 41.108 940.687 155.8076 19.7927 78.5333][0.187054 -0.866382 0.463027 -0.922144 -0.317335 -0.221245 0.338617 -0.385593 -0.858287] 
fr 8726
ts 33174.901112
6d 1 [12 1.000][-1852.154 52.814 957.501 156.0360 19.9062 80.0246][0.162875 -0.876030 0.453919 -0.926037 -0.294494 -0.236071 0.340482 -0.381895 -0.859202] 
fr 8727
ts 33174.917763
6d 1 [12 1.000][-1834.725 65.671 974.965 156.1751 20.1859 82.1252][0.128594 -0.887060 0.443383 -0.929727 -0.263407 -0.257341 0.345067 -0.379132 -0.858596] 
fr 8728
ts 33174.934429
6d 1 [12 1.000][-1817.150 78.885 992.276 156.4607 21.1511 84.7460][0.085402 -0.899738 0.427993 -0.928714 -0.227453 -0.292841 0.360829 -0.372473 -0.855024] 
fr 8729
ts 33174.951074
6d 1 [12 1.000][-1797.681 93.529 1009.964 156.5830 21.8277 88.1092][0.030630 -0.912262 0.408461 -0.927801 -0.177965 -0.327894 0.371817 -0.368928 -0.851848] 
fr 8730
ts 33174.967736
6d 1 [12 1.000][-1776.952 108.915 1027.762 156.6157 21.9376 92.0739][-0.033569 -0.922628 0.384227 -0.926984 -0.114965 -0.357049 0.373597 -0.368158 -0.851402] 
fr 8731
ts 33174.984427
6d 1 [12 1.000][-1753.225 126.008 1046.232 156.4700 21.8648 96.5518][-0.105893 -0.927828 0.357661 -0.922004 -0.043095 -0.384773 0.372417 -0.370510 -0.850898] 
fr 8732
ts 33175.001089
6d 1 [12 1.000][-1727.242 143.297 1064.896 156.1892 21.5879 101.3261][-0.182616 -0.926239 0.329748 -0.911746 0.034030 -0.409342 0.367927 -0.375399 -0.850709] 
fr 8733
ts 33175.017771
6d 1 [12 1.000][-1699.564 160.441 1083.594 155.6586 21.4091 106.5268][-0.264835 -0.916264 0.300538 -0.892535 0.114939 -0.436085 0.365025 -0.383732 -0.848237] 
fr 8734
ts 33175.034436
6d 1 [12 1.000][-1670.525 176.834 1102.565 154.9363 20.8299 112.1375][-0.352201 -0.895826 0.271016 -0.865741 0.201813 -0.458001 0.355594 -0.395938 -0.846632] 
fr 8735
ts 33175.051114
6d 1 [12 1.000][-1640.619 192.508 1122.054 153.8308 20.2311 118.1843][-0.443171 -0.863113 0.242146 -0.827053 0.289469 -0.481862 0.345808 -0.413815 -0.842125] 
fr 8736
ts 33175.067775
6d 1 [12 1.000][-1610.273 207.017 1141.742 152.3360 19.9114 124.4428][-0.531773 -0.819847 0.212293 -0.775391 0.370529 -0.511348 0.340566 -0.436532 -0.832739] 
fr 8737
ts 33175.084446
6d 1 [12 1.000][-1579.685 219.195 1161.534 150.8676 19.4848 130.8349][-0.616433 -0.767066 0.177819 -0.713267 0.448303 -0.538772 0.333557 -0.458949 -0.823471] 
fr 8738
ts 33175.101107
6d 1 [12 1.000][-1548.622 228.833 1181.417 149.3461 19.2917 137.2591][-0.693191 -0.707557 0.137294 -0.640575 0.517483 -0.567340 0.330378 -0.481222 -0.811958] 
fr 8739
ts 33175.117771
6d 1 [12 1.000][-1516.684 235.958 1201.662 147.7239 18.9451 143.4705][-0.760022 -0.642575 0.097285 -0.562993 0.576193 -0.592486 0.324662 -0.505073 -0.799685] 
fr 8740
ts 33175.134432
6d 1 [12 1.000][-1483.940 239.856 1222.177 146.5198 18.3425 149.3738][-0.816788 -0.574294 0.055162 -0.483552 0.629291 -0.608416 0.314697 -0.523621 -0.791699] 
fr 8741
ts 33175.151090
6d 1 [12 1.000][-1450.819 239.801 1243.550 145.8444 17.5280 154.7110][-0.862184 -0.506387 0.014500 -0.407350 0.675978 -0.614101 0.301171 -0.535375 -0.789094] 
fr 8742
ts 33175.167750
6d 1 [12 1.000][-1417.611 236.165 1266.056 145.9548 16.3685 159.4697][-0.898530 -0.438343 -0.022339 -0.336489 0.720638 -0.606181 0.281813 -0.537155 -0.795013] 
fr 8743
ts 33175.184401
6d 1 [12 1.000][-1385.103 228.931 1289.124 146.6710 15.1692 163.7085][-0.926403 -0.372387 -0.055722 -0.270750 0.761648 -0.588716 0.261671 -0.530302 -0.806417] 
fr 8744
ts 33175.201062
6d 1 [12 1.000][-1354.068 218.545 1312.783 147.8575 13.9913 167.4909][-0.947298 -0.308974 -0.084624 -0.210169 0.798767 -0.563738 0.241775 -0.516243 -0.821607] 
fr 8745
ts 33175.217706
6d 1 [12 1.000][-1324.586 205.161 1336.845 149.4736 12.8800 170.7476][-0.962156 -0.250250 -0.107847 -0.156739 0.831983 -0.532200 0.222909 -0.495155 -0.839722] 
fr 8746
ts 33175.234367
6d 1 [12 1.000][-1296.862 189.556 1360.665 151.0880 11.9312 173.6828][-0.972456 -0.195662 -0.126674 -0.107655 0.859050 -0.500443 0.206737 -0.473022 -0.856452] 
fr 8747
ts 33175.251052
6d 1 [12 1.000][-1270.988 172.034 1384.171 152.7745 11.0593 176.3796][-0.979470 -0.143733 -0.141344 -0.061973 0.881896 -0.467352 0.191825 -0.448998 -0.872699] 
fr 8748
ts 33175.267717
6d 1 [12 1.000][-1247.108 153.244 1406.968 154.4838 10.2987 178.8902][-0.983704 -0.094477 -0.152970 -0.019056 0.900802 -0.433811 0.178781 -0.423827 -0.887924] 
fr 8749
ts 33175.284398
6d 1 [12 1.000][-1224.925 133.650 1429.053 156.1483 9.5232 -178.7158][-0.985971 -0.046389 -0.160341 0.022102 0.915865 -0.400879 0.165447 -0.398799 -0.901991] 
fr 8750
ts 33175.301060
6d 1 [12 1.000][-1204.542 113.936 1450.091 157.7031 8.7610 -176.2569][-0.986224 0.002738 -0.165392 0.064522 0.927029 -0.369396 0.152312 -0.374979 -0.914435] 
fr 8751
ts 33175.317733
6d 1 [12 1.000][-1185.760 93.216 1470.563 159.4730 7.9604 -173.8473][-0.984659 0.052093 -0.166531 0.106146 0.936317 -0.334729 0.138489 -0.347270 -0.927483] 
fr 8752
ts 33175.334395
6d 1 [12 1.000][-1168.653 72.655 1489.976 161.1731 7.2058 -171.2470][-0.980548 0.104026 -0.166448 0.150973 0.941634 -0.300885 0.125434 -0.320161 -0.939023] 
fr 8753
ts 33175.351058
6d 1 [12 1.000][-1153.360 52.200 1508.772 162.7345 6.3707 -168.5280][-0.973970 0.157652 -0.162874 0.197661 0.942412 -0.269796 0.110961 -0.294967 -0.949043] 
fr 8754
ts 33175.367724
6d 1 [12 1.000][-1140.005 31.604 1526.703 164.5555 5.7206 -165.7596][-0.964445 0.211379 -0.158635 0.244766 0.940801 -0.234487 0.099678 -0.264978 -0.959088] 
fr 8755
ts 33175.384384
6d 1 [12 1.000][-1128.755 10.824 1543.619 166.1767 5.2572 -163.0208][-0.952388 0.262628 -0.154867 0.290796 0.935103 -0.202532 0.091626 -0.237924 -0.966952] 
fr 8756
ts 33175.401045
6d 1 [12 1.000][-1118.944 -8.604 1559.616 167.8772 4.9094 -160.1408][-0.937080 0.315230 -0.150038 0.338464 0.925662 -0.169095 0.085581 -0.209238 -0.974113] 
fr 8757
ts 33175.417699
6d 1 [12 1.000][-1111.065 -27.308 1574.982 169.3745 4.5235 -157.3840][-0.920228 0.364535 -0.142462 0.383355 0.912867 -0.140400 0.078868 -0.183814 -0.979792] 
fr 8758
ts 33175.434361
6d 1 [12 1.000][-1105.271 -45.223 1589.656 171.0327 4.2955 -154.9234][-0.903198 0.408075 -0.133073 0.422639 0.899620 -0.109821 0.074900 -0.155432 -0.985003] 
fr 8759
ts 33175.451007
6d 1 [12 1.000][-1102.165 -62.834 1603.316 172.8270 4.4053 -152.8406][-0.887111 0.444362 -0.124804 0.455119 0.887154 -0.076311 0.076810 -0.124497 -0.989242] 
fr 8760
ts 33175.467670
6d 1 [12 1.000][-1101.597 -79.693 1615.749 174.6453 4.9494 -151.3104][-0.873962 0.470907 -0.120154 0.478275 0.877270 -0.040626 0.086276 -0.092973 -0.991924] 
fr 8761
ts 33175.484361
6d 1 [12 1.000][-1103.327 -94.347 1626.358 176.1878 5.9993 -150.4321][-0.865008 0.486319 -0.123512 0.490752 0.871276 -0.006368 0.104516 -0.066122 -0.992323] 
fr 8762
ts 33175.501023
6d 1 [12 1.000][-1106.750 -106.203 1635.590 177.0145 7.1269 -150.2552][-0.861535 0.489855 -0.133414 0.492305 0.870271 0.016251 0.124067 -0.051680 -0.990927] 
fr 8763
ts 33175.517708
6d 1 [12 1.000][-1111.448 -115.257 1644.093 177.1769 8.0150 -150.9245][-0.865442 0.479370 -0.145648 0.481215 0.876256 0.024631 0.139432 -0.048771 -0.989030] 
fr 8764
ts 33175.534369
6d 1 [12 1.000][-1117.654 -122.449 1651.704 177.0539 8.9504 -152.2331][-0.874076 0.458185 -0.161427 0.460203 0.887406 0.026907 0.155579 -0.050771 -0.986518] 
fr 8765
ts 33175.551047
6d 1 [12 1.000][-1125.653 -128.768 1658.607 177.0080 10.0054 -154.0952][-0.885840 0.428125 -0.178873 0.430234 0.902257 0.028849 0.173740 -0.051402 -0.983449] 
fr 8766
ts 33175.567710
6d 1 [12 1.000][-1135.011 -134.438 1664.839 177.1453 11.1005 -156.3103][-0.898602 0.392503 -0.196099 0.394266 0.918451 0.031653 0.192531 -0.048872 -0.980073] 
fr 8767
ts 33175.584379
6d 1 [12 1.000][-1145.460 -140.362 1670.302 177.6743 12.2780 -158.9582][-0.911971 0.350699 -0.212882 0.350837 0.935648 0.038416 0.212655 -0.039652 -0.976322] 
fr 8768
ts 33175.601041
6d 1 [12 1.000][-1156.218 -146.284 1675.445 178.4943 13.3122 -161.7857][-0.924371 0.306716 -0.226857 0.304173 0.951457 0.046987 0.230257 -0.025570 -0.972794] 
fr 8769
ts 33175.617705
6d 1 [12 1.000][-1167.198 -152.951 1681.148 179.6186 13.8805 -164.9318][-0.937419 0.258420 -0.233375 0.252377 0.966011 0.055937 0.239898 -0.006462 -0.970777] 
fr 8770
ts 33175.634367
6d 1 [12 1.000][-1178.107 -158.980 1686.014 -179.0493 14.3267 -168.0486][-0.947898 0.211071 -0.238617 0.200642 0.977339 0.067467 0.247450 0.016075 -0.968767] 
fr 8771
ts 33175.651023
6d 1 [12 1.000][-1188.836 -164.549 1689.904 -177.4508 14.7558 -171.1427][-0.955488 0.165015 -0.244565 0.148896 0.985353 0.083125 0.254700 0.043010 -0.966063] 
fr 8772
ts 33175.667685
6d 1 [12 1.000][-1199.412 -169.146 1693.126 -175.9239 15.0672 -173.8747][-0.960109 0.124806 -0.250230 0.103036 0.989804 0.098343 0.259952 0.068638 -0.963179] 
fr 8773
ts 33175.684335
6d 1 [12 1.000][-1210.003 -172.658 1696.304 -174.9881 15.1374 -176.3320][-0.963325 0.086496 -0.254015 0.061754 0.992677 0.103825 0.261135 0.084331 -0.961612] 
fr 8774
ts 33175.700996
6d 1 [12 1.000][-1220.839 -174.745 1698.325 -174.2664 15.3559 -178.5825][-0.964004 0.051061 -0.260937 0.023854 0.994038 0.106390 0.264814 0.096336 -0.959475] 
fr 8775
ts 33175.717640
6d 1 [12 1.000][-1231.883 -175.713 1699.905 -173.8084 15.6071 179.3752][-0.963072 0.018175 -0.268629 -0.010502 0.994424 0.104931 0.269038 0.103877 -0.957511] 
fr 8776
ts 33175.734299
6d 1 [12 1.000][-1242.729 -176.135 1700.911 -173.8399 15.9970 177.5513][-0.960398 -0.012932 -0.278330 -0.041070 0.994582 0.095503 0.275587 0.103152 -0.955726] 
fr 8777
ts 33175.750987
6d 1 [12 1.000][-1253.485 -176.643 1701.478 -173.6354 16.4690 175.5867][-0.956130 -0.045143 -0.289444 -0.073794 0.993308 0.088846 0.283496 0.106308 -0.953063] 
fr 8778
ts 33175.767651
6d 1 [12 1.000][-1263.496 -178.000 1701.587 -173.0974 17.0887 173.6102][-0.949913 -0.075390 -0.303286 -0.106379 0.990515 0.086968 0.293852 0.114875 -0.948923] 
fr 8779
ts 33175.784333
6d 1 [12 1.000][-1271.709 -181.718 1700.567 -171.4278 17.8749 171.1167][-0.940313 -0.107495 -0.322888 -0.146968 0.984033 0.100399 0.306940 0.141861 -0.941097] 
fr 8780
ts 33175.800994
6d 1 [12 1.000][-1277.719 -187.028 1699.008 -169.2370 18.6429 168.6432][-0.928977 -0.134926 -0.344670 -0.186586 0.974928 0.121249 0.319668 0.176948 -0.930861] 
fr 8781
ts 33175.817669
6d 1 [12 1.000][-1280.818 -193.100 1697.526 -166.8110 19.1123 166.4217][-0.918470 -0.155963 -0.363441 -0.221832 0.963949 0.146944 0.327420 0.215587 -0.919956] 
fr 8782
ts 33175.834330
6d 1 [12 1.000][-1281.502 -199.209 1697.192 -164.5995 18.9712 164.8859][-0.912969 -0.168033 -0.371822 -0.246580 0.953254 0.174656 0.325093 0.251140 -0.911726] 
fr 8783
ts 33175.850998
6d 1 [12 1.000][-1278.989 -206.255 1698.664 -162.1850 17.7960 163.6054][-0.913436 -0.179014 -0.365497 -0.268746 0.939732 0.211376 0.305629 0.291305 -0.906495] 
fr 8784
ts 33175.867659
6d 1 [12 1.000][-1273.686 -213.311 1701.320 -160.2976 16.0480 162.8604][-0.918350 -0.188389 -0.348055 -0.283217 0.927112 0.245463 0.276443 0.323996 -0.904768] 
fr 8785
ts 33175.884320
6d 1 [12 1.000][-1266.483 -219.239 1705.054 -159.1346 13.9651 162.9737][-0.927909 -0.191420 -0.319912 -0.284156 0.918633 0.274532 0.241331 0.345646 -0.906801] 
fr 8786
ts 33175.900982
6d 1 [12 1.000][-1257.764 -223.557 1708.939 -158.3651 11.8880 163.7917][-0.939658 -0.186535 -0.286788 -0.273143 0.913806 0.300587 0.205999 0.360783 -0.909615] 
fr 8787
ts 33175.917634
6d 1 [12 1.000][-1248.079 -227.660 1712.198 -157.8704 10.0326 164.9057][-0.950735 -0.177865 -0.253903 -0.256426 0.911464 0.321682 0.174208 0.370942 -0.912170] 
fr 8788
ts 33175.934297
6d 1 [12 1.000][-1236.885 -231.489 1714.915 -157.4923 8.2946 166.2388][-0.961135 -0.166117 -0.220509 -0.235387 0.910447 0.340117 0.144263 0.378803 -0.914164] 
fr 8789
ts 33175.950944
6d 1 [12 1.000][-1224.250 -236.041 1716.943 -157.0012 6.5225 167.4930][-0.969951 -0.156015 -0.186695 -0.215156 0.908280 0.358796 0.113594 0.388183 -0.914555] 
fr 8790
ts 33175.967604
6d 1 [12 1.000][-1210.281 -240.525 1718.380 -156.5141 4.8053 168.8935][-0.977822 -0.143917 -0.152161 -0.191957 0.906412 0.376259 0.083770 0.397122 -0.913935] 
fr 8791
ts 33175.984298
6d 1 [12 1.000][-1194.713 -245.848 1719.502 -155.9715 2.9272 170.2388][-0.984237 -0.134356 -0.115002 -0.169320 0.903646 0.393388 0.051067 0.406659 -0.912152] 
fr 8792
ts 33176.000958
6d 1 [12 1.000][-1177.878 -251.726 1720.784 -155.4187 0.9059 171.9762][-0.990086 -0.120423 -0.072302 -0.139568 0.901387 0.409904 0.015810 0.415932 -0.909258] 
fr 8793
ts 33176.017644
6d 1 [12 1.000][-1159.439 -258.901 1721.435 -154.6435 -1.3246 173.9576][-0.994178 -0.104969 -0.024305 -0.105237 0.897598 0.428069 -0.023117 0.428134 -0.903419] 
fr 8794
ts 33176.034306
6d 1 [12 1.000][-1140.413 -266.298 1721.434 -153.6809 -3.4461 176.6456][-0.996482 -0.079052 0.027843 -0.058406 0.893244 0.445762 -0.060109 0.442568 -0.894718] 
fr 8795
ts 33176.050984
6d 1 [12 1.000][-1121.077 -275.104 1720.259 -152.3192 -5.4547 179.7117][-0.995459 -0.048615 0.081840 -0.005010 0.885316 0.464963 -0.095059 0.462441 -0.881539] 
fr 8796
ts 33176.067645
6d 1 [12 1.000][-1101.974 -284.125 1717.940 -150.7834 -7.1206 -176.8609][-0.990799 -0.012620 0.134755 0.054339 0.874784 0.481456 -0.123958 0.484348 -0.866049] 
fr 8797
ts 33176.084316
6d 1 [12 1.000][-1083.434 -294.089 1714.196 -148.9662 -8.4055 -173.4720][-0.982844 0.022544 0.183053 0.112468 0.859876 0.497961 -0.146177 0.510005 -0.847660] 
fr 8798
ts 33176.100977
6d 1 [12 1.000][-1066.175 -303.353 1709.915 -147.4361 -9.2319 -170.1036][-0.972360 0.059783 0.225704 0.169641 0.845092 0.506993 -0.160431 0.531268 -0.831875] 
fr 8799
ts 33176.117638
6d 1 [12 1.000][-1050.420 -311.766 1705.234 -146.1485 -9.5143 -166.5803][-0.959316 0.103179 0.262806 0.228890 0.829178 0.509973 -0.165294 0.549379 -0.819061] 
fr 8800
ts 33176.134303
6d 1 [12 1.000][-1035.265 -320.092 1699.815 -145.1879 -9.7661 -163.3790][-0.944332 0.142055 0.296746 0.281895 0.814423 0.507198 -0.169627 0.562614 -0.809130] 
fr 8801
ts 33176.150961
6d 1 [12 1.000][-1020.683 -327.301 1694.131 -144.3777 -9.9797 -159.9971][-0.925458 0.183210 0.331605 0.336891 0.798365 0.499117 -0.173299 0.573627 -0.800575] 
fr 8802
ts 33176.167623
6d 1 [12 1.000][-1006.856 -332.702 1688.846 -144.1791 -10.1362 -156.2783][-0.901221 0.231904 0.366088 0.396015 0.783777 0.478398 -0.175989 0.576119 -0.798194] 
fr 8803
ts 33176.184272
6d 1 [12 1.000][-993.708 -336.715 1683.678 -144.4152 -10.3383 -152.5009][-0.872617 0.282878 0.398144 0.454239 0.769591 0.448773 -0.179460 0.572459 -0.800053] 
fr 8804
ts 33176.200933
6d 1 [12 1.000][-981.754 -340.168 1678.320 -144.7146 -10.4153 -148.9140][-0.842283 0.332036 0.424631 0.507817 0.752980 0.418502 -0.180781 0.568132 -0.802835] 
fr 8805
ts 33176.217577
6d 1 [12 1.000][-970.633 -342.861 1672.921 -145.2217 -10.5641 -145.6689][-0.811796 0.376872 0.446044 0.554415 0.737255 0.386108 -0.183335 0.560734 -0.807444] 
fr 8806
ts 33176.234240
6d 1 [12 1.000][-960.685 -344.690 1667.489 -145.8204 -10.5549 -142.8037][-0.783091 0.418158 0.460340 0.594319 0.721198 0.355891 -0.183178 0.552284 -0.813283] 
fr 8807
ts 33176.250927
6d 1 [12 1.000][-952.376 -346.277 1661.862 -146.3917 -10.3201 -140.4569][-0.758670 0.453769 0.467454 0.626359 0.705373 0.331848 -0.179147 0.544558 -0.819368] 
fr 8808
ts 33176.267589
6d 1 [12 1.000][-945.756 -347.523 1656.131 -146.8385 -9.8187 -138.5784][-0.738878 0.483894 0.468941 0.651903 0.689448 0.315727 -0.170532 0.538988 -0.824870] 
fr 8809
ts 33176.284271
6d 1 [12 1.000][-941.089 -348.153 1650.331 -147.2632 -8.9698 -137.1912][-0.724654 0.509761 0.463704 0.671244 0.674396 0.307607 -0.155914 0.534167 -0.830877] 
fr 8810
ts 33176.300932
6d 1 [12 1.000][-937.694 -348.391 1644.201 -147.6250 -7.8257 -136.1800][-0.714800 0.532165 0.453720 0.685946 0.659848 0.306722 -0.136160 0.530472 -0.836696] 
fr 8811
ts 33176.317607
6d 1 [12 1.000][-935.896 -347.708 1638.326 -147.8028 -6.4838 -135.4991][-0.708678 0.550217 0.441629 0.696437 0.645731 0.313061 -0.112922 0.529426 -0.840807] 
fr 8812
ts 33176.334269
6d 1 [12 1.000][-935.414 -345.486 1632.991 -147.9893 -5.3279 -135.2201][-0.706751 0.562345 0.429268 0.701342 0.636560 0.320797 -0.092856 0.527787 -0.844286] 
fr 8813
ts 33176.350932
6d 1 [12 1.000][-936.077 -341.421 1628.041 -148.2243 -4.1841 -135.0873][-0.706296 0.572997 0.415717 0.704147 0.629165 0.329134 -0.072962 0.525192 -0.847850] 
fr 8814
ts 33176.367598
6d 1 [12 1.000][-937.633 -335.438 1623.364 -148.7772 -3.2366 -135.1782][-0.708172 0.582045 0.399646 0.703779 0.627197 0.333645 -0.056460 0.517540 -0.853794] 
fr 8815
ts 33176.384259
6d 1 [12 1.000][-940.568 -327.360 1618.854 -149.5624 -2.1508 -135.4412][-0.712029 0.591395 0.378507 0.701147 0.627671 0.338265 -0.037530 0.506243 -0.861574] 
