fr 115405
ts 36502.462199
6d 1 [12 1.000][576.580 -350.033 432.953 -4.3455 -6.8020 -36.6795][0.796345 -0.588423 0.139974 0.593133 0.805045 0.009777 -0.118438 0.075238 0.990107] 
3d 0 
fr 115406
ts 36502.478863
6d 1 [12 1.000][576.510 -350.020 432.939 -4.3523 -6.8001 -36.7178][0.795951 -0.588948 0.140010 0.593669 0.804650 0.009756 -0.118405 0.075354 0.990102] 
3d 0 
fr 115407
ts 36502.495512
6d 1 [12 1.000][576.518 -349.939 432.867 -4.3531 -6.8031 -36.7185][0.795939 -0.588952 0.140061 0.593674 0.804646 0.009776 -0.118457 0.075369 0.990095] 
3d 0 
fr 115408
ts 36502.512179
6d 1 [12 1.000][576.481 -350.273 432.802 -4.3131 -6.8113 -36.6854][0.796268 -0.588577 0.139769 0.593205 0.804985 0.010343 -0.118599 0.074676 0.990130] 
3d 0 
fr 115409
ts 36502.528821
6d 1 [12 1.000][576.484 -350.056 432.894 -4.3483 -6.8071 -36.6871][0.796258 -0.588518 0.140072 0.593233 0.804971 0.009810 -0.118527 0.075284 0.990093] 
3d 0 
fr 115410
ts 36502.545487
6d 1 [12 1.000][576.473 -350.182 432.882 -4.3424 -6.8083 -36.6876][0.796250 -0.588539 0.140029 0.593239 0.804965 0.009906 -0.118549 0.075183 0.990098] 
3d 0 
fr 115411
ts 36502.562177
6d 1 [12 1.000][576.490 -350.071 432.905 -4.3410 -6.8096 -36.6895][0.796228 -0.588567 0.140031 0.593263 0.804947 0.009944 -0.118570 0.075158 0.990097] 
3d 0 
fr 115412
ts 36502.578842
6d 1 [12 1.000][576.485 -350.119 432.893 -4.3394 -6.8112 -36.6912][0.796208 -0.588593 0.140037 0.593285 0.804931 0.009986 -0.118598 0.075131 0.990096] 
3d 0 
fr 115413
ts 36502.595527
6d 1 [12 1.000][576.487 -349.919 432.844 -4.3345 -6.8146 -36.6957][0.796156 -0.588665 0.140033 0.593343 0.804886 0.010101 -0.118657 0.075046 0.990095] 
3d 0 
fr 115414
ts 36502.612189
6d 1 [12 1.000][576.476 -350.083 432.877 -4.3149 -6.8214 -36.7012][0.796087 -0.588783 0.139924 0.593412 0.804831 0.010461 -0.118775 0.074705 0.990107] 
3d 0 
fr 115415
ts 36502.628865
6d 1 [12 1.000][576.485 -350.085 432.889 -4.3137 -6.8216 -36.7012][0.796087 -0.588786 0.139914 0.593412 0.804831 0.010480 -0.118778 0.074684 0.990108] 
3d 0 
fr 115416
ts 36502.645529
6d 1 [12 1.000][576.486 -350.235 432.902 -4.3116 -6.8213 -36.7005][0.796095 -0.588782 0.139890 0.593402 0.804838 0.010503 -0.118773 0.074649 0.990111] 
3d 0 
fr 115417
ts 36502.662198
6d 1 [12 1.000][576.529 -349.913 433.001 -4.3138 -6.8179 -36.7041][0.796063 -0.588830 0.139865 0.593456 0.804799 0.010447 -0.118715 0.074687 0.990115] 
3d 0 
fr 115418
ts 36502.678863
6d 1 [12 1.000][576.507 -350.062 432.933 -4.3220 -6.8160 -36.7062][0.796045 -0.588841 0.139922 0.593487 0.804777 0.010318 -0.118682 0.074828 0.990109] 
3d 0 
fr 115419
ts 36502.695527
6d 1 [12 1.000][576.538 -349.936 432.949 -4.3339 -6.8142 -36.7091][0.796018 -0.588856 0.140019 0.593530 0.804748 0.010139 -0.118650 0.075035 0.990097] 
3d 0 
fr 115420
ts 36502.712190
6d 1 [12 1.000][576.526 -350.031 432.918 -4.3455 -6.8128 -36.7136][0.795973 -0.588892 0.140119 0.593595 0.804702 0.009972 -0.118626 0.075236 0.990085] 
3d 0 
fr 115421
ts 36502.728845
6d 1 [12 1.000][576.523 -349.920 432.811 -4.3499 -6.8125 -36.7160][0.795949 -0.588915 0.140158 0.593628 0.804679 0.009912 -0.118620 0.075312 0.990079] 
3d 0 
fr 115422
ts 36502.745510
6d 1 [12 1.000][576.436 -350.224 432.817 -4.3239 -6.8163 -36.7107][0.795998 -0.588900 0.139945 0.593550 0.804731 0.010305 -0.118687 0.074861 0.990106] 
3d 0 
fr 115423
ts 36502.762157
6d 1 [12 1.000][576.476 -350.113 432.872 -4.2929 -6.8109 -36.7061][0.796055 -0.588916 0.139552 0.593492 0.804769 0.010672 -0.118592 0.074327 0.990157] 
3d 0 
fr 115424
ts 36502.778823
6d 1 [12 1.000][576.511 -349.980 432.966 -4.3211 -6.8068 -36.7169][0.795949 -0.589003 0.139784 0.593647 0.804660 0.010261 -0.118522 0.074815 0.990129] 
3d 0 
fr 115425
ts 36502.795467
6d 1 [12 1.000][576.506 -350.102 432.901 -4.2978 -6.8133 -36.7073][0.796038 -0.588919 0.139635 0.593506 0.804759 0.010632 -0.118634 0.074410 0.990146] 
3d 0 
fr 115426
ts 36502.812129
6d 1 [12 1.000][576.504 -350.059 432.808 -4.3207 -6.8227 -36.7088][0.796007 -0.588875 0.140000 0.593515 0.804755 0.010411 -0.118797 0.074805 0.990097] 
3d 0 
fr 115427
ts 36502.828818
6d 1 [12 1.000][576.455 -350.092 432.841 -4.3173 -6.8158 -36.7078][0.796029 -0.588876 0.139871 0.593510 0.804760 0.010386 -0.118678 0.074747 0.990115] 
3d 0 
fr 115428
ts 36502.845482
6d 1 [12 1.000][576.455 -350.092 432.841 -4.3173 -6.8158 -36.7078][0.796029 -0.588876 0.139871 0.593510 0.804760 0.010386 -0.118678 0.074747 0.990115] 
3d 0 
fr 115429
ts 36502.862160
6d 1 [12 1.000][576.480 -349.994 432.945 -4.3197 -6.8154 -36.7067][0.796040 -0.588855 0.139890 0.593496 0.804771 0.010344 -0.118671 0.074789 0.990113] 
3d 0 
fr 115430
ts 36502.878824
6d 1 [12 1.000][576.470 -350.095 432.889 -4.3241 -6.8159 -36.6998][0.796111 -0.588747 0.139943 0.593399 0.804843 0.010271 -0.118679 0.074865 0.990106] 
3d 0 
fr 115431
ts 36502.895500
6d 1 [12 1.000][576.481 -350.068 432.918 -4.3266 -6.8148 -36.6994][0.796117 -0.588737 0.139954 0.593395 0.804846 0.010223 -0.118660 0.074909 0.990105] 
3d 0 
fr 115432
ts 36502.912161
6d 1 [12 1.000][576.528 -350.062 432.911 -4.3312 -6.8138 -36.7010][0.796102 -0.588749 0.139986 0.593418 0.804830 0.010153 -0.118643 0.074988 0.990101] 
3d 0 
fr 115433
ts 36502.928829
6d 1 [12 1.000][576.488 -349.911 432.883 -4.3313 -6.8149 -36.7030][0.796080 -0.588775 0.140003 0.593444 0.804811 0.010168 -0.118662 0.074989 0.990099] 
3d 0 
fr 115434
ts 36502.945493
6d 1 [12 1.000][576.373 -350.078 432.805 -4.3293 -6.8171 -36.6986][0.796122 -0.588716 0.140013 0.593381 0.804857 0.010207 -0.118700 0.074955 0.990097] 
3d 0 
fr 115435
ts 36502.962153
6d 1 [12 1.000][576.472 -350.089 432.873 -4.3440 -6.8119 -36.7011][0.796105 -0.588720 0.140092 0.593421 0.804831 0.009953 -0.118610 0.075211 0.990088] 
3d 0 
fr 115436
ts 36502.978815
6d 1 [12 1.000][576.467 -350.165 432.869 -4.3432 -6.8123 -36.7006][0.796109 -0.588715 0.140089 0.593414 0.804836 0.009967 -0.118617 0.075196 0.990089] 
3d 0 
fr 115437
ts 36502.995470
6d 1 [12 1.000][576.579 -349.948 432.909 -4.3432 -6.8128 -36.7014][0.796100 -0.588725 0.140097 0.593425 0.804828 0.009974 -0.118626 0.075197 0.990088] 
3d 0 
fr 115438
ts 36503.012132
6d 1 [12 1.000][576.516 -350.058 432.911 -4.3455 -6.8108 -36.7029][0.796088 -0.588743 0.140093 0.593447 0.804812 0.009925 -0.118592 0.075236 0.990089] 
3d 0 
fr 115439
ts 36503.028775
6d 1 [12 1.000][576.521 -349.898 432.889 -4.3587 -6.8099 -36.7042][0.796076 -0.588730 0.140215 0.593467 0.804799 0.009734 -0.118576 0.075464 0.990073] 
3d 0 
fr 115440
ts 36503.045441
6d 1 [12 1.000][576.495 -350.053 432.884 -4.3419 -6.8119 -36.7059][0.796055 -0.588793 0.140070 0.593488 0.804780 0.009995 -0.118611 0.075173 0.990091] 
3d 0 
fr 115441
ts 36503.062079
6d 1 [12 1.000][576.490 -350.108 432.890 -4.3455 -6.8108 -36.7060][0.796056 -0.588787 0.140091 0.593491 0.804779 0.009933 -0.118591 0.075235 0.990089] 
3d 0 
fr 115442
ts 36503.078744
6d 1 [12 1.000][576.490 -350.108 432.890 -4.3455 -6.8108 -36.7060][0.796056 -0.588787 0.140091 0.593491 0.804779 0.009933 -0.118591 0.075235 0.990089] 
3d 0 
fr 115443
ts 36503.095425
6d 1 [12 1.000][576.490 -350.108 432.890 -4.3455 -6.8108 -36.7060][0.796056 -0.588787 0.140091 0.593491 0.804779 0.009933 -0.118591 0.075235 0.990089] 
3d 0 
fr 115444
ts 36503.112091
6d 1 [12 1.000][576.490 -350.108 432.890 -4.3455 -6.8108 -36.7060][0.796056 -0.588787 0.140091 0.593491 0.804779 0.009933 -0.118591 0.075235 0.990089] 
3d 0 
fr 115445
ts 36503.128771
6d 1 [12 1.000][576.490 -350.108 432.890 -4.3455 -6.8108 -36.7060][0.796056 -0.588787 0.140091 0.593491 0.804779 0.009933 -0.118591 0.075235 0.990089] 
3d 0 
fr 115446
ts 36503.145432
6d 1 [12 1.000][576.490 -350.108 432.890 -4.3455 -6.8108 -36.7060][0.796056 -0.588787 0.140091 0.593491 0.804779 0.009933 -0.118591 0.075235 0.990089] 
3d 0 
fr 115447
ts 36503.162101
6d 1 [12 1.000][576.486 -349.936 432.969 -4.3441 -6.8089 -36.7073][0.796045 -0.588811 0.140051 0.593512 0.804764 0.009937 -0.118559 0.075212 0.990094] 
3d 0 
fr 115448
ts 36503.178766
6d 1 [12 1.000][576.493 -350.033 432.907 -4.3383 -6.7981 -36.7182][0.795951 -0.588989 0.139840 0.593676 0.804643 0.009932 -0.118371 0.075114 0.990124] 
3d 0 
fr 115449
ts 36503.195432
6d 1 [12 1.000][576.493 -350.033 432.907 -4.3383 -6.7981 -36.7182][0.795951 -0.588989 0.139840 0.593676 0.804643 0.009932 -0.118371 0.075114 0.990124] 
3d 0 
fr 115450
ts 36503.212092
6d 1 [12 1.000][576.493 -350.033 432.907 -4.3383 -6.7981 -36.7182][0.795951 -0.588989 0.139840 0.593676 0.804643 0.009932 -0.118371 0.075114 0.990124] 
3d 0 
fr 115451
ts 36503.228752
6d 1 [12 1.000][576.616 -349.886 432.910 -4.3399 -6.7984 -36.7202][0.795929 -0.589013 0.139860 0.593704 0.804622 0.009917 -0.118375 0.075142 0.990122] 
3d 0 
fr 115452
ts 36503.245413
6d 1 [12 1.000][576.547 -350.020 432.898 -4.3405 -6.7983 -36.7224][0.795906 -0.589043 0.139864 0.593735 0.804600 0.009914 -0.118375 0.075152 0.990121] 
3d 0 
fr 115453
ts 36503.262064
6d 1 [12 1.000][576.575 -349.995 432.913 -4.3450 -6.7981 -36.7235][0.795896 -0.589047 0.139907 0.593750 0.804590 0.009851 -0.118370 0.075229 0.990116] 
3d 0 
fr 115454
ts 36503.278727
6d 1 [12 1.000][576.543 -350.001 432.903 -4.3555 -6.7986 -36.7374][0.795750 -0.589216 0.140020 0.593942 0.804448 0.009744 -0.118380 0.075410 0.990101] 
3d 0 
fr 115455
ts 36503.295367
6d 1 [12 1.000][576.543 -350.001 432.903 -4.3555 -6.7986 -36.7374][0.795750 -0.589216 0.140020 0.593942 0.804448 0.009744 -0.118380 0.075410 0.990101] 
3d 0 
fr 115456
ts 36503.312033
6d 1 [12 1.000][576.460 -350.009 432.891 -4.3581 -6.7993 -36.7372][0.795752 -0.589206 0.140056 0.593938 0.804452 0.009712 -0.118391 0.075456 0.990096] 
3d 0 
fr 115457
ts 36503.328719
6d 1 [12 1.000][576.476 -349.993 432.803 -4.3595 -6.8020 -36.7357][0.795762 -0.589179 0.140108 0.593915 0.804469 0.009717 -0.118438 0.075480 0.990089] 
3d 0 
fr 115458
ts 36503.345384
6d 1 [12 1.000][576.370 -350.207 432.760 -4.3298 -6.8068 -36.7225][0.795891 -0.589062 0.139872 0.593726 0.804603 0.010152 -0.118522 0.074966 0.990118] 
3d 0 
fr 115459
ts 36503.362061
6d 1 [12 1.000][576.443 -350.053 432.864 -4.3303 -6.8066 -36.7158][0.795961 -0.588966 0.139874 0.593632 0.804673 0.010127 -0.118518 0.074973 0.990117] 
3d 0 
fr 115460
ts 36503.378730
6d 1 [12 1.000][576.508 -349.998 432.953 -4.3353 -6.7874 -36.7262][0.795885 -0.589121 0.139659 0.593801 0.804551 0.009884 -0.118185 0.075063 0.990150] 
3d 0 
fr 115461
ts 36503.395404
6d 1 [12 1.000][576.445 -350.068 432.897 -4.3308 -6.8105 -36.7182][0.795930 -0.588994 0.139934 0.593660 0.804651 0.010166 -0.118586 0.074982 0.990109] 
3d 0 
fr 115462
ts 36503.412066
6d 1 [12 1.000][576.454 -350.034 432.862 -4.3281 -6.8194 -36.7172][0.795925 -0.588978 0.140029 0.593637 0.804667 0.010294 -0.118740 0.074933 0.990094] 
3d 0 
fr 115463
ts 36503.428735
6d 1 [12 1.000][576.441 -350.067 432.838 -4.3217 -6.8225 -36.7001][0.796097 -0.588750 0.140010 0.593395 0.804845 0.010373 -0.118794 0.074823 0.990096] 
3d 0 
fr 115464
ts 36503.445396
6d 1 [12 1.000][576.446 -350.118 432.872 -4.3249 -6.8199 -36.7023][0.796078 -0.588776 0.140006 0.593429 0.804820 0.010307 -0.118749 0.074878 0.990097] 
3d 0 
fr 115465
ts 36503.462059
6d 1 [12 1.000][576.515 -350.073 432.972 -4.3233 -6.8192 -36.7011][0.796092 -0.588764 0.139980 0.593413 0.804832 0.010319 -0.118736 0.074851 0.990101] 
3d 0 
fr 115466
ts 36503.478722
6d 1 [12 1.000][576.479 -350.089 432.894 -4.3151 -6.8191 -36.6953][0.796153 -0.588702 0.139895 0.593332 0.804890 0.010419 -0.118734 0.074709 0.990111] 
3d 0 
fr 115467
ts 36503.495376
6d 1 [12 1.000][576.458 -349.943 432.881 -4.3152 -6.8197 -36.6951][0.796153 -0.588699 0.139906 0.593329 0.804893 0.010424 -0.118746 0.074711 0.990110] 
3d 0 
fr 115468
ts 36503.512037
6d 1 [12 1.000][576.443 -350.088 432.816 -4.3135 -6.8208 -36.6945][0.796158 -0.588692 0.139903 0.593318 0.804900 0.010457 -0.118764 0.074682 0.990110] 
3d 0 
fr 115469
ts 36503.528686
6d 1 [12 1.000][576.449 -350.071 432.892 -4.3092 -6.8182 -36.6926][0.796182 -0.588680 0.139823 0.593296 0.804916 0.010486 -0.118719 0.074607 0.990121] 
3d 0 
fr 115470
ts 36503.545347
6d 1 [12 1.000][576.540 -349.943 432.932 -4.3090 -6.8173 -36.6940][0.796169 -0.588700 0.139808 0.593316 0.804901 0.010484 -0.118703 0.074603 0.990123] 
3d 0 
fr 115471
ts 36503.561984
6d 1 [12 1.000][576.499 -350.005 432.911 -4.3099 -6.8149 -36.6954][0.796159 -0.588721 0.139783 0.593339 0.804885 0.010449 -0.118661 0.074620 0.990127] 
3d 0 
fr 115472
ts 36503.578651
6d 1 [12 1.000][576.525 -349.988 432.895 -4.3126 -6.8152 -36.7002][0.796108 -0.588782 0.139816 0.593406 0.804836 0.010427 -0.118668 0.074667 0.990123] 
3d 0 
fr 115473
ts 36503.595334
6d 1 [12 1.000][576.485 -350.144 432.898 -4.3085 -6.8137 -36.7007][0.796106 -0.588800 0.139753 0.593414 0.804829 0.010469 -0.118641 0.074597 0.990131] 
3d 0 
fr 115474
ts 36503.611999
6d 1 [12 1.000][576.453 -350.054 432.913 -4.3104 -6.8050 -36.7122][0.796001 -0.588966 0.139648 0.593584 0.804705 0.010381 -0.118490 0.074629 0.990147] 
3d 0 
fr 115475
ts 36503.628677
6d 1 [12 1.000][576.453 -350.054 432.913 -4.3104 -6.8050 -36.7122][0.796001 -0.588966 0.139648 0.593584 0.804705 0.010381 -0.118490 0.074629 0.990147] 
3d 0 
fr 115476
ts 36503.645340
6d 1 [12 1.000][576.453 -350.054 432.913 -4.3104 -6.8050 -36.7122][0.796001 -0.588966 0.139648 0.593584 0.804705 0.010381 -0.118490 0.074629 0.990147] 
3d 0 
fr 115477
ts 36503.662013
6d 1 [12 1.000][576.544 -350.022 432.961 -4.3153 -6.8020 -36.7137][0.795990 -0.588978 0.139657 0.593609 0.804688 0.010284 -0.118438 0.074716 0.990146] 
3d 0 
fr 115478
ts 36503.678673
6d 1 [12 1.000][576.525 -350.028 432.940 -4.3227 -6.7978 -36.7159][0.795975 -0.588995 0.139676 0.593644 0.804664 0.010143 -0.118366 0.074844 0.990145] 
3d 0 
fr 115479
ts 36503.695336
6d 1 [12 1.000][576.526 -349.966 432.831 -4.3223 -6.7985 -36.7190][0.795941 -0.589040 0.139680 0.593688 0.804631 0.010163 -0.118377 0.074837 0.990145] 
3d 0 
fr 115480
ts 36503.712003
6d 1 [12 1.000][576.404 -350.177 432.827 -4.2976 -6.8199 -36.7173][0.795924 -0.589053 0.139723 0.593637 0.804662 0.010727 -0.118748 0.074407 0.990132] 
3d 0 
fr 115481
ts 36503.728659
6d 1 [12 1.000][576.441 -350.108 432.883 -4.3202 -6.7973 -36.7052][0.796087 -0.588851 0.139645 0.593496 0.804773 0.010147 -0.118358 0.074801 0.990150] 
3d 0 
fr 115482
ts 36503.745322
6d 1 [12 1.000][576.487 -350.036 432.933 -4.3263 -6.7966 -36.7199][0.795935 -0.589044 0.139696 0.593702 0.804622 0.010090 -0.118345 0.074907 0.990143] 
3d 0 
fr 115483
ts 36503.761969
6d 1 [12 1.000][576.516 -350.039 432.894 -4.3285 -6.8064 -36.7188][0.795930 -0.589013 0.139853 0.593674 0.804641 0.010158 -0.118514 0.074942 0.990120] 
3d 0 
fr 115484
ts 36503.778635
6d 1 [12 1.000][576.492 -350.017 432.861 -4.3321 -6.8055 -36.7224][0.795894 -0.589056 0.139877 0.593726 0.804604 0.010107 -0.118499 0.075005 0.990117] 
3d 0 
fr 115485
ts 36503.795281
6d 1 [12 1.000][576.355 -350.184 432.844 -4.3257 -6.8094 -36.7060][0.796058 -0.588837 0.139869 0.593493 0.804775 0.010196 -0.118567 0.074894 0.990118] 
3d 0 
fr 115486
ts 36503.811941
6d 1 [12 1.000][576.454 -350.088 432.876 -4.3344 -6.8028 -36.7163][0.795962 -0.588968 0.139865 0.593645 0.804665 0.010032 -0.118453 0.075045 0.990120] 
3d 0 
fr 115487
ts 36503.828629
6d 1 [12 1.000][576.433 -350.214 432.916 -4.3325 -6.8043 -36.7139][0.795984 -0.588937 0.139867 0.593609 0.804690 0.010067 -0.118479 0.075013 0.990119] 
3d 0 
fr 115488
ts 36503.845294
6d 1 [12 1.000][576.476 -350.065 432.884 -4.3285 -6.8130 -36.7072][0.796040 -0.588842 0.139947 0.593505 0.804766 0.010198 -0.118630 0.074942 0.990106] 
3d 0 
fr 115489
ts 36503.861972
6d 1 [12 1.000][576.464 -350.092 432.882 -4.3280 -6.8138 -36.7065][0.796045 -0.588834 0.139953 0.593495 0.804773 0.010211 -0.118643 0.074933 0.990106] 
3d 0 
fr 115490
ts 36503.878640
6d 1 [12 1.000][576.561 -349.889 432.897 -4.3318 -6.8144 -36.7087][0.796022 -0.588854 0.140001 0.593524 0.804752 0.010169 -0.118654 0.074999 0.990099] 
3d 0 
fr 115491
ts 36503.895310
6d 1 [12 1.000][576.504 -350.045 432.876 -4.3389 -6.8178 -36.7075][0.796028 -0.588817 0.140120 0.593504 0.804768 0.010101 -0.118712 0.075121 0.990083] 
3d 0 
fr 115492
ts 36503.911975
6d 1 [12 1.000][576.471 -350.049 432.790 -4.3343 -6.8246 -36.7089][0.796003 -0.588840 0.140167 0.593514 0.804759 0.010241 -0.118831 0.075039 0.990075] 
3d 0 
fr 115493
ts 36503.928643
6d 1 [12 1.000][576.408 -350.134 432.854 -4.2863 -6.8287 -36.7057][0.796029 -0.588908 0.139730 0.593464 0.804786 0.010949 -0.118901 0.074209 0.990129] 
3d 0 
fr 115494
ts 36503.945307
6d 1 [12 1.000][576.459 -350.112 432.863 -4.3286 -6.7763 -36.7052][0.796121 -0.588853 0.139440 0.593522 0.804758 0.009811 -0.117993 0.074950 0.990182] 
3d 0 
fr 115495
ts 36503.961969
6d 1 [12 1.000][576.544 -350.061 433.005 -4.3669 -6.7905 -36.7038][0.796112 -0.588726 0.140030 0.593486 0.804789 0.009417 -0.118239 0.075609 0.990102] 
3d 0 
fr 115496
ts 36503.978631
6d 1 [12 1.000][576.498 -350.067 432.910 -4.3447 -6.7913 -36.7137][0.796008 -0.588918 0.139812 0.593623 0.804684 0.009761 -0.118253 0.075226 0.990130] 
3d 0 
fr 115497
ts 36503.995282
6d 1 [12 1.000][576.483 -349.861 432.848 -4.3507 -6.8089 -36.7139][0.795977 -0.588888 0.140117 0.593604 0.804697 0.009859 -0.118558 0.075326 0.990086] 
3d 0 
fr 115498
ts 36504.011947
6d 1 [12 1.000][576.387 -350.052 432.876 -4.3372 -6.8164 -36.7093][0.796012 -0.588847 0.140082 0.593530 0.804748 0.010115 -0.118687 0.075091 0.990088] 
3d 0 
fr 115499
ts 36504.028597
6d 1 [12 1.000][576.405 -350.125 432.915 -4.2839 -6.8026 -36.7021][0.796109 -0.588891 0.139345 0.593448 0.804801 0.010704 -0.118449 0.074173 0.990186] 
3d 0 
fr 115500
ts 36504.045259
6d 1 [12 1.000][576.576 -350.060 432.960 -4.3294 -6.8000 -36.7123][0.796008 -0.588927 0.139776 0.593593 0.804703 0.010063 -0.118404 0.074960 0.990132] 
3d 0 
fr 115501
ts 36504.061896
6d 1 [12 1.000][576.476 -350.065 432.914 -4.3347 -6.8065 -36.7096][0.796025 -0.588869 0.139920 0.593547 0.804737 0.010049 -0.118516 0.075050 0.990112] 
3d 0 
fr 115502
ts 36504.078562
6d 1 [12 1.000][576.467 -350.044 432.804 -4.3334 -6.8062 -36.7104][0.796017 -0.588883 0.139903 0.593558 0.804728 0.010066 -0.118512 0.075028 0.990114] 
3d 0 
fr 115503
ts 36504.095246
6d 1 [12 1.000][576.458 -350.215 432.868 -4.3290 -6.8051 -36.7096][0.796028 -0.588884 0.139842 0.593549 0.804735 0.010115 -0.118492 0.074951 0.990122] 
3d 0 
fr 115504
ts 36504.111911
6d 1 [12 1.000][576.456 -350.179 432.893 -4.3260 -6.8003 -36.7083][0.796049 -0.588878 0.139745 0.593536 0.804744 0.010104 -0.118409 0.074901 0.990136] 
3d 0 
fr 115505
ts 36504.128586
6d 1 [12 1.000][576.464 -349.982 432.906 -4.3252 -6.7977 -36.7103][0.796032 -0.588911 0.139701 0.593567 0.804721 0.010093 -0.118364 0.074887 0.990142] 
3d 0 
fr 115506
ts 36504.145252
6d 1 [12 1.000][576.464 -350.052 432.895 -4.3132 -6.7923 -36.7121][0.796023 -0.588970 0.139502 0.593598 0.804697 0.010211 -0.118271 0.074680 0.990169] 
3d 0 
fr 115507
ts 36504.161925
6d 1 [12 1.000][576.478 -349.961 432.815 -4.3135 -6.8001 -36.7127][0.796004 -0.588970 0.139613 0.593597 0.804697 0.010287 -0.118405 0.074685 0.990153] 
3d 0 
fr 115508
ts 36504.178586
6d 1 [12 1.000][576.462 -350.249 432.766 -4.3110 -6.8019 -36.7113][0.796016 -0.588955 0.139613 0.593576 0.804712 0.010339 -0.118437 0.074641 0.990152] 
3d 0 
fr 115509
ts 36504.195251
6d 1 [12 1.000][576.462 -350.134 432.837 -4.3079 -6.8045 -36.7116][0.796008 -0.588964 0.139617 0.593576 0.804710 0.010409 -0.118482 0.074588 0.990151] 
3d 0 
fr 115510
ts 36504.211914
6d 1 [12 1.000][576.464 -350.103 432.959 -4.3080 -6.8189 -36.7083][0.796019 -0.588902 0.139818 0.593513 0.804756 0.010548 -0.118731 0.074587 0.990121] 
3d 0 
fr 115511
ts 36504.228573
6d 1 [12 1.000][576.465 -350.104 432.994 -4.2972 -6.8248 -36.7028][0.796066 -0.588845 0.139789 0.593429 0.804815 0.010748 -0.118833 0.074399 0.990123] 
3d 0 
fr 115512
ts 36504.245234
6d 1 [12 1.000][576.464 -350.181 432.893 -4.2934 -6.8152 -36.6839][0.796277 -0.588598 0.139622 0.593178 0.805001 0.010656 -0.118668 0.074335 0.990148] 
3d 0 
fr 115513
ts 36504.261883
6d 1 [12 1.000][576.466 -349.988 432.839 -4.2885 -6.8237 -36.6965][0.796132 -0.588779 0.139686 0.593343 0.804876 0.010843 -0.118814 0.074250 0.990136] 
3d 0 
fr 115514
ts 36504.278549
6d 1 [12 1.000][576.452 -350.137 432.816 -4.2782 -6.8311 -36.6877][0.796212 -0.588673 0.139684 0.593212 0.804971 0.011043 -0.118942 0.074069 0.990135] 
3d 0 
fr 115515
ts 36504.295190
6d 1 [12 1.000][576.420 -350.124 432.886 -4.2815 -6.8429 -36.6479][0.796604 -0.588093 0.139890 0.592644 0.805389 0.011021 -0.119147 0.074125 0.990106] 
3d 0 
fr 115516
ts 36504.311855
6d 1 [12 1.000][576.448 -350.050 432.940 -4.2752 -6.8422 -36.6750][0.796325 -0.588490 0.139809 0.593021 0.805110 0.011169 -0.119135 0.074015 0.990115] 
3d 0 
fr 115517
ts 36504.328546
6d 1 [12 1.000][576.503 -350.043 432.906 -4.2756 -6.8424 -36.6797][0.796275 -0.588555 0.139817 0.593087 0.805061 0.011177 -0.119139 0.074023 0.990114] 
3d 0 
fr 115518
ts 36504.345208
6d 1 [12 1.000][576.444 -349.944 432.779 -4.2822 -6.8456 -36.6833][0.796233 -0.588586 0.139927 0.593132 0.805028 0.011126 -0.119194 0.074137 0.990099] 
3d 0 
fr 115519
ts 36504.361889
6d 1 [12 1.000][576.423 -350.073 432.811 -4.2911 -6.8467 -36.6697][0.796372 -0.588372 0.140037 0.592942 0.805171 0.010979 -0.119214 0.074290 0.990085] 
3d 0 
fr 115520
ts 36504.378554
6d 1 [12 1.000][576.439 -350.040 432.879 -4.3051 -6.8492 -36.6521][0.796549 -0.588088 0.140218 0.592695 0.805355 0.010765 -0.119257 0.074532 0.990062] 
3d 0 
fr 115521
ts 36504.395229
6d 1 [12 1.000][576.447 -349.975 432.962 -4.3009 -6.8481 -36.6631][0.796437 -0.588255 0.140158 0.592849 0.805240 0.010839 -0.119237 0.074460 0.990070] 
3d 0 
fr 115522
ts 36504.411891
6d 1 [12 1.000][576.455 -350.017 432.977 -4.2955 -6.8314 -36.6537][0.796563 -0.588152 0.139873 0.592738 0.805324 0.010719 -0.118948 0.074369 0.990111] 
3d 0 
fr 115523
ts 36504.428559
6d 1 [12 1.000][576.463 -350.006 432.901 -4.2927 -6.8445 -36.6868][0.796199 -0.588610 0.140020 0.593182 0.804994 0.010976 -0.119176 0.074319 0.990088] 
3d 0 
fr 115524
ts 36504.445222
6d 1 [12 1.000][576.446 -350.194 432.768 -4.2935 -6.8415 -36.6874][0.796197 -0.588621 0.139986 0.593195 0.804985 0.010935 -0.119123 0.074332 0.990093] 
3d 0 
fr 115525
ts 36504.461885
6d 1 [12 1.000][576.446 -350.084 432.899 -4.3065 -6.8434 -36.6773][0.796299 -0.588445 0.140147 0.593052 0.805093 0.010747 -0.119155 0.074556 0.990072] 
3d 0 
fr 115526
ts 36504.478547
6d 1 [12 1.000][576.450 -350.053 432.986 -4.2902 -6.8428 -36.6669][0.796407 -0.588339 0.139974 0.592908 0.805196 0.010945 -0.119146 0.074275 0.990095] 
3d 0 
fr 115527
ts 36504.495198
6d 1 [12 1.000][576.451 -350.139 432.956 -4.2945 -6.7925 -36.6600][0.796562 -0.588284 0.139322 0.592874 0.805229 0.010349 -0.118275 0.074357 0.990193] 
3d 0 
fr 115528
ts 36504.511864
6d 1 [12 1.000][576.440 -350.079 432.828 -4.2845 -6.8255 -36.6662][0.796443 -0.588361 0.139676 0.592919 0.805189 0.010845 -0.118846 0.074179 0.990138] 
3d 0 
fr 115529
ts 36504.528511
6d 1 [12 1.000][576.336 -350.308 432.791 -4.2802 -6.8250 -36.6560][0.796549 -0.588229 0.139627 0.592779 0.805292 0.010874 -0.118837 0.074106 0.990145] 
3d 0 
fr 115530
ts 36504.545173
6d 1 [12 1.000][576.385 -350.135 432.894 -4.3644 -6.8263 -36.6301][0.796815 -0.587657 0.140514 0.592417 0.805574 0.009642 -0.118861 0.075559 0.990032] 
3d 0 
fr 115531
ts 36504.561811
6d 1 [12 1.000][576.391 -350.101 432.898 -4.2825 -6.8371 -36.6468][0.796624 -0.588082 0.139820 0.592636 0.805396 0.010946 -0.119048 0.074143 0.990116] 
3d 0 
fr 115532
ts 36504.578477
6d 1 [12 1.000][576.479 -350.113 432.879 -4.2848 -6.8511 -36.7071][0.795977 -0.588908 0.140027 0.593456 0.804789 0.011205 -0.119290 0.074181 0.990084] 
3d 0 
fr 115533
ts 36504.595162
6d 1 [12 1.000][576.429 -350.041 432.778 -4.2871 -6.8443 -36.6816][0.796253 -0.588551 0.139960 0.593110 0.805046 0.011039 -0.119171 0.074222 0.990096] 
3d 0 
fr 115534
ts 36504.611826
6d 1 [12 1.000][576.417 -350.074 432.829 -4.3259 -6.8838 -36.6613][0.796396 -0.588130 0.140910 0.592779 0.805292 0.010853 -0.119856 0.074885 0.989963] 
3d 0 
fr 115535
ts 36504.628507
6d 1 [12 1.000][576.409 -350.081 432.864 -4.2891 -6.8923 -36.6568][0.796428 -0.588149 0.140651 0.592706 0.805337 0.011447 -0.120004 0.074248 0.989993] 
3d 0 
fr 115536
ts 36504.645168
6d 1 [12 1.000][576.404 -350.117 432.900 -4.2905 -6.8531 -36.6590][0.796471 -0.588217 0.140122 0.592786 0.805284 0.011027 -0.119324 0.074280 0.990073] 
3d 0 
fr 115537
ts 36504.661841
6d 1 [12 1.000][576.519 -350.035 432.874 -4.2908 -6.8461 -36.6691][0.796378 -0.588366 0.140026 0.592935 0.805175 0.010976 -0.119204 0.074285 0.990087] 
3d 0 
fr 115538
ts 36504.678502
6d 1 [12 1.000][576.502 -350.068 432.869 -4.3084 -6.8431 -36.6770][0.796302 -0.588436 0.140163 0.593048 0.805096 0.010716 -0.119151 0.074590 0.990070] 
3d 0 
fr 115539
ts 36504.695166
6d 1 [12 1.000][576.437 -350.013 432.782 -4.2970 -6.8850 -36.6654][0.796352 -0.588257 0.140629 0.592835 0.805245 0.011280 -0.119877 0.074387 0.989998] 
3d 0 
fr 115540
ts 36504.711829
6d 1 [12 1.000][576.344 -350.077 432.830 -4.2952 -6.8738 -36.6484][0.796547 -0.588035 0.140458 0.592613 0.805410 0.011149 -0.119682 0.074357 0.990024] 
3d 0 
fr 115541
ts 36504.728490
6d 1 [12 1.000][576.425 -350.034 432.850 -4.2984 -6.8588 -36.6728][0.796319 -0.588386 0.140279 0.592971 0.805149 0.011010 -0.119424 0.074414 0.990051] 
3d 0 
fr 115542
ts 36504.745151
6d 1 [12 1.000][576.416 -350.069 432.836 -4.3104 -6.8585 -36.6823][0.796222 -0.588490 0.140396 0.593102 0.805054 0.010861 -0.119418 0.074621 0.990036] 
3d 0 
fr 115543
ts 36504.761804
6d 1 [12 1.000][576.432 -350.041 432.891 -4.3115 -6.8604 -36.6740][0.796304 -0.588368 0.140435 0.592985 0.805141 0.010844 -0.119451 0.074641 0.990030] 
3d 0 
fr 115544
ts 36504.778465
6d 1 [12 1.000][576.433 -350.051 432.940 -4.3133 -6.8586 -36.6788][0.796258 -0.588433 0.140428 0.593054 0.805090 0.010812 -0.119419 0.074672 0.990032] 
3d 0 
fr 115545
ts 36504.795112
6d 1 [12 1.000][576.522 -349.876 432.965 -4.3168 -6.8374 -36.7002][0.796072 -0.588747 0.140165 0.593377 0.804855 0.010597 -0.119051 0.074735 0.990071] 
3d 0 
fr 115546
ts 36504.811774
6d 1 [12 1.000][576.487 -349.968 432.938 -4.3239 -6.8432 -36.6761][0.796311 -0.588386 0.140324 0.593036 0.805107 0.010499 -0.119153 0.074857 0.990050] 
3d 0 
fr 115547
ts 36504.828459
6d 1 [12 1.000][576.490 -349.925 432.807 -4.3303 -6.8383 -36.6821][0.796257 -0.588460 0.140320 0.593125 0.805044 0.010373 -0.119068 0.074968 0.990052] 
3d 0 
fr 115548
ts 36504.845125
6d 1 [12 1.000][576.467 -350.185 432.868 -4.3288 -6.8238 -36.6807][0.796296 -0.588459 0.140104 0.593124 0.805046 0.010239 -0.118816 0.074945 0.990084] 
3d 0 
fr 115549
ts 36504.861810
6d 1 [12 1.000][576.482 -350.150 432.901 -4.2947 -6.7942 -36.6881][0.796269 -0.588677 0.139342 0.593263 0.804941 0.010432 -0.118303 0.074360 0.990189] 
3d 0 
fr 115550
ts 36504.878471
6d 1 [12 1.000][576.515 -350.007 432.973 -4.3309 -6.7880 -36.6952][0.796205 -0.588695 0.139628 0.593370 0.804869 0.009877 -0.118196 0.074987 0.990155] 
3d 0 
fr 115551
ts 36504.895145
6d 1 [12 1.000][576.499 -350.120 432.900 -4.3351 -6.8004 -36.7008][0.796126 -0.588751 0.139842 0.593432 0.804822 0.009959 -0.118412 0.075058 0.990124] 
3d 0 
fr 115552
ts 36504.911806
6d 1 [12 1.000][576.505 -350.007 432.811 -4.3180 -6.8382 -36.7110][0.795958 -0.588896 0.140188 0.593527 0.804744 0.010614 -0.119066 0.074757 0.990068] 
3d 0 
fr 115553
ts 36504.928479
6d 1 [12 1.000][576.416 -350.259 432.841 -4.2882 -6.7999 -36.7077][0.796056 -0.588962 0.139350 0.593529 0.804743 0.010629 -0.118401 0.074247 0.990186] 
3d 0 
fr 115554
ts 36504.945139
6d 1 [12 1.000][576.503 -350.105 432.886 -4.3114 -6.8153 -36.7132][0.795973 -0.588967 0.139802 0.593586 0.804702 0.010476 -0.118669 0.074646 0.990124] 
3d 0 
fr 115555
ts 36504.961803
6d 1 [12 1.000][576.498 -350.128 432.871 -4.3113 -6.7977 -36.7156][0.795978 -0.589019 0.139558 0.593640 0.804664 0.010301 -0.118365 0.074647 0.990160] 
3d 0 
fr 115556
ts 36504.978465
6d 1 [12 1.000][576.514 -350.081 432.898 -4.3179 -6.7992 -36.7127][0.796005 -0.588961 0.139646 0.593599 0.804696 0.010217 -0.118390 0.074761 0.990149] 
3d 0 
fr 115557
ts 36504.995119
6d 1 [12 1.000][576.559 -350.078 432.892 -4.3185 -6.8000 -36.7140][0.795991 -0.588976 0.139662 0.593615 0.804684 0.010220 -0.118403 0.074771 0.990146] 
3d 0 
fr 115558
ts 36505.011782
6d 1 [12 1.000][576.574 -350.003 432.990 -4.3195 -6.7995 -36.7170][0.795960 -0.589017 0.139666 0.593658 0.804653 0.010208 -0.118395 0.074789 0.990146] 
3d 0 
fr 115559
ts 36505.028428
6d 1 [12 1.000][576.538 -350.094 432.904 -4.3222 -6.8017 -36.7255][0.795868 -0.589128 0.139722 0.593774 0.804567 0.010213 -0.118433 0.074835 0.990138] 
3d 0 
fr 115560
ts 36505.045093
6d 1 [12 1.000][576.474 -349.936 432.803 -4.3226 -6.8031 -36.7271][0.795850 -0.589147 0.139746 0.593793 0.804553 0.010226 -0.118458 0.074841 0.990135] 
3d 0 
fr 115561
ts 36505.061735
6d 1 [12 1.000][576.354 -350.087 432.794 -4.3201 -6.8052 -36.7271][0.795846 -0.589152 0.139749 0.593792 0.804553 0.010284 -0.118494 0.074797 0.990134] 
3d 0 
fr 115562
ts 36505.078397
6d 1 [12 1.000][576.467 -350.057 432.884 -4.3176 -6.8061 -36.7263][0.795853 -0.589145 0.139737 0.593779 0.804562 0.010326 -0.118510 0.074755 0.990135] 
3d 0 
fr 115563
ts 36505.095084
6d 1 [12 1.000][576.408 -350.219 432.877 -4.3121 -6.8072 -36.7239][0.795876 -0.589124 0.139695 0.593745 0.804586 0.010409 -0.118529 0.074659 0.990140] 
3d 0 
fr 115564
ts 36505.111743
6d 1 [12 1.000][576.453 -350.083 432.886 -4.3170 -6.8070 -36.7230][0.795886 -0.589099 0.139743 0.593731 0.804597 0.010335 -0.118525 0.074745 0.990134] 
3d 0 
fr 115565
ts 36505.128427
6d 1 [12 1.000][576.449 -350.147 432.876 -4.3218 -6.8085 -36.7226][0.795888 -0.589080 0.139813 0.593724 0.804603 0.010282 -0.118551 0.074827 0.990124] 
3d 0 
fr 115566
ts 36505.145088
6d 1 [12 1.000][576.475 -350.090 432.932 -4.3228 -6.8112 -36.7217][0.795892 -0.589062 0.139860 0.593709 0.804614 0.010295 -0.118598 0.074843 0.990118] 
3d 0 
fr 115567
ts 36505.161762
6d 1 [12 1.000][576.475 -350.095 432.883 -4.3463 -6.8110 -36.7240][0.795869 -0.589038 0.140099 0.593741 0.804594 0.009969 -0.118595 0.075249 0.990087] 
3d 0 
fr 115568
ts 36505.178418
6d 1 [12 1.000][576.503 -349.997 432.874 -4.3394 -6.8221 -36.7199][0.795893 -0.588985 0.140183 0.593670 0.804644 0.010170 -0.118787 0.075128 0.990073] 
3d 0 
fr 115569
ts 36505.195090
6d 1 [12 1.000][576.464 -350.299 432.839 -4.2473 -6.8286 -36.7074][0.796011 -0.589028 0.139329 0.593489 0.804760 0.011499 -0.118899 0.073537 0.990179] 
3d 0 
fr 115570
ts 36505.211751
6d 1 [12 1.000][576.478 -350.116 432.866 -4.3211 -6.8223 -36.7151][0.795943 -0.588962 0.139998 0.593603 0.804691 0.010417 -0.118790 0.074812 0.990097] 
3d 0 
fr 115571
ts 36505.228410
6d 1 [12 1.000][576.472 -350.249 432.863 -4.3187 -6.8227 -36.7140][0.795953 -0.588952 0.139979 0.593587 0.804702 0.010452 -0.118797 0.074770 0.990099] 
3d 0 
fr 115572
ts 36505.245074
6d 1 [12 1.000][576.490 -350.131 432.876 -4.3102 -6.8287 -36.7091][0.795993 -0.588898 0.139976 0.593513 0.804755 0.010620 -0.118901 0.074624 0.990098] 
3d 0 
fr 115573
ts 36505.261725
6d 1 [12 1.000][576.521 -350.118 432.867 -4.3101 -6.8289 -36.7098][0.795987 -0.588907 0.139977 0.593521 0.804748 0.010626 -0.118904 0.074621 0.990098] 
3d 0 
fr 115574
ts 36505.278387
6d 1 [12 1.000][576.492 -350.000 432.797 -4.3085 -6.8303 -36.7100][0.795982 -0.588913 0.139980 0.593523 0.804747 0.010664 -0.118929 0.074593 0.990097] 
3d 0 
fr 115575
ts 36505.295033
6d 1 [12 1.000][576.413 -350.126 432.816 -4.2984 -6.8321 -36.7081][0.795999 -0.588909 0.139902 0.593494 0.804766 0.010820 -0.118960 0.074419 0.990106] 
3d 0 
fr 115576
ts 36505.311695
6d 1 [12 1.000][576.475 -350.073 432.853 -4.3005 -6.8288 -36.7065][0.796021 -0.588885 0.139877 0.593476 0.804780 0.010752 -0.118902 0.074455 0.990110] 
3d 0 
fr 115577
ts 36505.328385
6d 1 [12 1.000][576.483 -350.085 432.892 -4.3023 -6.8257 -36.7111][0.795978 -0.588949 0.139852 0.593544 0.804730 0.010706 -0.118849 0.074487 0.990115] 
3d 0 
fr 115578
ts 36505.345047
6d 1 [12 1.000][576.478 -350.201 432.864 -4.2961 -6.8237 -36.7055][0.796039 -0.588887 0.139762 0.593468 0.804785 0.010759 -0.118815 0.074379 0.990127] 
3d 0 
fr 115579
ts 36505.361728
6d 1 [12 1.000][576.500 -349.936 432.898 -4.3062 -6.8163 -36.7213][0.795888 -0.589092 0.139761 0.593696 0.804620 0.010579 -0.118686 0.074555 0.990129] 
3d 0 
fr 115580
ts 36505.378393
6d 1 [12 1.000][576.487 -350.104 432.899 -4.3187 -6.8126 -36.7180][0.795928 -0.589020 0.139838 0.593656 0.804652 0.010358 -0.118622 0.074772 0.990120] 
3d 0 
fr 115581
ts 36505.395065
6d 1 [12 1.000][576.494 -350.029 432.867 -4.3086 -6.8156 -36.7292][0.795807 -0.589197 0.139774 0.593807 0.804538 0.010557 -0.118674 0.074597 0.990127] 
3d 0 
fr 115582
ts 36505.411731
6d 1 [12 1.000][576.478 -350.076 432.871 -4.2998 -6.8132 -36.7204][0.795902 -0.589098 0.139652 0.593688 0.804625 0.010636 -0.118633 0.074445 0.990143] 
3d 0 
fr 115583
ts 36505.428401
6d 1 [12 1.000][576.456 -350.073 432.879 -4.2998 -6.8115 -36.7205][0.795904 -0.589102 0.139628 0.593692 0.804622 0.010617 -0.118603 0.074446 0.990147] 
3d 0 
fr 115584
ts 36505.445063
6d 1 [12 1.000][576.481 -350.054 432.892 -4.3029 -6.8046 -36.7230][0.795890 -0.589136 0.139565 0.593735 0.804592 0.010509 -0.118484 0.074500 0.990157] 
3d 0 
fr 115585
ts 36505.461722
6d 1 [12 1.000][576.481 -350.054 432.892 -4.3029 -6.8046 -36.7230][0.795890 -0.589136 0.139565 0.593735 0.804592 0.010509 -0.118484 0.074500 0.990157] 
3d 0 
fr 115586
ts 36505.478387
6d 1 [12 1.000][576.472 -350.062 432.798 -4.3043 -6.8046 -36.7218][0.795902 -0.589116 0.139580 0.593718 0.804604 0.010486 -0.118484 0.074525 0.990155] 
3d 0 
fr 115587
ts 36505.495045
6d 1 [12 1.000][576.461 -350.126 432.830 -4.3038 -6.8053 -36.7200][0.795920 -0.589091 0.139584 0.593692 0.804624 0.010496 -0.118496 0.074516 0.990155] 
3d 0 
fr 115588
ts 36505.511705
6d 1 [12 1.000][576.450 -350.190 432.858 -4.3039 -6.8036 -36.7157][0.795967 -0.589032 0.139563 0.593634 0.804667 0.010466 -0.118467 0.074519 0.990158] 
3d 0 
fr 115589
ts 36505.528351
6d 1 [12 1.000][576.472 -350.116 432.862 -4.3074 -6.8050 -36.7174][0.795947 -0.589046 0.139618 0.593657 0.804651 0.010435 -0.118491 0.074579 0.990150] 
3d 0 
fr 115590
ts 36505.545017
6d 1 [12 1.000][576.473 -350.101 432.857 -4.3138 -6.8067 -36.7057][0.796065 -0.588865 0.139709 0.593493 0.804773 0.010336 -0.118520 0.074688 0.990139] 
3d 0 
fr 115591
ts 36505.561659
6d 1 [12 1.000][576.473 -350.101 432.857 -4.3138 -6.8067 -36.7057][0.796065 -0.588865 0.139709 0.593493 0.804773 0.010336 -0.118520 0.074688 0.990139] 
3d 0 
fr 115592
ts 36505.578322
6d 1 [12 1.000][576.452 -350.251 432.834 -4.3136 -6.8095 -36.7038][0.796080 -0.588836 0.139746 0.593463 0.804795 0.010363 -0.118569 0.074684 0.990133] 
3d 0 
fr 115593
ts 36505.595004
6d 1 [12 1.000][576.464 -350.135 432.923 -4.3138 -6.8111 -36.7029][0.796088 -0.588820 0.139771 0.593447 0.804806 0.010373 -0.118596 0.074688 0.990130] 
3d 0 
fr 115594
ts 36505.611670
6d 1 [12 1.000][576.465 -350.180 432.859 -4.3102 -6.8152 -36.6994][0.796116 -0.588776 0.139790 0.593395 0.804844 0.010457 -0.118667 0.074626 0.990126] 
3d 0 
fr 115595
ts 36505.628346
6d 1 [12 1.000][576.509 -350.132 432.852 -4.3133 -6.8315 -36.6930][0.796156 -0.588662 0.140049 0.593285 0.804923 0.010567 -0.118950 0.074676 0.990088] 
3d 0 
fr 115596
ts 36505.645012
6d 1 [12 1.000][576.487 -350.097 432.858 -4.3189 -6.8310 -36.6932][0.796154 -0.588652 0.140100 0.593289 0.804921 0.010484 -0.118941 0.074773 0.990082] 
3d 0 
fr 115597
ts 36505.661686
6d 1 [12 1.000][576.500 -349.901 432.845 -4.3155 -6.8308 -36.7022][0.796062 -0.588785 0.140060 0.593413 0.804829 0.010551 -0.118937 0.074714 0.990087] 
3d 0 
fr 115598
ts 36505.678349
6d 1 [12 1.000][576.484 -350.126 432.839 -4.3158 -6.8304 -36.6982][0.796104 -0.588729 0.140059 0.593358 0.804870 0.010533 -0.118930 0.074720 0.990087] 
3d 0 
fr 115599
ts 36505.695014
6d 1 [12 1.000][576.488 -350.129 432.854 -4.3163 -6.8305 -36.6984][0.796101 -0.588731 0.140065 0.593361 0.804867 0.010529 -0.118932 0.074727 0.990086] 
3d 0 
fr 115600
ts 36505.711676
6d 1 [12 1.000][576.479 -350.131 432.851 -4.3201 -6.8293 -36.7011][0.796076 -0.588760 0.140088 0.593400 0.804840 0.010468 -0.118911 0.074795 0.990084] 
3d 0 
fr 115601
ts 36505.728332
6d 1 [12 1.000][576.506 -350.004 432.870 -4.3204 -6.8290 -36.7023][0.796063 -0.588777 0.140087 0.593417 0.804827 0.010464 -0.118906 0.074800 0.990084] 
3d 0 
fr 115602
ts 36505.744997
6d 1 [12 1.000][576.500 -350.133 432.911 -4.3204 -6.8270 -36.7033][0.796057 -0.588793 0.140059 0.593433 0.804815 0.010446 -0.118872 0.074800 0.990088] 
3d 0 
fr 115603
ts 36505.761651
6d 1 [12 1.000][576.519 -350.061 432.924 -4.3221 -6.8274 -36.7074][0.796013 -0.588847 0.140081 0.593491 0.804773 0.010438 -0.118879 0.074828 0.990085] 
3d 0 
fr 115604
ts 36505.778312
6d 1 [12 1.000][576.502 -350.096 432.893 -4.3213 -6.8250 -36.7117][0.795973 -0.588911 0.140038 0.593553 0.804727 0.010434 -0.118837 0.074815 0.990091] 
3d 0 
fr 115605
ts 36505.794959
6d 1 [12 1.000][576.508 -349.974 432.755 -4.3217 -6.8261 -36.7129][0.795958 -0.588926 0.140057 0.593568 0.804716 0.010442 -0.118856 0.074822 0.990088] 
3d 0 
fr 115606
ts 36505.811620
6d 1 [12 1.000][576.398 -350.091 432.844 -4.3202 -6.8263 -36.7109][0.795979 -0.588902 0.140046 0.593540 0.804736 0.010461 -0.118861 0.074797 0.990090] 
3d 0 
fr 115607
ts 36505.828311
6d 1 [12 1.000][576.389 -350.178 432.872 -4.3116 -6.8082 -36.7104][0.796015 -0.588934 0.139707 0.593555 0.804726 0.010393 -0.118547 0.074650 0.990138] 
3d 0 
fr 115608
ts 36505.844973
6d 1 [12 1.000][576.461 -350.097 432.948 -4.3119 -6.8210 -36.7115][0.795981 -0.588936 0.139886 0.593555 0.804724 0.010524 -0.118768 0.074653 0.990112] 
3d 0 
fr 115609
ts 36505.861657
6d 1 [12 1.000][576.472 -350.109 432.883 -4.3094 -6.8218 -36.7136][0.795958 -0.588971 0.139871 0.593584 0.804703 0.010572 -0.118781 0.074610 0.990113] 
3d 0 
fr 115610
ts 36505.878319
6d 1 [12 1.000][576.474 -349.933 432.882 -4.3087 -6.8207 -36.7146][0.795950 -0.588987 0.139849 0.593598 0.804692 0.010573 -0.118763 0.074599 0.990116] 
3d 0 
fr 115611
ts 36505.894993
6d 1 [12 1.000][576.457 -350.106 432.846 -4.3006 -6.8133 -36.7137][0.795972 -0.589002 0.139664 0.593595 0.804694 0.010609 -0.118635 0.074460 0.990142] 
3d 0 
fr 115612
ts 36505.911659
6d 1 [12 1.000][576.457 -350.106 432.846 -4.3006 -6.8133 -36.7137][0.795972 -0.589002 0.139664 0.593595 0.804694 0.010609 -0.118635 0.074460 0.990142] 
3d 0 
fr 115613
ts 36505.928318
6d 1 [12 1.000][576.453 -350.274 432.874 -4.2983 -6.8142 -36.7119][0.795989 -0.588982 0.139651 0.593569 0.804713 0.010646 -0.118649 0.074419 0.990143] 
3d 0 
fr 115614
ts 36505.944989
6d 1 [12 1.000][576.501 -350.114 432.891 -4.2910 -6.8163 -36.7061][0.796045 -0.588916 0.139607 0.593486 0.804772 0.010757 -0.118687 0.074292 0.990149] 
3d 0 
fr 115615
ts 36505.961652
6d 1 [12 1.000][576.508 -350.166 432.886 -4.2961 -6.8163 -36.7055][0.796052 -0.588895 0.139660 0.593477 0.804780 0.010683 -0.118687 0.074381 0.990142] 
3d 0 
fr 115616
ts 36505.978314
6d 1 [12 1.000][576.599 -350.118 432.923 -4.2917 -6.8176 -36.7062][0.796043 -0.588914 0.139632 0.593485 0.804773 0.010760 -0.118709 0.074304 0.990145] 
3d 0 
fr 115617
ts 36505.994971
