fr 169878
ts 58750.192531
6d 1 [12 1.000][491.840 -581.916 1256.215 -8.0113 4.7014 -172.0529][-0.987064 -0.125597 0.099652 0.137794 -0.982310 0.126808 0.081962 0.138899 0.986909] 
3d 0 
fr 169879
ts 58750.209202
6d 1 [12 1.000][492.078 -581.867 1256.256 -8.0068 4.7120 -172.1021][-0.987167 -0.124735 0.099714 0.136944 -0.982431 0.126792 0.082147 0.138820 0.986905] 
3d 0 
fr 169880
ts 58750.225865
6d 1 [12 1.000][492.360 -581.325 1256.168 -8.0160 4.7286 -172.0019][-0.986902 -0.126396 0.100240 0.138666 -0.982197 0.126735 0.082437 0.138975 0.986859] 
3d 0 
fr 169881
ts 58750.242528
6d 1 [12 1.000][492.455 -581.434 1256.209 -8.0156 4.7418 -172.0506][-0.987001 -0.125532 0.100356 0.137826 -0.982309 0.126781 0.082665 0.138965 0.986841] 
3d 0 
fr 169882
ts 58750.259190
6d 1 [12 1.000][492.374 -581.776 1256.188 -8.0256 4.7529 -172.0843][-0.987066 -0.124909 0.100493 0.137243 -0.982364 0.126987 0.082859 0.139136 0.986801] 
3d 0 
fr 169883
ts 58750.275844
6d 1 [12 1.000][492.340 -582.015 1256.231 -8.0371 4.7606 -172.1841][-0.987292 -0.123159 0.100428 0.135522 -0.982557 0.127340 0.082993 0.139332 0.986762] 
3d 0 
fr 169884
ts 58750.292509
6d 1 [12 1.000][492.450 -581.654 1256.245 -8.0517 4.7638 -172.1420][-0.987188 -0.123847 0.100606 0.136246 -0.982435 0.127510 0.083048 0.139583 0.986722] 
3d 0 
fr 169885
ts 58750.309160
6d 1 [12 1.000][492.524 -581.353 1256.256 -8.0501 4.7668 -172.0711][-0.987014 -0.125060 0.100812 0.137468 -0.982285 0.127350 0.083100 0.139555 0.986721] 
3d 0 
fr 169886
ts 58750.325821
6d 1 [12 1.000][492.266 -581.598 1256.267 -8.0570 4.7423 -172.0851][-0.987083 -0.124866 0.100379 0.137231 -0.982293 0.127550 0.082675 0.139678 0.986740] 
3d 0 
fr 169887
ts 58750.342466
6d 1 [12 1.000][492.219 -581.554 1256.292 -8.0631 4.7312 -172.1175][-0.987176 -0.124327 0.100131 0.136675 -0.982346 0.127738 0.082482 0.139786 0.986740] 
3d 0 
fr 169888
ts 58750.359126
6d 1 [12 1.000][492.112 -581.433 1256.386 -8.0644 4.7135 -172.0662][-0.987079 -0.125247 0.099946 0.137563 -0.982225 0.127712 0.082173 0.139811 0.986763] 
3d 0 
fr 169889
ts 58750.375813
6d 1 [12 1.000][492.044 -581.344 1256.489 -7.9729 4.6866 -172.0311][-0.987032 -0.126072 0.099363 0.138171 -0.982342 0.126147 0.081705 0.138240 0.987023] 
3d 0 
fr 169890
ts 58750.392477
6d 1 [12 1.000][491.837 -581.421 1256.449 -8.0519 4.6848 -171.9903][-0.986936 -0.126639 0.099597 0.138875 -0.982076 0.127435 0.081674 0.139602 0.986834] 
3d 0 
fr 169891
ts 58750.409161
6d 1 [12 1.000][491.638 -581.767 1256.592 -8.0529 4.6627 -172.0416][-0.987091 -0.125811 0.099109 0.137996 -0.982180 0.127594 0.081290 0.139624 0.986862] 
3d 0 
fr 169892
ts 58750.425823
6d 1 [12 1.000][491.610 -581.616 1256.693 -8.0300 4.6373 -171.9898][-0.987002 -0.126800 0.098739 0.138894 -0.982108 0.127174 0.080847 0.139235 0.986954] 
3d 0 
fr 169893
ts 58750.442496
6d 1 [12 1.000][491.559 -581.506 1256.701 -8.0290 4.6341 -171.8808][-0.986740 -0.128677 0.098924 0.140772 -0.981866 0.126976 0.080792 0.139218 0.986960] 
3d 0 
fr 169894
ts 58750.459158
6d 1 [12 1.000][491.442 -581.919 1256.846 -8.0303 4.6243 -171.9404][-0.986900 -0.127677 0.098629 0.139746 -0.981993 0.127124 0.080623 0.139242 0.986971] 
3d 0 
fr 169895
ts 58750.475823
6d 1 [12 1.000][491.343 -582.298 1256.967 -7.9779 4.6184 -171.9771][-0.986997 -0.127152 0.098331 0.139115 -0.982189 0.126304 0.080519 0.138341 0.987106] 
3d 0 
fr 169896
ts 58750.492489
6d 1 [12 1.000][491.277 -582.417 1257.015 -7.9606 4.6173 -171.9367][-0.986900 -0.127877 0.098362 0.139812 -0.982136 0.125941 0.080500 0.138043 0.987149] 
3d 0 
fr 169897
ts 58750.509145
6d 1 [12 1.000][491.361 -582.492 1257.132 -7.9525 4.6228 -171.9291][-0.986874 -0.128009 0.098455 0.139942 -0.982139 0.125775 0.080596 0.137902 0.987161] 
3d 0 
fr 169898
ts 58750.525811
6d 1 [12 1.000][491.483 -582.302 1257.165 -7.8719 4.6187 -171.8872][-0.986777 -0.128874 0.098295 0.140663 -0.982220 0.124331 0.080524 0.136513 0.987360] 
3d 0 
fr 169899
ts 58750.542466
6d 1 [12 1.000][491.469 -582.615 1257.171 -7.8948 4.6217 -171.8780][-0.986750 -0.128986 0.098419 0.140823 -0.982150 0.124701 0.080577 0.136908 0.987301] 
3d 0 
fr 169900
ts 58750.559128
6d 1 [12 1.000][491.441 -583.074 1257.219 -7.9044 4.6599 -171.9808][-0.986948 -0.127116 0.098867 0.139044 -0.982372 0.124951 0.081241 0.137067 0.987225] 
3d 0 
fr 169901
ts 58750.575775
6d 1 [12 1.000][491.659 -582.543 1257.323 -7.8782 4.6565 -171.8868][-0.986724 -0.128781 0.098955 0.140663 -0.982218 0.124346 0.081182 0.136615 0.987292] 
3d 0 
fr 169902
ts 58750.592437
6d 1 [12 1.000][491.708 -582.464 1257.292 -7.8780 4.6615 -171.8647][-0.986662 -0.129149 0.099089 0.141043 -0.982170 0.124294 0.081269 0.136611 0.987285] 
3d 0 
fr 169903
ts 58750.609130
6d 1 [12 1.000][491.710 -582.681 1257.363 -7.8663 4.6587 -171.8606][-0.986656 -0.129246 0.099023 0.141115 -0.982185 0.124093 0.081220 0.136411 0.987317] 
3d 0 
fr 169904
ts 58750.625792
6d 1 [12 1.000][491.652 -583.023 1257.320 -7.8580 4.6653 -171.9706][-0.986916 -0.127358 0.098879 0.139218 -0.982452 0.124124 0.081336 0.136266 0.987328] 
3d 0 
fr 169905
ts 58750.642477
6d 1 [12 1.000][491.701 -582.997 1257.264 -7.8737 4.6736 -171.9709][-0.986905 -0.127306 0.099055 0.139211 -0.982421 0.124374 0.081480 0.136535 0.987279] 
3d 0 
fr 169906
ts 58750.659138
6d 1 [12 1.000][491.845 -582.845 1257.318 -7.8496 4.6517 -171.9849][-0.986970 -0.127160 0.098596 0.138975 -0.982497 0.124038 0.081098 0.136124 0.987367] 
3d 0 
fr 169907
ts 58750.675817
6d 1 [12 1.000][491.955 -582.508 1257.314 -7.8479 4.6486 -171.9342][-0.986851 -0.128039 0.098650 0.139849 -0.982387 0.123929 0.081045 0.136095 0.987375] 
3d 0 
fr 169908
ts 58750.692479
6d 1 [12 1.000][491.978 -582.448 1257.207 -7.8837 4.6557 -171.8851][-0.986720 -0.128803 0.098957 0.140693 -0.982202 0.124440 0.081168 0.136710 0.987280] 
3d 0 
fr 169909
ts 58750.709147
6d 1 [12 1.000][491.979 -582.665 1257.183 -7.8899 4.6603 -171.9382][-0.986844 -0.127870 0.098935 0.139777 -0.982309 0.124627 0.081248 0.136817 0.987259] 
3d 0 
fr 169910
ts 58750.725812
6d 1 [12 1.000][492.115 -582.548 1257.175 -7.8338 4.6664 -171.9464][-0.986856 -0.127812 0.098895 0.139635 -0.982451 0.123665 0.081354 0.135848 0.987384] 
3d 0 
fr 169911
ts 58750.742477
6d 1 [12 1.000][492.068 -582.910 1257.231 -7.8296 4.6696 -172.0445][-0.987088 -0.126130 0.098730 0.137945 -0.982678 0.123754 0.081411 0.135776 0.987389] 
3d 0 
fr 169912
ts 58750.759139
6d 1 [12 1.000][492.175 -582.345 1257.160 -7.8335 4.6739 -171.9610][-0.986881 -0.127545 0.098991 0.139381 -0.982486 0.123667 0.081484 0.135842 0.987374] 
3d 0 
fr 169913
ts 58750.775792
6d 1 [12 1.000][492.205 -582.463 1257.189 -7.8362 4.6701 -171.9454][-0.986848 -0.127817 0.098967 0.139651 -0.982444 0.123695 0.081419 0.135889 0.987373] 
3d 0 
fr 169914
ts 58750.792458
6d 1 [12 1.000][492.194 -582.433 1257.172 -7.8397 4.6722 -171.9458][-0.986846 -0.127799 0.099009 0.139644 -0.982439 0.123750 0.081455 0.135948 0.987362] 
3d 0 
fr 169915
ts 58750.809104
6d 1 [12 1.000][492.249 -582.441 1257.152 -7.8699 4.6773 -171.9491][-0.986847 -0.127679 0.099156 0.139586 -0.982382 0.124262 0.081543 0.136468 0.987283] 
3d 0 
fr 169916
ts 58750.825771
6d 1 [12 1.000][492.287 -582.354 1257.149 -7.8705 4.6770 -171.8971][-0.986720 -0.128569 0.099266 0.140482 -0.982264 0.124183 0.081539 0.136478 0.987282] 
3d 0 
fr 169917
ts 58750.842415
6d 1 [12 1.000][492.156 -582.693 1257.157 -7.8740 4.6769 -171.9463][-0.986840 -0.127720 0.099164 0.139634 -0.982367 0.124328 0.081536 0.136539 0.987273] 
3d 0 
fr 169918
ts 58750.859076
6d 1 [12 1.000][492.052 -583.045 1257.226 -7.8745 4.6763 -172.0190][-0.987017 -0.126475 0.098998 0.138383 -0.982527 0.124464 0.081527 0.136548 0.987273] 
3d 0 
fr 169919
ts 58750.875766
6d 1 [12 1.000][492.272 -582.513 1257.234 -7.8913 4.6725 -171.9534][-0.986864 -0.127579 0.099112 0.139513 -0.982344 0.124647 0.081460 0.136838 0.987238] 
3d 0 
fr 169920
ts 58750.892426
6d 1 [12 1.000][492.262 -582.489 1257.168 -7.8733 4.6718 -171.8782][-0.986681 -0.128900 0.099223 0.140808 -0.982214 0.124211 0.081447 0.136528 0.987282] 
3d 0 
fr 169921
ts 58750.909110
6d 1 [12 1.000][492.216 -582.670 1257.239 -7.8736 4.6707 -171.9377][-0.986828 -0.127882 0.099076 0.139783 -0.982346 0.124322 0.081428 0.136534 0.987283] 
3d 0 
fr 169922
ts 58750.925771
6d 1 [12 1.000][492.127 -582.997 1257.322 -7.8710 4.6662 -171.9546][-0.986876 -0.127609 0.098957 0.139495 -0.982388 0.124317 0.081350 0.136490 0.987296] 
3d 0 
fr 169923
ts 58750.942443
6d 1 [12 1.000][492.076 -582.895 1257.257 -7.8887 4.6637 -171.9567][-0.986884 -0.127547 0.098949 0.139458 -0.982354 0.124630 0.081307 0.136795 0.987257] 
3d 0 
fr 169924
ts 58750.959109
6d 1 [12 1.000][492.150 -582.907 1257.283 -7.8858 4.6569 -171.9661][-0.986917 -0.127407 0.098807 0.139297 -0.982379 0.124614 0.081189 0.136747 0.987273] 
3d 0 
fr 169925
ts 58750.975772
6d 1 [12 1.000][492.243 -582.534 1257.286 -7.8797 4.6513 -171.9427][-0.986868 -0.127833 0.098748 0.139702 -0.982338 0.124481 0.081091 0.136642 0.987296] 
3d 0 
fr 169926
ts 58750.992438
6d 1 [12 1.000][492.241 -582.527 1257.209 -7.8807 4.6541 -171.8483][-0.986632 -0.129443 0.099003 0.141327 -0.982125 0.124330 0.081140 0.136659 0.987289] 
3d 0 
fr 169927
ts 58751.009095
6d 1 [12 1.000][492.203 -582.718 1257.165 -7.8773 4.6588 -171.9087][-0.986774 -0.128403 0.098945 0.140287 -0.982270 0.124363 0.081223 0.136599 0.987291] 
3d 0 
fr 169928
ts 58751.025763
6d 1 [12 1.000][492.172 -583.039 1257.149 -7.8817 4.6628 -171.9823][-0.986948 -0.127123 0.098863 0.139017 -0.982426 0.124556 0.081292 0.136674 0.987275] 
3d 0 
fr 169929
ts 58751.042413
6d 1 [12 1.000][492.162 -582.991 1257.147 -7.8843 4.6644 -171.9753][-0.986929 -0.127235 0.098911 0.139138 -0.982405 0.124586 0.081319 0.136720 0.987266] 
3d 0 
fr 169930
ts 58751.059077
6d 1 [12 1.000][492.327 -582.392 1257.032 -7.8884 4.6724 -171.9201][-0.986783 -0.128154 0.099176 0.140086 -0.982276 0.124541 0.081458 0.136788 0.987245] 
3d 0 
fr 169931
ts 58751.075721
6d 1 [12 1.000][492.253 -582.551 1257.087 -7.8920 4.6692 -171.9104][-0.986763 -0.128323 0.099151 0.140255 -0.982245 0.124593 0.081403 0.136851 0.987241] 
3d 0 
fr 169932
ts 58751.092387
6d 1 [12 1.000][492.012 -582.757 1257.033 -7.9363 4.6693 -171.9252][-0.986799 -0.127993 0.099220 0.140000 -0.982181 0.125378 0.081404 0.137613 0.987135] 
3d 0 
fr 169933
ts 58751.109075
6d 1 [12 1.000][491.921 -583.125 1256.980 -7.9496 4.6710 -172.0552][-0.987112 -0.125736 0.098994 0.137760 -0.982441 0.125827 0.081435 0.137843 0.987101] 
3d 0 
fr 169934
ts 58751.125741
6d 1 [12 1.000][492.060 -582.632 1256.996 -7.9227 4.6678 -171.9896][-0.986958 -0.126915 0.099024 0.138891 -0.982354 0.125259 0.081379 0.137379 0.987170] 
3d 0 
fr 169935
ts 58751.142427
6d 1 [12 1.000][492.070 -582.356 1256.927 -7.9199 4.6705 -171.9176][-0.986779 -0.128148 0.099221 0.140131 -0.982201 0.125081 0.081426 0.137331 0.987173] 
3d 0 
fr 169936
ts 58751.159090
6d 1 [12 1.000][491.955 -582.425 1256.850 -7.9236 4.6717 -171.9618][-0.986885 -0.127382 0.099153 0.139369 -0.982292 0.125218 0.081446 0.137394 0.987162] 
3d 0 
fr 169937
ts 58751.175767
6d 1 [12 1.000][491.890 -582.336 1256.845 -7.9241 4.6719 -171.9571][-0.986874 -0.127461 0.099167 0.139450 -0.982280 0.125217 0.081450 0.137403 0.987161] 
3d 0 
fr 169938
ts 58751.192429
6d 1 [12 1.000][491.756 -582.382 1256.810 -7.9245 4.6704 -171.9657][-0.986897 -0.127315 0.099123 0.139301 -0.982298 0.125243 0.081423 0.137410 0.987162] 
3d 0 
fr 169939
ts 58751.209101
6d 1 [12 1.000][491.719 -582.200 1256.800 -7.9159 4.6648 -171.9641][-0.986901 -0.127371 0.099013 0.139330 -0.982311 0.125106 0.081327 0.137262 0.987190] 
3d 0 
fr 169940
ts 58751.225763
6d 1 [12 1.000][491.673 -582.078 1256.835 -7.9135 4.6621 -171.9614][-0.986898 -0.127429 0.098967 0.139378 -0.982309 0.125067 0.081279 0.137222 0.987200] 
3d 0 
fr 169941
ts 58751.242424
6d 1 [12 1.000][491.454 -582.347 1256.784 -7.9163 4.6552 -171.9742][-0.986939 -0.127220 0.098827 0.139158 -0.982330 0.125155 0.081159 0.137273 0.987203] 
3d 0 
fr 169942
ts 58751.259091
6d 1 [12 1.000][491.298 -582.637 1256.758 -7.9183 4.6524 -172.0985][-0.987242 -0.125092 0.098513 0.137018 -0.982598 0.125410 0.081111 0.137308 0.987202] 
3d 0 
fr 169943
ts 58751.275747
6d 1 [12 1.000][491.269 -582.391 1256.804 -7.9142 4.6431 -172.0933][-0.987243 -0.125211 0.098357 0.137109 -0.982592 0.125352 0.080949 0.137239 0.987225] 
3d 0 
fr 169944
ts 58751.292409
6d 1 [12 1.000][491.287 -581.787 1256.707 -7.9194 4.6413 -172.0127][-0.987052 -0.126587 0.098512 0.138497 -0.982404 0.125306 0.080917 0.137327 0.987215] 
3d 0 
fr 169945
ts 58751.309060
6d 1 [12 1.000][491.133 -581.882 1256.685 -7.9304 4.6332 -171.9865][-0.987000 -0.127037 0.098456 0.138950 -0.982319 0.125471 0.080776 0.137520 0.987200] 
3d 0 
fr 169946
ts 58751.325722
6d 1 [12 1.000][491.028 -582.032 1256.667 -7.9364 4.6257 -172.0338][-0.987124 -0.126234 0.098238 0.138137 -0.982408 0.125672 0.080646 0.137625 0.987196] 
3d 0 
fr 169947
ts 58751.342366
6d 1 [12 1.000][490.932 -582.078 1256.645 -7.9470 4.6205 -172.0604][-0.987195 -0.125772 0.098115 0.137680 -0.982441 0.125912 0.080556 0.137808 0.987178] 
3d 0 
fr 169948
ts 58751.359019
6d 1 [12 1.000][490.881 -581.890 1256.629 -7.9808 4.6163 -172.0489][-0.987174 -0.125922 0.098143 0.137880 -0.982340 0.126481 0.080483 0.138391 0.987102] 
3d 0 
fr 169949
ts 58751.375713
6d 1 [12 1.000][490.974 -581.445 1256.636 -7.9838 4.6094 -171.9335][-0.986904 -0.127911 0.098285 0.139868 -0.982075 0.126352 0.080362 0.138444 0.987104] 
3d 0 
fr 169950
ts 58751.392379
6d 1 [12 1.000][490.806 -581.547 1256.571 -8.0256 4.6113 -171.9258][-0.986882 -0.127967 0.098429 0.140001 -0.981966 0.127049 0.080396 0.139163 0.987001] 
3d 0 
fr 169951
ts 58751.409061
6d 1 [12 1.000][490.707 -581.420 1256.501 -8.0934 4.6120 -171.9162][-0.986858 -0.128012 0.098613 0.140165 -0.981794 0.128193 0.080407 0.140331 0.986834] 
3d 0 
fr 169952
ts 58751.425722
6d 1 [12 1.000][490.806 -581.228 1256.521 -8.0724 4.6080 -171.9033][-0.986832 -0.128280 0.098527 0.140389 -0.981811 0.127822 0.080338 0.139970 0.986891] 
3d 0 
fr 169953
ts 58751.442395
6d 1 [12 1.000][490.709 -581.033 1256.484 -8.1082 4.6070 -171.8657][-0.986741 -0.128865 0.098674 0.141037 -0.981646 0.128372 0.080320 0.140587 0.986805] 
3d 0 
fr 169954
ts 58751.459060
6d 1 [12 1.000][490.675 -580.905 1256.423 -8.1352 4.6080 -171.8590][-0.986723 -0.128930 0.098767 0.141151 -0.981571 0.128821 0.080338 0.141051 0.986737] 
3d 0 
fr 169955
ts 58751.475729
6d 1 [12 1.000][490.605 -581.148 1256.441 -8.1526 4.5993 -171.8840][-0.986796 -0.128493 0.098602 0.140722 -0.981585 0.129184 0.080187 0.141354 0.986706] 
3d 0 
fr 169956
ts 58751.492390
6d 1 [12 1.000][490.558 -581.066 1256.398 -8.1775 4.5988 -171.9083][-0.986857 -0.128036 0.098595 0.140305 -0.981583 0.129654 0.080178 0.141783 0.986645] 
3d 0 
fr 169957
ts 58751.509052
6d 1 [12 1.000][490.503 -581.190 1256.441 -8.1915 4.5865 -171.9078][-0.986873 -0.128050 0.098416 0.140316 -0.981546 0.129923 0.079963 0.142027 0.986628] 
3d 0 
fr 169958
ts 58751.525713
6d 1 [12 1.000][490.472 -580.877 1256.523 -8.2127 4.5734 -171.8911][-0.986850 -0.128333 0.098279 0.140606 -0.981455 0.130288 0.079736 0.142393 0.986593] 
3d 0 
fr 169959
ts 58751.542368
6d 1 [12 1.000][490.368 -581.212 1256.415 -8.2155 4.5711 -171.9433][-0.986981 -0.127438 0.098127 0.139707 -0.981565 0.130432 0.079696 0.142443 0.986589] 
3d 0 
fr 169960
ts 58751.559030
6d 1 [12 1.000][490.233 -581.293 1256.491 -8.2371 4.5614 -171.9628][-0.987041 -0.127092 0.097965 0.139373 -0.981556 0.130858 0.079527 0.142816 0.986549] 
3d 0 
fr 169961
ts 58751.575675
6d 1 [12 1.000][490.238 -581.143 1256.555 -8.2428 4.5461 -171.9319][-0.986987 -0.127649 0.097788 0.139908 -0.981469 0.130939 0.079262 0.142917 0.986556] 
3d 0 
fr 169962
ts 58751.592340
6d 1 [12 1.000][490.190 -581.070 1256.489 -8.2275 4.5405 -171.8969][-0.986909 -0.128289 0.097738 0.140513 -0.981423 0.130631 0.079164 0.142655 0.986602] 
3d 0 
fr 169963
ts 58751.608976
6d 1 [12 1.000][490.121 -581.066 1256.506 -8.2341 4.5328 -171.8878][-0.986897 -0.128452 0.097643 0.140671 -0.981385 0.130748 0.079031 0.142770 0.986596] 
3d 0 
fr 169964
ts 58751.625643
6d 1 [12 1.000][490.052 -581.408 1256.596 -8.2433 4.5235 -171.8947][-0.986927 -0.128341 0.097489 0.140553 -0.981376 0.130939 0.078869 0.142930 0.986585] 
3d 0 
fr 169965
ts 58751.642328
6d 1 [12 1.000][489.965 -581.403 1256.531 -8.2412 4.5222 -171.8927][-0.986924 -0.128382 0.097466 0.140588 -0.981376 0.130903 0.078845 0.142894 0.986593] 
3d 0 
fr 169966
ts 58751.658990
6d 1 [12 1.000][489.798 -581.812 1256.558 -8.2282 4.5218 -171.9375][-0.987034 -0.127638 0.097329 0.139817 -0.981506 0.130758 0.078839 0.142670 0.986625] 
3d 0 
fr 169967
ts 58751.675669
6d 1 [12 1.000][489.803 -581.631 1256.596 -8.2282 4.5169 -171.9072][-0.986966 -0.128170 0.097314 0.140340 -0.981436 0.130719 0.078754 0.142672 0.986632] 
3d 0 
fr 169968
ts 58751.692332
6d 1 [12 1.000][489.801 -581.545 1256.578 -8.2071 4.5183 -171.8926][-0.986929 -0.128451 0.097324 0.140591 -0.981452 0.130328 0.078778 0.142307 0.986683] 
3d 0 
fr 169969
ts 58751.709003
6d 1 [12 1.000][489.848 -581.580 1256.620 -8.1287 4.5158 -171.8869][-0.986918 -0.128689 0.097117 0.140690 -0.981616 0.128982 0.078733 0.140958 0.986880] 
3d 0 
fr 169970
ts 58751.725664
6d 1 [12 1.000][489.880 -581.595 1256.687 -8.1655 4.5151 -171.8793][-0.986900 -0.128758 0.097206 0.140821 -0.981516 0.129601 0.078722 0.141592 0.986790] 
3d 0 
fr 169971
ts 58751.742329
6d 1 [12 1.000][489.701 -582.042 1256.696 -8.1469 4.5139 -171.8888][-0.986925 -0.128629 0.097122 0.140657 -0.981579 0.129301 0.078701 0.141271 0.986838] 
3d 0 
fr 169972
ts 58751.758991
6d 1 [12 1.000][489.654 -582.432 1256.701 -8.1655 4.5183 -172.0015][-0.987194 -0.126657 0.096984 0.138715 -0.981789 0.129801 0.078778 0.141592 0.986786] 
3d 0 
fr 169973
ts 58751.775649
6d 1 [12 1.000][489.625 -582.761 1256.660 -8.1581 4.5235 -172.0647][-0.987339 -0.125574 0.096913 0.137625 -0.981947 0.129768 0.078868 0.141463 0.986797] 
3d 0 
fr 169974
ts 58751.792312
6d 1 [12 1.000][489.710 -582.619 1256.530 -8.1533 4.5656 -172.0214][-0.987178 -0.126220 0.097718 0.138363 -0.981877 0.129513 0.079600 0.141373 0.986751] 
3d 0 
fr 169975
ts 58751.808959
6d 1 [12 1.000][489.880 -582.289 1256.562 -8.1294 4.5693 -171.9591][-0.987021 -0.127320 0.097869 0.139436 -0.981794 0.128987 0.079665 0.140959 0.986805] 
3d 0 
fr 169976
ts 58751.825625
6d 1 [12 1.000][489.861 -582.431 1256.712 -8.1087 4.5578 -172.0022][-0.987142 -0.126645 0.097530 0.138695 -0.981932 0.128734 0.079464 0.140605 0.986872] 
3d 0 
fr 169977
ts 58751.842266
6d 1 [12 1.000][489.783 -582.746 1256.717 -8.1318 4.5455 -172.0365][-0.987241 -0.126048 0.097294 0.138107 -0.981952 0.129217 0.079251 0.141006 0.986832] 
3d 0 
fr 169978
ts 58751.858931
6d 1 [12 1.000][489.891 -582.603 1256.667 -8.1247 4.5523 -172.0198][-0.987192 -0.126328 0.097432 0.138392 -0.981933 0.129052 0.079369 0.140883 0.986840] 
3d 0 
fr 169979
ts 58751.875617
6d 1 [12 1.000][490.016 -582.425 1256.705 -8.1043 4.5518 -172.0300][-0.987217 -0.126190 0.097356 0.138217 -0.982002 0.128720 0.079361 0.140531 0.986891] 
3d 0 
fr 169980
ts 58751.892282
6d 1 [12 1.000][490.035 -582.192 1256.657 -8.0953 4.5558 -171.9526][-0.987024 -0.127522 0.097578 0.139550 -0.981852 0.128424 0.079430 0.140375 0.986907] 
3d 0 
fr 169981
ts 58751.908964
6d 1 [12 1.000][490.075 -582.124 1256.615 -8.0954 4.5609 -171.9557][-0.987025 -0.127457 0.097659 0.139496 -0.981860 0.128420 0.079519 0.140376 0.986900] 
3d 0 
fr 169982
ts 58751.925626
6d 1 [12 1.000][490.000 -582.370 1256.647 -8.0939 4.5609 -172.0086][-0.987153 -0.126553 0.097537 0.138584 -0.981981 0.128483 0.079519 0.140350 0.986904] 
3d 0 
fr 169983
ts 58751.942301
6d 1 [12 1.000][489.972 -582.329 1256.633 -8.0959 4.5623 -172.0101][-0.987155 -0.126521 0.097560 0.138559 -0.981980 0.128517 0.079542 0.140384 0.986897] 
3d 0 
fr 169984
ts 58751.958963
6d 1 [12 1.000][489.838 -582.578 1256.619 -8.1222 4.5619 -172.0421][-0.987233 -0.125927 0.097541 0.138007 -0.981991 0.129024 0.079537 0.140838 0.986833] 
3d 0 
fr 169985
ts 58751.975629
6d 1 [12 1.000][489.924 -582.233 1256.591 -8.2085 4.5613 -172.0363][-0.987219 -0.125882 0.097733 0.138108 -0.981783 0.130494 0.079526 0.142323 0.986620] 
3d 0 
fr 169986
ts 58751.992294
6d 1 [12 1.000][489.937 -581.973 1256.494 -8.2305 4.5614 -171.9405][-0.986987 -0.127485 0.098002 0.139758 -0.981521 0.130706 0.079528 0.142702 0.986566] 
3d 0 
fr 169987
ts 58752.008952
6d 1 [12 1.000][489.990 -581.863 1256.568 -8.1773 4.5543 -171.9705][-0.987070 -0.127079 0.097694 0.139241 -0.981706 0.129864 0.079404 0.141788 0.986707] 
3d 0 
fr 169988
ts 58752.025619
6d 1 [12 1.000][489.971 -581.719 1256.590 -8.2026 4.5466 -171.9490][-0.987028 -0.127423 0.097668 0.139613 -0.981598 0.130280 0.079270 0.142225 0.986655] 
3d 0 
fr 169989
ts 58752.042270
6d 1 [12 1.000][489.798 -582.066 1256.545 -8.2332 4.5447 -171.9710][-0.987084 -0.126999 0.097653 0.139236 -0.981577 0.130846 0.079237 0.142753 0.986582] 
3d 0 
fr 169990
ts 58752.058935
6d 1 [12 1.000][489.686 -582.392 1256.529 -8.2557 4.5409 -172.0926][-0.987383 -0.124886 0.097359 0.137140 -0.981791 0.131448 0.079170 0.143141 0.986531] 
3d 0 
fr 169991
ts 58752.075578
6d 1 [12 1.000][489.633 -582.569 1256.533 -8.2750 4.5388 -172.1323][-0.987480 -0.124179 0.097275 0.136457 -0.981832 0.131851 0.079134 0.143474 0.986485] 
3d 0 
fr 169992
ts 58752.092244
6d 1 [12 1.000][489.617 -582.267 1256.372 -8.2728 4.5465 -172.0589][-0.987294 -0.125421 0.097569 0.137720 -0.981680 0.131670 0.079268 0.143434 0.986480] 
3d 0 
fr 169993
ts 58752.108886
6d 1 [12 1.000][489.681 -581.811 1256.410 -8.2595 4.5459 -171.9692][-0.987078 -0.126982 0.097735 0.139266 -0.981513 0.131291 0.079257 0.143205 0.986514] 
3d 0 
fr 169994
ts 58752.125548
6d 1 [12 1.000][489.565 -581.761 1256.520 -8.2738 4.5340 -171.9772][-0.987114 -0.126851 0.097546 0.139131 -0.981494 0.131577 0.079050 0.143453 0.986495] 
3d 0 
fr 169995
ts 58752.142230
6d 1 [12 1.000][489.396 -581.932 1256.512 -8.2956 4.5263 -172.0167][-0.987220 -0.126156 0.097372 0.138451 -0.981528 0.132036 0.078916 0.143830 0.986451] 
3d 0 
fr 169996
ts 58752.158895
6d 1 [12 1.000][489.429 -581.625 1256.440 -8.3215 4.5236 -171.9257][-0.987003 -0.127677 0.097594 0.140020 -0.981266 0.132331 0.078870 0.144276 0.986389] 
3d 0 
fr 169997
ts 58752.175574
6d 1 [12 1.000][489.536 -581.344 1256.575 -8.3126 4.5083 -171.9165][-0.987001 -0.127887 0.097334 0.140180 -0.981261 0.132200 0.078603 0.144126 0.986433] 
3d 0 
fr 169998
ts 58752.192237
6d 1 [12 1.000][489.540 -580.998 1256.468 -8.2763 4.4877 -171.8139][-0.986776 -0.129757 0.097138 0.141952 -0.981106 0.131455 0.078246 0.143506 0.986551] 
3d 0 
fr 169999
ts 58752.208909
6d 1 [12 1.000][489.596 -580.966 1256.414 -8.3240 4.4973 -171.8268][-0.986795 -0.129432 0.097380 0.141729 -0.981029 0.132270 0.078413 0.144325 0.986419] 
3d 0 
fr 170000
ts 58752.225570
6d 1 [12 1.000][489.604 -581.022 1256.347 -8.3324 4.4943 -171.8467][-0.986848 -0.129084 0.097302 0.141385 -0.981053 0.132455 0.078360 0.144470 0.986402] 
3d 0 
fr 170001
ts 58752.242232
6d 1 [12 1.000][489.667 -580.862 1256.166 -8.3291 4.5024 -171.8184][-0.986768 -0.129554 0.097496 0.141871 -0.981000 0.132331 0.078500 0.144412 0.986399] 
3d 0 
fr 170002
ts 58752.258898
6d 1 [12 1.000][489.817 -580.752 1256.153 -8.3495 4.5274 -171.8163][-0.986728 -0.129492 0.097975 0.141903 -0.980957 0.132615 0.078936 0.144758 0.986313] 
3d 0 
fr 170003
ts 58752.275556
6d 1 [12 1.000][489.965 -580.436 1256.091 -8.3433 4.5367 -171.7967][-0.986667 -0.129815 0.098165 0.142239 -0.980930 0.132452 0.079098 0.144649 0.986316] 
3d 0 
fr 170004
ts 58752.292218
6d 1 [12 1.000][489.975 -580.599 1256.015 -8.3537 4.5541 -171.8111][-0.986679 -0.129508 0.098451 0.141988 -0.980945 0.132613 0.079401 0.144826 0.986266] 
3d 0 
fr 170005
ts 58752.308870
6d 1 [12 1.000][490.044 -580.583 1256.008 -8.3663 4.5674 -171.8784][-0.986827 -0.128301 0.098551 0.140826 -0.981072 0.132912 0.079633 0.145040 0.986216] 
3d 0 
fr 170006
ts 58752.325532
6d 1 [12 1.000][490.184 -580.436 1255.934 -8.3604 4.5834 -171.8573][-0.986753 -0.128633 0.098858 0.141187 -0.981044 0.132735 0.079910 0.144934 0.986209] 
3d 0 
fr 170007
ts 58752.342177
6d 1 [12 1.000][490.174 -580.455 1255.900 -8.2948 4.5956 -171.8687][-0.986764 -0.128520 0.098892 0.140988 -0.981225 0.131602 0.080122 0.143803 0.986358] 
3d 0 
fr 170008
ts 58752.358837
6d 1 [12 1.000][490.221 -580.412 1255.982 -8.3499 4.5906 -171.8878][-0.986818 -0.128110 0.098887 0.140659 -0.981140 0.132591 0.080035 0.144752 0.986226] 
3d 0 
fr 170009
ts 58752.375525
6d 1 [12 1.000][490.155 -580.660 1256.020 -8.3292 4.5755 -171.9526][-0.986997 -0.127074 0.098433 0.139547 -0.981326 0.132384 0.079772 0.144399 0.986299] 
3d 0 
fr 170010
ts 58752.392191
6d 1 [12 1.000][490.131 -580.669 1255.994 -8.3256 4.5812 -171.9413][-0.986962 -0.127259 0.098549 0.139739 -0.981312 0.132290 0.079873 0.144336 0.986300] 
3d 0 
fr 170011
ts 58752.408873
6d 1 [12 1.000][490.107 -580.694 1256.019 -8.3501 4.5827 -171.9407][-0.986958 -0.127223 0.098629 0.139749 -0.981254 0.132704 0.079897 0.144757 0.986236] 
3d 0 
fr 170012
ts 58752.425534
6d 1 [12 1.000][490.146 -580.513 1256.074 -8.3471 4.5780 -171.9230][-0.986921 -0.127544 0.098584 0.140056 -0.981220 0.132633 0.079816 0.144706 0.986250] 
3d 0 
fr 170013
ts 58752.442208
6d 1 [12 1.000][489.982 -580.801 1256.007 -8.3677 4.5810 -171.9202][-0.986910 -0.127549 0.098687 0.140103 -0.981167 0.132975 0.079868 0.145060 0.986194] 
3d 0 
fr 170014
ts 58752.458873
6d 1 [12 1.000][489.953 -580.984 1256.133 -8.3916 4.5775 -171.9283][-0.986935 -0.127377 0.098663 0.139964 -0.981128 0.133407 0.079808 0.145473 0.986138] 
3d 0 
fr 170015
ts 58752.475537
6d 1 [12 1.000][489.933 -581.026 1256.266 -8.3598 4.5461 -171.9101][-0.986934 -0.127823 0.098099 0.140285 -0.981150 0.132907 0.079261 0.144932 0.986262] 
3d 0 
fr 170016
ts 58752.492203
6d 1 [12 1.000][489.778 -581.522 1256.292 -8.3274 4.5473 -171.9321][-0.986986 -0.127498 0.097995 0.139904 -0.981275 0.132386 0.079281 0.144373 0.986342] 
3d 0 
fr 170017
ts 58752.508866
6d 1 [12 1.000][489.789 -581.589 1256.407 -8.3113 4.5617 -171.9386][-0.986982 -0.127378 0.098190 0.139789 -0.981332 0.132088 0.079532 0.144094 0.986363] 
3d 0 
fr 170018
ts 58752.525527
6d 1 [12 1.000][489.852 -581.556 1256.569 -8.2590 4.5318 -171.9382][-0.987022 -0.127548 0.097566 0.139802 -0.981440 0.131263 0.079013 0.143199 0.986535] 
3d 0 
fr 170019
ts 58752.542183
6d 1 [12 1.000][489.836 -581.760 1256.632 -8.2233 4.5245 -171.9437][-0.987045 -0.127533 0.097349 0.139709 -0.981532 0.130678 0.078886 0.142586 0.986634] 
3d 0 
fr 170020
ts 58752.558844
6d 1 [12 1.000][489.770 -582.213 1256.698 -8.1718 4.5384 -171.9647][-0.987077 -0.127228 0.097423 0.139346 -0.981700 0.129798 0.079127 0.141696 0.986743] 
3d 0 
fr 170021
ts 58752.575490
6d 1 [12 1.000][489.715 -582.782 1256.757 -8.1817 4.5316 -172.1092][-0.987435 -0.124750 0.097002 0.136856 -0.981993 0.130228 0.079010 0.141867 0.986727] 
3d 0 
fr 170022
ts 58752.592156
6d 1 [12 1.000][489.783 -582.576 1256.691 -8.1833 4.5292 -172.0538][-0.987305 -0.125704 0.097091 0.137812 -0.981868 0.130169 0.078968 0.141897 0.986727] 
3d 0 
fr 170023
ts 58752.608791
6d 1 [12 1.000][489.719 -582.874 1256.734 -8.1667 4.5274 -172.1171][-0.987460 -0.124651 0.096880 0.136722 -0.982043 0.129995 0.078936 0.141611 0.986770] 
3d 0 
fr 170024
ts 58752.625457
6d 1 [12 1.000][489.899 -582.513 1256.715 -8.1497 4.5241 -172.0753][-0.987364 -0.125404 0.096881 0.137442 -0.981989 0.129640 0.078879 0.141318 0.986817] 
3d 0 
fr 170025
ts 58752.642140
6d 1 [12 1.000][489.959 -582.438 1256.676 -8.1293 4.5263 -172.0236][-0.987237 -0.126319 0.096990 0.138332 -0.981923 0.129198 0.078917 0.140966 0.986864] 
3d 0 
fr 170026
ts 58752.658803
6d 1 [12 1.000][490.060 -582.218 1256.625 -8.1506 4.5290 -171.9942][-0.987162 -0.126780 0.097150 0.138838 -0.981810 0.129507 0.078963 0.141333 0.986808] 
3d 0 
fr 170027
ts 58752.675482
6d 1 [12 1.000][490.036 -582.373 1256.603 -8.2528 4.5308 -172.0320][-0.987251 -0.125955 0.097319 0.138187 -0.981662 0.131318 0.078995 0.143092 0.986552] 
3d 0 
fr 170028
ts 58752.692147
6d 1 [12 1.000][489.926 -582.796 1256.392 -8.2699 4.5694 -172.0776][-0.987308 -0.125048 0.097910 0.137393 -0.981736 0.131598 0.079666 0.143380 0.986456] 
3d 0 
fr 170029
ts 58752.708819
6d 1 [12 1.000][490.117 -582.409 1256.341 -8.2318 4.5813 -172.0669][-0.987265 -0.125268 0.098055 0.137576 -0.981804 0.130898 0.079873 0.142721 0.986535] 
3d 0 
fr 170030
ts 58752.725482
6d 1 [12 1.000][490.381 -581.730 1256.272 -8.2671 4.5911 -171.8960][-0.986837 -0.128110 0.098692 0.140517 -0.981349 0.131186 0.080045 0.143327 0.986433] 
3d 0 
fr 170031
ts 58752.742148
6d 1 [12 1.000][490.355 -581.844 1256.108 -8.3171 4.6153 -171.8924][-0.986795 -0.128027 0.099224 0.140576 -0.981234 0.131976 0.080465 0.144182 0.986274] 
3d 0 
fr 170032
ts 58752.758809
6d 1 [12 1.000][490.433 -582.082 1255.983 -8.2763 4.6432 -171.9562][-0.986912 -0.126935 0.099461 0.139471 -0.981480 0.131321 0.080950 0.143474 0.986338] 
3d 0 
fr 170033
ts 58752.775468
6d 1 [12 1.000][490.644 -581.970 1255.993 -8.1788 4.6622 -171.9738][-0.986928 -0.126755 0.099529 0.139163 -0.981747 0.129636 0.081280 0.141792 0.986554] 
3d 0 
fr 170034
ts 58752.792131
6d 1 [12 1.000][490.693 -581.900 1255.842 -8.2695 4.6894 -171.9394][-0.986806 -0.127120 0.100273 0.139751 -0.981474 0.131065 0.081754 0.143349 0.986290] 
3d 0 
fr 170035
ts 58752.808782
6d 1 [12 1.000][490.946 -581.543 1255.696 -8.2690 4.7237 -171.8984][-0.986657 -0.127739 0.100950 0.140451 -0.981396 0.130900 0.082351 0.143332 0.986242] 
3d 0 
fr 170036
ts 58752.825444
6d 1 [12 1.000][491.072 -581.671 1255.700 -8.2525 4.7510 -171.8996][-0.986621 -0.127679 0.101375 0.140423 -0.981446 0.130554 0.082826 0.143043 0.986245] 
3d 0 
fr 170037
ts 58752.842089
6d 1 [12 1.000][491.192 -581.543 1255.586 -8.2561 4.7840 -171.8861][-0.986540 -0.127824 0.101976 0.140651 -0.981420 0.130511 0.083399 0.143097 0.986189] 
3d 0 
fr 170038
ts 58752.858752
6d 1 [12 1.000][491.242 -581.889 1255.685 -8.2577 4.8012 -171.9247][-0.986610 -0.127115 0.102185 0.139981 -0.981508 0.130566 0.083699 0.143122 0.986160] 
3d 0 
fr 170039
ts 58752.875437
6d 1 [12 1.000][491.179 -582.219 1255.680 -8.2597 4.8145 -172.0438][-0.986880 -0.125039 0.102145 0.137928 -0.981770 0.130780 0.083931 0.143153 0.986135] 
3d 0 
fr 170040
ts 58752.892104
6d 1 [12 1.000][491.257 -582.162 1255.713 -8.2211 4.8085 -172.0227][-0.986838 -0.125484 0.102007 0.138293 -0.981810 0.130096 0.083826 0.142490 0.986240] 
3d 0 
fr 170041
ts 58752.908786
6d 1 [12 1.000][491.419 -581.924 1255.686 -8.2036 4.8289 -171.9861][-0.986719 -0.126093 0.102399 0.138919 -0.981776 0.129681 0.084181 0.142184 0.986254] 
3d 0 
fr 170042
ts 58752.925447
6d 1 [12 1.000][491.407 -582.152 1255.752 -8.2069 4.8393 -172.0189][-0.986784 -0.125498 0.102508 0.138351 -0.981844 0.129773 0.084361 0.142240 0.986231] 
3d 0 
fr 170043
ts 58752.942124
6d 1 [12 1.000][491.368 -582.615 1255.750 -8.2180 4.8499 -172.1165][-0.987003 -0.123779 0.102492 0.136667 -0.982035 0.130112 0.084546 0.142428 0.986188] 
3d 0 
fr 170044
ts 58752.958786
6d 1 [12 1.000][491.388 -583.143 1255.797 -8.2067 4.8425 -172.2597][-0.987352 -0.121364 0.102016 0.134202 -0.982364 0.130191 0.084416 0.142235 0.986227] 
3d 0 
fr 170045
ts 58752.975455
6d 1 [12 1.000][491.540 -582.993 1255.824 -8.2234 4.8427 -172.2344][-0.987292 -0.121767 0.102113 0.134638 -0.982273 0.130432 0.084421 0.142523 0.986185] 
3d 0 
fr 170046
ts 58752.992118
6d 1 [12 1.000][491.757 -582.658 1255.807 -8.2213 4.8439 -172.1517][-0.987095 -0.123186 0.102318 0.136064 -0.982101 0.130246 0.084442 0.142487 0.986188] 
3d 0 
fr 170047
ts 58753.008775
6d 1 [12 1.000][491.769 -583.021 1255.908 -8.2216 4.8362 -172.2544][-0.987349 -0.121443 0.101952 0.134295 -0.982317 0.130453 0.084307 0.142494 0.986199] 
3d 0 
fr 170048
ts 58753.025440
6d 1 [12 1.000][491.818 -583.050 1255.914 -8.2265 4.8300 -172.2684][-0.987390 -0.121209 0.101825 0.134054 -0.982334 0.130575 0.084200 0.142579 0.986196] 
3d 0 
fr 170049
ts 58753.042096
6d 1 [12 1.000][491.727 -583.487 1255.978 -8.2288 4.8280 -172.3247][-0.987525 -0.120245 0.101668 0.133085 -0.982446 0.130719 0.084165 0.142618 0.986193] 
3d 0 
fr 170050
ts 58753.058758
6d 1 [12 1.000][491.673 -583.911 1256.040 -8.2299 4.8226 -172.4601][-0.987844 -0.117935 0.101268 0.130752 -0.982724 0.130990 0.084070 0.142639 0.986198] 
3d 0 
fr 170051
ts 58753.075407
6d 1 [12 1.000][491.809 -583.813 1256.021 -8.2220 4.8207 -172.4440][-0.987810 -0.118229 0.101256 0.131029 -0.982708 0.130831 0.084037 0.142503 0.986220] 
3d 0 
fr 170052
ts 58753.092068
6d 1 [12 1.000][491.812 -583.774 1256.038 -8.2234 4.8235 -172.4651][-0.987854 -0.117858 0.101260 0.130666 -0.982749 0.130885 0.084087 0.142527 0.986213] 
3d 0 
fr 170053
ts 58753.108706
6d 1 [12 1.000][491.843 -583.604 1256.065 -8.2147 4.8220 -172.4024][-0.987713 -0.118953 0.101359 0.131747 -0.982639 0.130628 0.084060 0.142377 0.986237] 
3d 0 
fr 170054
ts 58753.125373
6d 1 [12 1.000][491.714 -583.831 1256.100 -8.2170 4.8154 -172.4354][-0.987798 -0.118399 0.101175 0.131179 -0.982700 0.130742 0.083945 0.142419 0.986240] 
3d 0 
fr 170055
ts 58753.142055
6d 1 [12 1.000][491.548 -584.069 1256.150 -8.2090 4.8055 -172.4517][-0.987850 -0.118159 0.100953 0.130901 -0.982748 0.130655 0.083773 0.142282 0.986275] 
3d 0 
fr 170056
ts 58753.158720
6d 1 [12 1.000][491.538 -583.933 1256.186 -8.2072 4.8014 -172.4219][-0.987787 -0.118683 0.100947 0.131416 -0.982689 0.130581 0.083702 0.142252 0.986285] 
3d 0 
fr 170057
ts 58753.175401
6d 1 [12 1.000][491.370 -584.145 1256.241 -8.2097 4.7910 -172.4308][-0.987823 -0.118552 0.100755 0.131264 -0.982699 0.130662 0.083521 0.142297 0.986294] 
3d 0 
fr 170058
ts 58753.192063
6d 1 [12 1.000][491.175 -584.497 1256.292 -8.2148 4.7828 -172.4760][-0.987938 -0.117786 0.100521 0.130485 -0.982778 0.130849 0.083378 0.142387 0.986293] 
3d 0 
fr 170059
ts 58753.208731
6d 1 [12 1.000][491.019 -584.857 1256.348 -8.2199 4.7913 -172.5096][-0.988002 -0.117180 0.100600 0.129904 -0.982838 0.130976 0.083526 0.142472 0.986268] 
3d 0 
fr 170060
ts 58753.225398
6d 1 [12 1.000][491.157 -584.261 1256.519 -8.1965 4.7768 -172.3659][-0.987694 -0.119721 0.100632 0.132384 -0.982589 0.130356 0.083274 0.142074 0.986347] 
3d 0 
fr 170061
ts 58753.242059
6d 1 [12 1.000][491.135 -584.132 1256.552 -8.1136 4.7673 -172.2514][-0.987441 -0.121855 0.100555 0.134361 -0.982532 0.128754 0.083110 0.140648 0.986565] 
3d 0 
fr 170062
ts 58753.258726
6d 1 [12 1.000][491.051 -584.383 1256.680 -8.1247 4.7582 -172.2472][-0.987444 -0.121930 0.100433 0.134435 -0.982495 0.128958 0.082951 0.140840 0.986551] 
3d 0 
fr 170063
ts 58753.275380
6d 1 [12 1.000][491.060 -584.561 1256.790 -8.0795 4.7534 -172.2341][-0.987421 -0.122244 0.100283 0.134661 -0.982567 0.128171 0.082867 0.140063 0.986669] 
3d 0 
fr 170064
ts 58753.292045
6d 1 [12 1.000][491.052 -584.759 1256.870 -8.0550 4.7520 -172.2167][-0.987382 -0.122589 0.100246 0.134961 -0.982584 0.127724 0.082843 0.139641 0.986731] 
3d 0 
fr 170065
ts 58753.308698
6d 1 [12 1.000][491.039 -585.091 1256.943 -8.0449 4.7561 -172.2387][-0.987428 -0.122220 0.100245 0.134581 -0.982655 0.127581 0.082914 0.139468 0.986749] 
3d 0 
fr 170066
ts 58753.325360
6d 1 [12 1.000][491.062 -585.432 1257.046 -8.0388 4.7842 -172.2584][-0.987433 -0.121824 0.100669 0.134236 -0.982720 0.127444 0.083404 0.139356 0.986724] 
3d 0 
fr 170067
ts 58753.342001
6d 1 [12 1.000][491.199 -585.399 1257.075 -8.0461 4.8111 -172.1885][-0.987230 -0.122946 0.101298 0.135435 -0.982563 0.127383 0.083870 0.139476 0.986667] 
3d 0 
fr 170068
ts 58753.358665
6d 1 [12 1.000][491.355 -585.378 1257.125 -8.0383 4.8275 -172.1615][-0.987142 -0.123384 0.101622 0.135898 -0.982528 0.127165 0.084156 0.139340 0.986662] 
3d 0 
fr 170069
ts 58753.375353
6d 1 [12 1.000][491.556 -585.406 1257.254 -7.8998 4.8305 -172.1521][-0.987115 -0.123783 0.101395 0.136059 -0.982813 0.124764 0.084209 0.136952 0.986992] 
3d 0 
fr 170070
ts 58753.392019
6d 1 [12 1.000][491.651 -585.467 1257.320 -7.9444 4.8446 -172.1365][-0.987058 -0.123937 0.101765 0.136324 -0.982687 0.125470 0.084453 0.137719 0.986864] 
3d 0 
fr 170071
ts 58753.408698
6d 1 [12 1.000][491.708 -585.813 1257.407 -7.9136 4.8395 -172.2363][-0.987301 -0.122293 0.101394 0.134606 -0.982967 0.125129 0.084364 0.137189 0.986946] 
3d 0 
fr 170072
ts 58753.425364
6d 1 [12 1.000][491.907 -585.992 1257.481 -7.8949 4.8225 -172.2908][-0.987454 -0.121431 0.100946 0.133670 -0.983118 0.124944 0.084070 0.136870 0.987015] 
3d 0 
fr 170073
ts 58753.442038
6d 1 [12 1.000][491.948 -586.359 1257.389 -7.8909 4.8361 -172.3617][-0.987598 -0.120190 0.101014 0.132447 -0.983280 0.124970 0.084305 0.136799 0.987005] 
3d 0 
fr 170074
ts 58753.458703
6d 1 [12 1.000][492.338 -585.790 1257.423 -7.8669 4.8427 -172.2958][-0.987436 -0.121347 0.101221 0.133581 -0.983196 0.124426 0.084421 0.136384 0.987052] 
3d 0 
fr 170075
ts 58753.475369
6d 1 [12 1.000][492.669 -585.442 1257.378 -7.8043 4.8508 -172.2353][-0.987282 -0.122477 0.101357 0.134622 -0.983205 0.123226 0.084562 0.135304 0.987189] 
3d 0 
fr 170076
ts 58753.492034
6d 1 [12 1.000][492.810 -585.542 1257.251 -7.8146 4.8633 -172.2792][-0.987367 -0.121675 0.101497 0.133862 -0.983281 0.123451 0.084780 0.135478 0.987146] 
3d 0 
fr 170077
ts 58753.508697
6d 1 [12 1.000][493.057 -585.407 1257.137 -7.9287 4.8770 -172.2949][-0.987383 -0.121171 0.101939 0.133589 -0.983070 0.125406 0.085017 0.137442 0.986855] 
3d 0 
fr 170078
ts 58753.525358
6d 1 [12 1.000][493.231 -585.505 1257.013 -7.9751 4.8949 -172.3383][-0.987458 -0.120302 0.102247 0.132838 -0.983066 0.126237 0.085329 0.138236 0.986717] 
3d 0 
fr 170079
ts 58753.542014
6d 1 [12 1.000][493.514 -585.230 1256.782 -7.9641 4.9468 -172.3624][-0.987437 -0.119784 0.103056 0.132412 -0.983157 0.125973 0.086230 0.138036 0.986666] 
3d 0 
fr 170080
ts 58753.558678
6d 1 [12 1.000][493.756 -584.922 1256.651 -7.9199 4.9778 -172.3634][-0.987393 -0.119771 0.103491 0.132388 -0.983266 0.125146 0.086770 0.137269 0.986726] 
3d 0 
fr 170081
ts 58753.575325
6d 1 [12 1.000][493.988 -584.470 1256.563 -7.9774 4.9887 -172.3103][-0.987253 -0.120553 0.103914 0.133301 -0.983032 0.126012 0.086959 0.138257 0.986571] 
3d 0 
fr 170082
ts 58753.591986
6d 1 [12 1.000][494.163 -584.444 1256.427 -7.9807 5.0044 -172.3735][-0.987376 -0.119425 0.104050 0.132209 -0.983162 0.126147 0.087232 0.138311 0.986540] 
3d 0 
fr 170083
ts 58753.608626
6d 1 [12 1.000][494.319 -584.036 1256.177 -7.9957 5.0318 -172.3486][-0.987277 -0.119760 0.104603 0.132633 -0.983086 0.126296 0.087709 0.138563 0.986462] 
3d 0 
fr 170084
ts 58753.625290
6d 1 [12 1.000][494.443 -583.838 1256.041 -8.0176 5.0303 -172.3647][-0.987316 -0.119448 0.104588 0.132356 -0.983071 0.126704 0.087683 0.138939 0.986411] 
3d 0 
fr 170085
ts 58753.641978
6d 1 [12 1.000][494.507 -583.396 1255.800 -8.1395 5.0498 -172.3612][-0.987279 -0.119236 0.105182 0.132411 -0.982798 0.128745 0.088021 0.141035 0.986084] 
3d 0 
fr 170086
ts 58753.658640
6d 1 [12 1.000][494.554 -583.352 1255.664 -8.2321 5.0673 -172.3713][-0.987276 -0.118850 0.105649 0.132234 -0.982615 0.130311 0.088325 0.142624 0.985828] 
3d 0 
fr 170087
ts 58753.675320
6d 1 [12 1.000][494.532 -583.092 1255.474 -8.2635 5.0804 -172.3418][-0.987187 -0.119266 0.106006 0.132740 -0.982487 0.130766 0.088554 0.143161 0.985730] 
3d 0 
fr 170088
ts 58753.691976
