fr 173794
ts 58815.449981
6d 1 [12 1.000][483.684 -580.585 1260.964 -10.0541 2.4229 -173.2612][-0.992204 -0.108212 0.061823 0.117239 -0.978707 0.168487 0.042274 0.174422 0.983763] 
3d 0 
fr 173795
ts 58815.466623
6d 1 [12 1.000][483.660 -580.591 1260.938 -10.0327 2.4231 -173.3359][-0.992355 -0.106958 0.061567 0.115945 -0.978910 0.168201 0.042278 0.174054 0.983828] 
3d 0 
fr 173796
ts 58815.483289
6d 1 [12 1.000][483.600 -580.637 1260.926 -10.0562 2.4193 -173.3757][-0.992439 -0.106265 0.061429 0.115256 -0.978914 0.168653 0.042212 0.174458 0.983759] 
3d 0 
fr 173797
ts 58815.499981
6d 1 [12 1.000][483.504 -580.474 1260.907 -10.0547 2.4144 -173.3398][-0.992370 -0.106895 0.061448 0.115878 -0.978850 0.168599 0.042126 0.174433 0.983768] 
3d 0 
fr 173798
ts 58815.516643
6d 1 [12 1.000][483.394 -580.319 1260.901 -10.0447 2.4014 -173.3267][-0.992353 -0.107168 0.061247 0.116106 -0.978850 0.168441 0.041900 0.174264 0.983807] 
3d 0 
fr 173799
ts 58815.533327
6d 1 [12 1.000][483.296 -580.180 1260.920 -10.0310 2.3684 -173.3336][-0.992390 -0.107165 0.060638 0.115990 -0.978891 0.168280 0.041324 0.174033 0.983872] 
3d 0 
fr 173800
ts 58815.549988
6d 1 [12 1.000][483.178 -580.079 1260.880 -10.0380 2.3556 -173.3159][-0.992364 -0.107498 0.060484 0.116297 -0.978833 0.168407 0.041101 0.174155 0.983860] 
3d 0 
fr 173801
ts 58815.566664
6d 1 [12 1.000][482.931 -580.163 1260.865 -10.0992 2.3390 -173.3244][-0.992393 -0.107339 0.060291 0.116151 -0.978663 0.169493 0.040811 0.175206 0.983686] 
3d 0 
fr 173802
ts 58815.583328
6d 1 [12 1.000][482.801 -580.390 1260.769 -10.0733 2.3403 -173.3366][-0.992417 -0.107153 0.060229 0.115939 -0.978763 0.169060 0.040835 0.174761 0.983764] 
3d 0 
fr 173803
ts 58815.599995
6d 1 [12 1.000][482.706 -580.398 1260.672 -10.0932 2.3524 -173.3431][-0.992421 -0.106985 0.060453 0.115826 -0.978720 0.169385 0.041045 0.175103 0.983694] 
3d 0 
fr 173804
ts 58815.616662
6d 1 [12 1.000][482.603 -580.283 1260.706 -10.0460 2.3422 -173.3420][-0.992426 -0.107084 0.060195 0.115846 -0.978854 0.168597 0.040868 0.174294 0.983845] 
3d 0 
fr 173805
ts 58815.633325
6d 1 [12 1.000][482.626 -579.967 1260.689 -10.0490 2.3356 -173.2529][-0.992249 -0.108622 0.060350 0.117389 -0.978675 0.168567 0.040753 0.174345 0.983841] 
3d 0 
fr 173806
ts 58815.649986
6d 1 [12 1.000][482.595 -579.684 1260.661 -10.0536 2.3254 -173.1686][-0.992083 -0.110088 0.060433 0.118849 -0.978497 0.168577 0.040575 0.174425 0.983834] 
3d 0 
fr 173807
ts 58815.666644
6d 1 [12 1.000][482.463 -579.831 1260.635 -10.0576 2.3207 -173.2056][-0.992163 -0.109467 0.060252 0.118210 -0.978554 0.168694 0.040493 0.174495 0.983825] 
3d 0 
fr 173808
ts 58815.683306
6d 1 [12 1.000][482.352 -580.076 1260.634 -10.0581 2.3151 -173.2665][-0.992292 -0.108442 0.059977 0.117155 -0.978667 0.168779 0.040395 0.174504 0.983827] 
3d 0 
fr 173809
ts 58815.699955
6d 1 [12 1.000][482.477 -579.684 1260.607 -10.0656 2.3115 -173.1876][-0.992132 -0.109794 0.060164 0.118523 -0.978493 0.168831 0.040333 0.174634 0.983807] 
3d 0 
fr 173810
ts 58815.716617
6d 1 [12 1.000][482.445 -579.655 1260.595 -10.0613 2.3049 -173.1750][-0.992110 -0.110034 0.060079 0.118741 -0.978479 0.168759 0.040216 0.174561 0.983825] 
3d 0 
fr 173811
ts 58815.733261
6d 1 [12 1.000][482.420 -579.714 1260.638 -10.0618 2.3016 -173.1775][-0.992118 -0.110000 0.060017 0.118698 -0.978481 0.168775 0.040160 0.174569 0.983826] 
3d 0 
fr 173812
ts 58815.749921
6d 1 [12 1.000][482.367 -580.038 1260.639 -10.0624 2.2993 -173.2736][-0.992317 -0.108365 0.059695 0.117034 -0.978662 0.168891 0.040119 0.174580 0.983825] 
3d 0 
fr 173813
ts 58815.766607
6d 1 [12 1.000][482.404 -579.919 1260.569 -10.0822 2.3035 -173.2357][-0.992237 -0.108979 0.059915 0.117690 -0.978533 0.169181 0.040192 0.174919 0.983762] 
3d 0 
fr 173814
ts 58815.783274
6d 1 [12 1.000][482.466 -579.880 1260.579 -10.1059 2.2999 -173.2148][-0.992196 -0.109323 0.059961 0.118053 -0.978422 0.169571 0.040130 0.175326 0.983692] 
3d 0 
fr 173815
ts 58815.799954
6d 1 [12 1.000][482.506 -579.651 1260.555 -10.0845 2.3006 -173.2190][-0.992204 -0.109271 0.059921 0.117980 -0.978493 0.169209 0.040142 0.174960 0.983757] 
3d 0 
fr 173816
ts 58815.816616
6d 1 [12 1.000][482.506 -579.665 1260.519 -10.0876 2.3046 -173.2127][-0.992189 -0.109362 0.060013 0.118088 -0.978474 0.169247 0.040212 0.175011 0.983745] 
3d 0 
fr 173817
ts 58815.833286
6d 1 [12 1.000][482.474 -579.839 1260.499 -10.0937 2.3109 -173.2342][-0.992228 -0.108970 0.060069 0.117715 -0.978499 0.169362 0.040322 0.175117 0.983722] 
3d 0 
fr 173818
ts 58815.849952
6d 1 [12 1.000][482.421 -580.020 1260.469 -10.0925 2.3162 -173.3191][-0.992398 -0.107505 0.059906 0.116244 -0.978665 0.169418 0.040415 0.175094 0.983722] 
3d 0 
fr 173819
ts 58815.866619
6d 1 [12 1.000][482.472 -579.793 1260.328 -10.0977 2.3443 -173.2721][-0.992283 -0.108217 0.060533 0.117056 -0.978571 0.169403 0.040904 0.175181 0.983686] 
3d 0 
fr 173820
ts 58815.883282
6d 1 [12 1.000][482.576 -579.381 1260.367 -10.0938 2.3252 -173.1998][-0.992148 -0.109514 0.060415 0.118310 -0.978438 0.169297 0.040572 0.175115 0.983712] 
3d 0 
fr 173821
ts 58815.899938
6d 1 [12 1.000][482.514 -579.365 1260.412 -10.1101 2.3169 -173.2053][-0.992165 -0.109429 0.060288 0.118216 -0.978397 0.169599 0.040427 0.175397 0.983667] 
3d 0 
fr 173822
ts 58815.916599
6d 1 [12 1.000][482.387 -579.606 1260.310 -10.1679 2.3185 -173.2356][-0.992226 -0.108846 0.060335 0.117691 -0.978284 0.170614 0.040454 0.176388 0.983489] 
3d 0 
fr 173823
ts 58815.933258
6d 1 [12 1.000][482.326 -579.735 1260.212 -10.1407 2.3208 -173.3151][-0.992387 -0.107510 0.060087 0.116314 -0.978516 0.170228 0.040495 0.175921 0.983571] 
3d 0 
fr 173824
ts 58815.949920
6d 1 [12 1.000][482.328 -579.434 1260.202 -10.1887 2.3213 -173.2576][-0.992269 -0.108439 0.060356 0.117309 -0.978265 0.170987 0.040503 0.176746 0.983423] 
3d 0 
fr 173825
ts 58815.966562
6d 1 [12 1.000][482.391 -578.959 1260.168 -10.1812 2.3159 -173.1732][-0.992099 -0.109905 0.060502 0.118771 -0.978124 0.170781 0.040409 0.176618 0.983450] 
3d 0 
fr 173826
ts 58815.983228
6d 1 [12 1.000][482.290 -579.089 1260.156 -10.1905 2.3070 -173.2423][-0.992248 -0.108742 0.060162 0.117575 -0.978225 0.171031 0.040254 0.176779 0.983427] 
3d 0 
fr 173827
ts 58815.999920
6d 1 [12 1.000][482.263 -578.919 1260.139 -10.1975 2.2977 -173.2360][-0.992241 -0.108870 0.060036 0.117685 -0.978189 0.171163 0.040092 0.176900 0.983412] 
3d 0 
fr 173828
ts 58816.016582
6d 1 [12 1.000][482.120 -579.089 1260.117 -10.2147 2.2886 -173.2447][-0.992265 -0.108732 0.059888 0.117535 -0.978151 0.171483 0.039933 0.177195 0.983365] 
3d 0 
fr 173829
ts 58816.033263
6d 1 [12 1.000][482.043 -579.247 1260.069 -10.2300 2.2852 -173.3265][-0.992435 -0.107331 0.059614 0.116119 -0.978258 0.171836 0.039874 0.177458 0.983320] 
3d 0 
fr 173830
ts 58816.049928
6d 1 [12 1.000][482.085 -578.842 1260.064 -10.2250 2.2504 -173.2604][-0.992324 -0.108572 0.059209 0.117267 -0.978136 0.171752 0.039267 0.177377 0.983359] 
3d 0 
fr 173831
ts 58816.066605
6d 1 [12 1.000][482.048 -578.720 1260.140 -10.2192 2.2580 -173.2558][-0.992309 -0.108632 0.059341 0.117345 -0.978147 0.171634 0.039400 0.177277 0.983372] 
3d 0 
fr 173832
ts 58816.083267
6d 1 [12 1.000][481.942 -578.838 1260.149 -10.2333 2.2444 -173.2662][-0.992340 -0.108481 0.059105 0.117166 -0.978120 0.171913 0.039163 0.177521 0.983337] 
3d 0 
fr 173833
ts 58816.099935
6d 1 [12 1.000][481.905 -578.913 1260.079 -10.2436 2.2389 -173.2757][-0.992363 -0.108326 0.059002 0.117002 -0.978105 0.172109 0.039066 0.177698 0.983309] 
3d 0 
fr 173834
ts 58816.116601
6d 1 [12 1.000][481.742 -579.135 1259.983 -10.2571 2.2374 -173.2891][-0.992391 -0.108088 0.058962 0.116770 -0.978089 0.172356 0.039041 0.177930 0.983268] 
3d 0 
fr 173835
ts 58816.133260
6d 1 [12 1.000][481.772 -578.891 1260.015 -10.2757 2.2327 -173.2971][-0.992411 -0.107946 0.058893 0.116632 -0.978047 0.172691 0.038959 0.178249 0.983214] 
3d 0 
fr 173836
ts 58816.149926
6d 1 [12 1.000][481.931 -578.337 1260.033 -10.2753 2.2194 -173.2146][-0.992251 -0.109396 0.058913 0.118062 -0.977886 0.172626 0.038726 0.178244 0.983224] 
3d 0 
fr 173837
ts 58816.166581
6d 1 [12 1.000][481.811 -578.504 1260.077 -10.2865 2.2101 -173.2406][-0.992310 -0.108970 0.058698 0.117613 -0.977899 0.172863 0.038563 0.178437 0.983195] 
3d 0 
fr 173838
ts 58816.183245
6d 1 [12 1.000][481.757 -578.500 1260.048 -10.2917 2.2022 -173.2759][-0.992388 -0.108386 0.058467 0.117001 -0.977947 0.173003 0.038427 0.178527 0.983184] 
3d 0 
fr 173839
ts 58816.199896
6d 1 [12 1.000][481.724 -578.622 1260.034 -10.2969 2.2005 -173.2820][-0.992402 -0.108282 0.058430 0.116896 -0.977942 0.173102 0.038397 0.178617 0.983169] 
3d 0 
fr 173840
ts 58816.216557
6d 1 [12 1.000][481.650 -578.901 1260.021 -10.3087 2.1984 -173.3602][-0.992562 -0.106943 0.058179 0.115543 -0.978053 0.173387 0.038359 0.178820 0.983134] 
3d 0 
fr 173841
ts 58816.233199
6d 1 [12 1.000][481.573 -578.764 1260.027 -10.3040 2.1920 -173.3566][-0.992559 -0.107028 0.058072 0.115605 -0.978058 0.173316 0.038248 0.178740 0.983153] 
3d 0 
fr 173842
ts 58816.249863
6d 1 [12 1.000][481.567 -578.305 1260.156 -10.2873 2.1766 -173.3039][-0.992462 -0.107992 0.057938 0.116519 -0.978004 0.173009 0.037980 0.178455 0.983215] 
3d 0 
fr 173843
ts 58816.266547
6d 1 [12 1.000][481.504 -578.422 1260.171 -10.3090 2.1649 -173.2540][-0.992368 -0.108858 0.057931 0.117384 -0.977839 0.173353 0.037776 0.178830 0.983155] 
3d 0 
fr 173844
ts 58816.283212
6d 1 [12 1.000][481.407 -578.607 1260.153 -10.3148 2.1571 -173.3057][-0.992478 -0.107995 0.057652 0.116490 -0.977917 0.173519 0.037640 0.178929 0.983142] 
3d 0 
fr 173845
ts 58816.299891
6d 1 [12 1.000][481.398 -578.507 1260.112 -10.3170 2.1531 -173.3043][-0.992478 -0.108029 0.057592 0.116514 -0.977906 0.173564 0.037570 0.178968 0.983137] 
3d 0 
fr 173846
ts 58816.316557
6d 1 [12 1.000][481.362 -578.506 1260.133 -10.3172 2.1482 -173.3110][-0.992495 -0.107928 0.057489 0.116398 -0.977916 0.173583 0.037485 0.178972 0.983140] 
3d 0 
fr 173847
ts 58816.333227
6d 1 [12 1.000][481.445 -578.262 1260.118 -10.3111 2.1458 -173.3036][-0.992482 -0.108068 0.057458 0.116526 -0.977920 0.173477 0.037442 0.178868 0.983160] 
3d 0 
fr 173848
ts 58816.349894
6d 1 [12 1.000][481.424 -578.098 1260.115 -10.3072 2.1402 -173.2720][-0.992421 -0.108629 0.057451 0.117074 -0.977870 0.173389 0.037345 0.178801 0.983176] 
3d 0 
fr 173849
ts 58816.366558
6d 1 [12 1.000][481.331 -578.279 1260.103 -10.3060 2.1409 -173.2892][-0.992455 -0.108334 0.057409 0.116776 -0.977907 0.173384 0.037357 0.178780 0.983180] 
3d 0 
fr 173850
ts 58816.383222
6d 1 [12 1.000][481.298 -578.362 1259.991 -10.3193 2.1439 -173.2924][-0.992460 -0.108257 0.057475 0.116720 -0.977873 0.173609 0.037409 0.179009 0.983136] 
3d 0 
fr 173851
ts 58816.399883
6d 1 [12 1.000][481.348 -578.264 1260.012 -10.3216 2.1408 -173.2964][-0.992470 -0.108197 0.057415 0.116652 -0.977873 0.173658 0.037355 0.179048 0.983131] 
3d 0 
fr 173852
ts 58816.416545
6d 1 [12 1.000][481.449 -577.896 1259.956 -10.3234 2.1426 -173.2784][-0.992432 -0.108496 0.057504 0.116963 -0.977834 0.173667 0.037387 0.179078 0.983124] 
3d 0 
fr 173853
ts 58816.433196
6d 1 [12 1.000][481.453 -578.027 1260.010 -10.3081 2.1414 -173.2804][-0.992437 -0.108481 0.057448 0.116928 -0.977884 0.173411 0.037365 0.178817 0.983173] 
3d 0 
fr 173854
ts 58816.449862
6d 1 [12 1.000][481.423 -578.115 1259.956 -10.3222 2.1420 -173.2865][-0.992449 -0.108361 0.057466 0.116823 -0.977853 0.173656 0.037376 0.179058 0.983128] 
3d 0 
fr 173855
ts 58816.466507
6d 1 [12 1.000][481.319 -578.553 1259.918 -10.3624 2.1479 -173.4187][-0.992712 -0.106047 0.057240 0.114532 -0.977980 0.174463 0.037478 0.179747 0.982999] 
3d 0 
fr 173856
ts 58816.483170
6d 1 [12 1.000][481.447 -578.317 1259.892 -10.3427 2.1537 -173.3757][-0.992622 -0.106783 0.057434 0.115277 -0.977962 0.174072 0.037581 0.179409 0.983057] 
3d 0 
fr 173857
ts 58816.499862
6d 1 [12 1.000][481.650 -577.832 1259.886 -10.3315 2.1537 -173.2844][-0.992437 -0.108352 0.057690 0.116859 -0.977825 0.173790 0.037581 0.179217 0.983092] 
3d 0 
fr 173858
ts 58816.516524
6d 1 [12 1.000][481.582 -578.008 1259.894 -10.3363 2.1546 -173.3219][-0.992513 -0.107704 0.057601 0.116209 -0.977881 0.173907 0.037596 0.179299 0.983076] 
3d 0 
fr 173859
ts 58816.533209
6d 1 [12 1.000][481.630 -578.012 1259.885 -10.3379 2.1586 -173.3256][-0.992518 -0.107627 0.057660 0.116145 -0.977885 0.173930 0.037666 0.179325 0.983069] 
3d 0 
fr 173860
ts 58816.549871
6d 1 [12 1.000][481.615 -578.230 1259.888 -10.3369 2.1595 -173.3442][-0.992555 -0.107308 0.057618 0.115822 -0.977923 0.173930 0.037682 0.179308 0.983071] 
3d 0 
fr 173861
ts 58816.566546
6d 1 [12 1.000][481.527 -578.444 1259.855 -10.3411 2.1674 -173.4123][-0.992687 -0.106116 0.057552 0.114642 -0.978040 0.174054 0.037819 0.179379 0.983053] 
3d 0 
fr 173862
ts 58816.583211
6d 1 [12 1.000][481.635 -578.288 1259.837 -10.3274 2.1725 -173.3739][-0.992606 -0.106770 0.057732 0.115307 -0.978012 0.173771 0.037909 0.179143 0.983092] 
3d 0 
fr 173863
ts 58816.599882
6d 1 [12 1.000][481.806 -577.853 1259.834 -10.2503 2.1712 -173.3628][-0.992585 -0.107042 0.057598 0.115500 -0.978224 0.172448 0.037885 0.177822 0.983333] 
3d 0 
fr 173864
ts 58816.616544
6d 1 [12 1.000][481.842 -577.952 1259.913 -10.2543 2.1671 -173.3703][-0.992603 -0.106921 0.057513 0.115369 -0.978224 0.172531 0.037814 0.177890 0.983324] 
3d 0 
fr 173865
ts 58816.633204
6d 1 [12 1.000][481.789 -578.219 1259.823 -10.2712 2.1695 -173.3801][-0.992621 -0.106729 0.057557 0.115199 -0.978193 0.172825 0.037857 0.178180 0.983269] 
3d 0 
fr 173866
ts 58816.649869
6d 1 [12 1.000][481.674 -578.458 1259.803 -10.3565 2.1725 -173.4167][-0.992692 -0.106010 0.057656 0.114566 -0.978003 0.174312 0.037909 0.179643 0.983001] 
3d 0 
fr 173867
ts 58816.666524
6d 1 [12 1.000][481.795 -578.235 1259.780 -10.3823 2.1764 -173.4117][-0.992680 -0.106058 0.057784 0.114652 -0.977917 0.174739 0.037976 0.180085 0.982918] 
3d 0 
fr 173868
ts 58816.683188
6d 1 [12 1.000][481.952 -577.705 1259.758 -10.3118 2.1755 -173.2916][-0.992438 -0.108181 0.058003 0.116732 -0.977906 0.173416 0.037961 0.178875 0.983139] 
3d 0 
fr 173869
ts 58816.699840
6d 1 [12 1.000][481.959 -577.835 1259.751 -10.3207 2.1720 -173.3581][-0.992575 -0.107047 0.057758 0.115580 -0.978003 0.173642 0.037900 0.179028 0.983114] 
3d 0 
fr 173870
ts 58816.716501
6d 1 [12 1.000][481.962 -577.762 1259.731 -10.3286 2.1706 -173.3840][-0.992628 -0.106602 0.057671 0.115132 -0.978027 0.173806 0.037876 0.179164 0.983090] 
3d 0 
fr 173871
ts 58816.733140
6d 1 [12 1.000][481.975 -578.008 1259.702 -10.3270 2.1722 -173.3812][-0.992621 -0.106646 0.057703 0.115180 -0.978027 0.173773 0.037903 0.179137 0.983094] 
3d 0 
fr 173872
ts 58816.749806
6d 1 [12 1.000][481.901 -578.327 1259.654 -10.3357 2.1772 -173.5061][-0.992867 -0.104490 0.057425 0.113016 -0.978232 0.174037 0.037990 0.179286 0.983063] 
3d 0 
fr 173873
ts 58816.766496
6d 1 [12 1.000][482.039 -578.079 1259.665 -10.3324 2.1744 -173.4704][-0.992798 -0.105111 0.057480 0.113634 -0.978176 0.173951 0.037942 0.179230 0.983075] 
3d 0 
fr 173874
ts 58816.783157
6d 1 [12 1.000][482.277 -577.494 1259.693 -10.2765 2.1688 -173.4201][-0.992702 -0.106043 0.057433 0.114506 -0.978251 0.172957 0.037843 0.178272 0.983253] 
3d 0 
fr 173875
ts 58816.799839
6d 1 [12 1.000][482.167 -577.628 1259.629 -10.3214 2.1715 -173.3515][-0.992562 -0.107162 0.057772 0.115695 -0.977988 0.173649 0.037892 0.179042 0.983112] 
3d 0 
fr 173876
ts 58816.816500
6d 1 [12 1.000][482.156 -577.884 1259.539 -10.3368 2.1776 -173.4206][-0.992697 -0.105947 0.057694 0.114497 -0.978072 0.173969 0.037997 0.179304 0.983060] 
3d 0 
fr 173877
ts 58816.833176
6d 1 [12 1.000][482.186 -577.878 1259.548 -10.4069 2.1843 -173.4280][-0.992707 -0.105729 0.057914 0.114368 -0.977875 0.175161 0.038114 0.180507 0.982835] 
3d 0 
fr 173878
ts 58816.849838
6d 1 [12 1.000][482.256 -577.861 1259.515 -10.3953 2.1887 -173.4354][-0.992719 -0.105601 0.057946 0.114240 -0.977925 0.174961 0.038190 0.180307 0.982869] 
3d 0 
fr 173879
ts 58816.866502
6d 1 [12 1.000][482.312 -577.746 1259.498 -10.3766 2.1935 -173.4342][-0.992713 -0.105626 0.057997 0.114261 -0.977982 0.174631 0.038275 0.179985 0.982924] 
3d 0 
fr 173880
ts 58816.883168
6d 1 [12 1.000][482.379 -577.596 1259.492 -10.3690 2.1986 -173.4311][-0.992704 -0.105671 0.058080 0.114315 -0.978001 0.174488 0.038364 0.179854 0.982945] 
3d 0 
fr 173881
ts 58816.899823
6d 1 [12 1.000][482.384 -577.700 1259.481 -10.3799 2.2018 -173.4472][-0.992734 -0.105375 0.058105 0.114035 -0.977999 0.174684 0.038419 0.180041 0.982909] 
3d 0 
fr 173882
ts 58816.916489
6d 1 [12 1.000][482.311 -577.854 1259.466 -10.3863 2.2061 -173.4544][-0.992745 -0.105232 0.058168 0.113910 -0.977994 0.174793 0.038494 0.180151 0.982885] 
3d 0 
fr 173883
ts 58816.933144
6d 1 [12 1.000][482.283 -577.961 1259.549 -10.3909 2.2084 -173.4709][-0.992776 -0.104937 0.058165 0.113623 -0.978011 0.174883 0.038535 0.180229 0.982870] 
3d 0 
fr 173884
ts 58816.949805
6d 1 [12 1.000][482.323 -577.641 1259.509 -10.3811 2.2094 -173.4635][-0.992761 -0.105071 0.058186 0.113751 -0.978028 0.174706 0.038551 0.180060 0.982900] 
3d 0 
fr 173885
ts 58816.966453
6d 1 [12 1.000][482.279 -577.731 1259.497 -10.3924 2.2102 -173.4694][-0.992772 -0.104956 0.058204 0.113649 -0.978004 0.174904 0.038566 0.180255 0.982864] 
3d 0 
fr 173886
ts 58816.983113
6d 1 [12 1.000][482.286 -577.567 1259.381 -10.4011 2.2149 -173.4606][-0.992752 -0.105082 0.058327 0.113801 -0.977963 0.175035 0.038648 0.180404 0.982833] 
3d 0 
fr 173887
ts 58816.999806
6d 1 [12 1.000][482.237 -577.668 1259.411 -10.4069 2.2178 -173.4669][-0.992762 -0.104961 0.058368 0.113692 -0.977958 0.175134 0.038699 0.180502 0.982813] 
3d 0 
fr 173888
ts 58817.016469
6d 1 [12 1.000][482.184 -577.749 1259.292 -10.4288 2.2242 -173.4716][-0.992767 -0.104838 0.058502 0.113610 -0.977902 0.175501 0.038810 0.180878 0.982740] 
3d 0 
fr 173889
ts 58817.033154
6d 1 [12 1.000][482.185 -577.650 1259.162 -10.4573 2.2323 -173.4645][-0.992747 -0.104905 0.058715 0.113733 -0.977805 0.175963 0.038952 0.181364 0.982644] 
3d 0 
fr 173890
ts 58817.049817
6d 1 [12 1.000][482.405 -577.159 1259.044 -10.4445 2.2457 -173.3784][-0.992566 -0.106345 0.059182 0.115224 -0.977690 0.175631 0.039184 0.181144 0.982676] 
3d 0 
fr 173891
ts 58817.066494
6d 1 [12 1.000][482.398 -577.159 1259.037 -10.4554 2.2529 -173.4113][-0.992628 -0.105750 0.059224 0.114653 -0.977720 0.175836 0.039310 0.181330 0.982636] 
3d 0 
fr 173892
ts 58817.083156
6d 1 [12 1.000][482.354 -577.342 1258.988 -10.4704 2.2641 -173.4525][-0.992702 -0.104996 0.059317 0.113939 -0.977754 0.176113 0.039506 0.181587 0.982581] 
3d 0 
fr 173893
ts 58817.099824
6d 1 [12 1.000][482.353 -577.490 1258.721 -10.5843 2.3130 -173.5380][-0.992837 -0.103264 0.060092 0.112453 -0.977575 0.178051 0.040358 0.183533 0.982185] 
3d 0 
fr 173894
ts 58817.116489
6d 1 [12 1.000][482.503 -577.037 1258.525 -10.6325 2.3455 -173.4657][-0.992672 -0.104342 0.060958 0.113703 -0.977306 0.178732 0.040925 0.184354 0.982008] 
3d 0 
fr 173895
ts 58817.133154
6d 1 [12 1.000][482.825 -576.334 1258.397 -10.6124 2.3721 -173.3445][-0.992410 -0.106346 0.061752 0.115800 -0.977155 0.178208 0.041390 0.184006 0.982053] 
3d 0 
fr 173896
ts 58817.149815
6d 1 [12 1.000][482.877 -576.315 1258.268 -10.6711 2.4034 -173.3654][-0.992429 -0.105826 0.062329 0.115435 -0.977023 0.179169 0.041936 0.185008 0.981842] 
3d 0 
fr 173897
ts 58817.166473
6d 1 [12 1.000][483.042 -576.195 1258.127 -10.6953 2.4598 -173.4198][-0.992497 -0.104690 0.063162 0.114488 -0.977068 0.179531 0.042918 0.185415 0.981723] 
3d 0 
fr 173898
ts 58817.183136
6d 1 [12 1.000][483.153 -576.202 1258.040 -10.7148 2.4726 -173.4776][-0.992602 -0.103643 0.063234 0.113487 -0.977116 0.179902 0.043141 0.185747 0.981650] 
3d 0 
fr 173899
ts 58817.199786
6d 1 [12 1.000][483.253 -576.044 1257.877 -10.7519 2.5066 -173.4834][-0.992588 -0.103392 0.063862 0.113382 -0.977023 0.180475 0.043735 0.186378 0.981504] 
3d 0 
fr 173900
ts 58817.216449
6d 1 [12 1.000][483.311 -575.846 1257.803 -10.7977 2.5162 -173.4934][-0.992601 -0.103139 0.064075 0.113208 -0.976900 0.181248 0.043901 0.187161 0.981348] 
3d 0 
fr 173901
ts 58817.233091
6d 1 [12 1.000][483.354 -575.665 1257.842 -10.8317 2.5188 -173.5044][-0.992621 -0.102906 0.064146 0.113018 -0.976813 0.181835 0.043947 0.187743 0.981235] 
3d 0 
fr 173902
ts 58817.249753
6d 1 [12 1.000][483.239 -575.866 1257.758 -10.8703 2.5243 -173.5772][-0.992759 -0.101603 0.064077 0.111756 -0.976822 0.182564 0.044042 0.188403 0.981104] 
3d 0 
fr 173903
ts 58817.266442
6d 1 [12 1.000][483.186 -576.043 1257.661 -10.9077 2.5397 -173.6584][-0.992905 -0.100127 0.064146 0.110347 -0.976851 0.183263 0.044312 0.189042 0.980969] 
3d 0 
fr 173904
ts 58817.283103
6d 1 [12 1.000][483.141 -575.951 1257.744 -10.7768 2.4378 -173.7070][-0.993075 -0.099774 0.062028 0.109514 -0.977315 0.181277 0.042534 0.186815 0.981474] 
3d 0 
fr 173905
ts 58817.299786
6d 1 [12 1.000][483.168 -575.474 1257.663 -10.8720 2.4525 -173.6365][-0.992928 -0.100826 0.062669 0.110735 -0.976895 0.182796 0.042791 0.188443 0.981151] 
3d 0 
fr 173906
ts 58817.316447
6d 1 [12 1.000][482.992 -575.608 1257.733 -10.9335 2.4294 -173.7138][-0.993094 -0.099516 0.062137 0.109397 -0.976825 0.183973 0.042389 0.189500 0.980965] 
3d 0 
fr 173907
ts 58817.333118
6d 1 [12 1.000][482.893 -575.654 1257.645 -10.9470 2.4376 -173.7485][-0.993154 -0.098883 0.062188 0.108795 -0.976844 0.184225 0.042531 0.189729 0.980915] 
3d 0 
fr 173908
ts 58817.349784
6d 1 [12 1.000][482.636 -576.120 1257.591 -10.9872 2.4531 -173.8897][-0.993408 -0.096381 0.062065 0.106346 -0.976961 0.185035 0.042801 0.190416 0.980770] 
3d 0 
fr 173909
ts 58817.366448
6d 1 [12 1.000][482.615 -575.747 1257.541 -11.0239 2.4447 -173.8375][-0.993317 -0.097258 0.062153 0.107250 -0.976751 0.185619 0.042655 0.191045 0.980654] 
3d 0 
fr 173910
ts 58817.383115
6d 1 [12 1.000][482.571 -575.372 1257.685 -10.7373 2.3992 -173.7326][-0.993152 -0.099506 0.061222 0.109074 -0.977471 0.180702 0.041862 0.186143 0.981631] 
3d 0 
fr 173911
ts 58817.399771
6d 1 [12 1.000][482.294 -575.604 1257.684 -10.7242 2.3385 -173.7626][-0.993252 -0.099204 0.060070 0.108558 -0.977543 0.180624 0.040802 0.185926 0.981716] 
3d 0 
fr 173912
ts 58817.416437
6d 1 [12 1.000][482.264 -575.509 1257.671 -10.8016 2.3698 -173.7414][-0.993190 -0.099382 0.060804 0.108923 -0.977272 0.181865 0.041348 0.187249 0.981442] 
3d 0 
fr 173913
ts 58817.433088
6d 1 [12 1.000][482.064 -575.652 1257.639 -10.8845 2.3759 -173.7521][-0.993206 -0.099090 0.061019 0.108736 -0.977029 0.183277 0.041456 0.188667 0.981166] 
3d 0 
fr 173914
ts 58817.449753
6d 1 [12 1.000][481.663 -576.171 1257.677 -10.8496 2.3677 -173.8261][-0.993351 -0.097893 0.060582 0.107455 -0.977265 0.182777 0.041312 0.188071 0.981286] 
3d 0 
fr 173915
ts 58817.466401
6d 1 [12 1.000][481.608 -576.151 1257.809 -10.6394 2.3410 -173.8146][-0.993349 -0.098396 0.059804 0.107656 -0.977900 0.179227 0.040847 0.184473 0.981988] 
3d 0 
fr 173916
ts 58817.483062
6d 1 [12 1.000][481.692 -575.448 1257.782 -10.7557 2.3563 -173.6317][-0.992989 -0.101345 0.060842 0.110825 -0.977221 0.180989 0.041114 0.186463 0.981601] 
3d 0 
fr 173917
ts 58817.499754
6d 1 [12 1.000][481.489 -575.721 1257.797 -10.8319 2.3474 -173.6624][-0.993055 -0.100770 0.060727 0.110294 -0.977030 0.182339 0.040958 0.187770 0.981359] 
3d 0 
fr 173918
ts 58817.516416
6d 1 [12 1.000][481.335 -576.052 1257.961 -10.8221 2.3325 -173.7166][-0.993169 -0.099904 0.060284 0.109355 -0.977151 0.182257 0.040698 0.187604 0.981401] 
3d 0 
fr 173919
ts 58817.533102
6d 1 [12 1.000][481.169 -576.342 1257.999 -10.8998 2.3191 -173.7795][-0.993298 -0.098793 0.059990 0.108265 -0.977007 0.183673 0.040466 0.188937 0.981155] 
3d 0 
fr 173920
ts 58817.549764
6d 1 [12 1.000][481.178 -576.060 1258.053 -10.9076 2.3033 -173.6935][-0.993145 -0.100304 0.060010 0.109759 -0.976827 0.183745 0.040189 0.189072 0.981140] 
3d 0 
fr 173921
ts 58817.566441
6d 1 [12 1.000][481.227 -575.859 1258.119 -10.8333 2.2888 -173.6372][-0.993047 -0.101389 0.059813 0.110735 -0.976960 0.182447 0.039937 0.187802 0.981395] 
3d 0 
fr 173922
ts 58817.583106
6d 1 [12 1.000][481.111 -576.154 1258.208 -10.8471 2.2755 -173.6747][-0.993129 -0.100779 0.059492 0.110087 -0.976977 0.182747 0.039705 0.188041 0.981358] 
3d 0 
fr 173923
ts 58817.599776
6d 1 [12 1.000][481.078 -576.300 1258.230 -10.8469 2.2678 -173.6740][-0.993133 -0.100815 0.059361 0.110099 -0.976974 0.182758 0.039570 0.188039 0.981364] 
3d 0 
fr 173924
ts 58817.616437
6d 1 [12 1.000][481.160 -576.307 1258.358 -10.8029 2.2568 -173.6834][-0.993158 -0.100736 0.059068 0.109937 -0.977127 0.182037 0.039379 0.187286 0.981516] 
3d 0 
fr 173925
ts 58817.633102
6d 1 [12 1.000][481.147 -576.259 1258.380 -10.7731 2.2477 -173.6539][-0.993108 -0.101300 0.058954 0.110450 -0.977166 0.181516 0.039220 0.186776 0.981619] 
3d 0 
fr 173926
ts 58817.649765
6d 1 [12 1.000][481.225 -576.202 1258.440 -10.7818 2.2371 -173.6617][-0.993130 -0.101192 0.058764 0.110315 -0.977148 0.181692 0.039036 0.186926 0.981598] 
3d 0 
fr 173927
ts 58817.666422
6d 1 [12 1.000][481.070 -576.492 1258.467 -10.7774 2.2385 -173.6567][-0.993119 -0.101278 0.058796 0.110402 -0.977154 0.181610 0.039059 0.186851 0.981611] 
3d 0 
fr 173928
ts 58817.683083
6d 1 [12 1.000][480.976 -576.757 1258.454 -10.7781 2.2607 -173.7328][-0.993250 -0.099907 0.058933 0.109080 -0.977293 0.181658 0.039446 0.186861 0.981594] 
3d 0 
fr 173929
ts 58817.699734
6d 1 [12 1.000][481.050 -576.550 1258.480 -10.7779 2.2330 -173.6556][-0.993121 -0.101313 0.058705 0.110420 -0.977148 0.181628 0.038963 0.186860 0.981614] 
3d 0 
fr 173930
ts 58817.716396
6d 1 [12 1.000][481.127 -575.939 1258.368 -10.7772 2.2582 -173.5237][-0.992847 -0.103482 0.059552 0.112705 -0.976924 0.181432 0.039403 0.186846 0.981599] 
3d 0 
fr 173931
ts 58817.733040
6d 1 [12 1.000][481.119 -575.963 1258.421 -10.7770 2.2544 -173.5628][-0.992926 -0.102828 0.059363 0.112027 -0.976994 0.181476 0.039337 0.186843 0.981602] 
3d 0 
fr 173932
ts 58817.749702
6d 1 [12 1.000][481.044 -576.029 1258.391 -10.8305 2.2323 -173.5868][-0.992988 -0.102434 0.059007 0.111613 -0.976859 0.182455 0.038951 0.187762 0.981442] 
3d 0 
fr 173933
ts 58817.766387
6d 1 [12 1.000][481.048 -575.924 1258.335 -10.8779 2.2281 -173.5737][-0.992965 -0.102624 0.059061 0.111841 -0.976682 0.183257 0.038877 0.188573 0.981289] 
3d 0 
fr 173934
ts 58817.783052
6d 1 [12 1.000][481.167 -575.690 1258.273 -10.8697 2.2309 -173.5636][-0.992944 -0.102795 0.059127 0.112016 -0.976691 0.183102 0.038926 0.188433 0.981314] 
3d 0 
fr 173935
ts 58817.799736
6d 1 [12 1.000][481.298 -575.294 1258.129 -10.8801 2.2372 -173.5309][-0.992875 -0.103320 0.059358 0.112581 -0.976602 0.183233 0.039037 0.188610 0.981276] 
3d 0 
fr 173936
ts 58817.816396
6d 1 [12 1.000][481.319 -575.339 1257.987 -10.9078 2.2733 -173.4910][-0.992772 -0.103853 0.060149 0.113270 -0.976454 0.183595 0.039666 0.189081 0.981160] 
3d 0 
fr 173937
ts 58817.833072
6d 1 [12 1.000][481.348 -575.608 1257.945 -10.9376 2.2942 -173.5109][-0.992797 -0.103415 0.060495 0.112924 -0.976402 0.184083 0.040031 0.189588 0.981047] 
3d 0 
fr 173938
ts 58817.849734
6d 1 [12 1.000][481.636 -574.999 1257.886 -10.9562 2.3012 -173.4818][-0.992735 -0.103868 0.060741 0.113428 -0.976293 0.184354 0.040152 0.189905 0.980981] 
3d 0 
fr 173939
ts 58817.866399
6d 1 [12 1.000][481.799 -574.818 1257.803 -10.9741 2.3166 -173.3959][-0.992553 -0.105261 0.061312 0.114914 -0.976084 0.184538 0.040421 0.190209 0.980911] 
3d 0 
fr 173940
ts 58817.883063
6d 1 [12 1.000][481.925 -574.904 1257.712 -10.9975 2.3468 -173.4406][-0.992621 -0.104376 0.061725 0.114138 -0.976102 0.184926 0.040948 0.190606 0.980812] 
3d 0 
fr 173941
ts 58817.899724
6d 1 [12 1.000][482.093 -574.879 1257.677 -11.0320 2.3604 -173.4256][-0.992581 -0.104549 0.062068 0.114396 -0.975968 0.185471 0.041185 0.191195 0.980688] 
3d 0 
fr 173942
ts 58817.916386
6d 1 [12 1.000][482.326 -574.848 1257.555 -11.0532 2.3856 -173.4130][-0.992538 -0.104655 0.062576 0.114612 -0.975887 0.185768 0.041625 0.191553 0.980599] 
3d 0 
fr 173943
ts 58817.933041
6d 1 [12 1.000][482.442 -574.897 1257.537 -10.9061 2.3882 -173.4074][-0.992525 -0.104904 0.062369 0.114710 -0.976351 0.183251 0.041671 0.189035 0.981086] 
3d 0 
fr 173944
ts 58817.949702
6d 1 [12 1.000][482.701 -574.735 1257.517 -11.0234 2.4066 -173.4521][-0.992601 -0.103953 0.062751 0.113933 -0.976062 0.185263 0.041990 0.191042 0.980683] 
3d 0 
fr 173945
ts 58817.966350
6d 1 [12 1.000][482.792 -574.900 1257.420 -11.0559 2.4210 -173.5097][-0.992704 -0.102888 0.062869 0.112934 -0.976066 0.185851 0.042242 0.191595 0.980565] 
3d 0 
fr 173946
ts 58817.983012
6d 1 [12 1.000][482.901 -575.153 1257.330 -11.0791 2.4518 -173.5848][-0.992829 -0.101482 0.063189 0.111631 -0.976136 0.186270 0.042778 0.191988 0.980464] 
3d 0 
fr 173947
ts 58817.999702
6d 1 [12 1.000][483.159 -574.849 1257.263 -11.0904 2.4462 -173.5499][-0.992765 -0.102082 0.063229 0.112236 -0.976035 0.186435 0.042682 0.192182 0.980431] 
3d 0 
fr 173948
ts 58818.016366
6d 1 [12 1.000][483.420 -574.496 1257.162 -11.1126 2.4681 -173.5113][-0.992673 -0.102641 0.063765 0.112902 -0.975903 0.186728 0.043063 0.192559 0.980340] 
3d 0 
fr 173949
ts 58818.033051
6d 1 [12 1.000][483.550 -574.577 1257.099 -11.1361 2.4837 -173.5219][-0.992682 -0.102383 0.064038 0.112717 -0.975851 0.187110 0.043335 0.192959 0.980249] 
3d 0 
fr 173950
ts 58818.049714
6d 1 [12 1.000][483.688 -574.765 1257.011 -11.1668 2.5021 -173.5639][-0.992750 -0.101571 0.064268 0.111988 -0.975832 0.187644 0.043655 0.193481 0.980132] 
3d 0 
fr 173951
ts 58818.066388
6d 1 [12 1.000][483.652 -575.079 1256.923 -11.2154 2.5213 -173.6819][-0.992964 -0.099442 0.064293 0.109941 -0.975887 0.188567 0.043991 0.194309 0.979953] 
3d 0 
fr 173952
ts 58818.083054
6d 1 [12 1.000][483.916 -574.622 1257.003 -11.2125 2.5284 -173.6250][-0.992849 -0.100392 0.064595 0.110928 -0.975800 0.188441 0.044114 0.194259 0.979958] 
3d 0 
fr 173953
ts 58818.099726
6d 1 [12 1.000][484.100 -574.416 1257.077 -11.1682 2.5048 -173.5440][-0.992709 -0.101900 0.064382 0.112333 -0.975793 0.187641 0.043703 0.193505 0.980125] 
3d 0 
fr 173954
ts 58818.116388
6d 1 [12 1.000][483.958 -574.712 1257.044 -11.2374 2.5044 -173.5843][-0.992788 -0.101138 0.064365 0.111635 -0.975637 0.188866 0.043695 0.194689 0.979891] 
3d 0 
fr 173955
ts 58818.133051
6d 1 [12 1.000][484.057 -574.801 1257.095 -11.2105 2.5091 -173.5999][-0.992815 -0.100885 0.064346 0.111363 -0.975755 0.188416 0.043777 0.194228 0.979979] 
3d 0 
fr 173956
ts 58818.149715
6d 1 [12 1.000][484.175 -574.815 1257.147 -11.1328 2.5101 -173.6050][-0.992824 -0.100882 0.064210 0.111275 -0.976019 0.187096 0.043796 0.192899 0.980241] 
3d 0 
fr 173957
ts 58818.166373
6d 1 [12 1.000][484.149 -574.917 1257.204 -11.1447 2.5044 -173.5662][-0.992753 -0.101549 0.064261 0.111948 -0.975909 0.187266 0.043696 0.193103 0.980205] 
3d 0 
fr 173958
ts 58818.183034
6d 1 [12 1.000][484.185 -575.013 1257.257 -11.1276 2.4994 -173.6095][-0.992841 -0.100848 0.064004 0.111198 -0.976040 0.187034 0.043608 0.192812 0.980266] 
3d 0 
fr 173959
ts 58818.199682
6d 1 [12 1.000][484.171 -575.408 1257.308 -11.0164 2.4884 -173.6233][-0.992876 -0.100773 0.063577 0.110960 -0.976421 0.185174 0.043417 0.190909 0.980647] 
3d 0 
fr 173960
ts 58818.216347
6d 1 [12 1.000][484.202 -575.787 1257.223 -11.0696 2.5125 -173.6969][-0.992999 -0.099380 0.063842 0.109683 -0.976386 0.186117 0.043838 0.191816 0.980451] 
3d 0 
fr 173961
ts 58818.232991
6d 1 [12 1.000][484.257 -576.033 1257.177 -11.1742 2.5434 -173.7300][-0.993039 -0.098594 0.064439 0.109106 -0.976113 0.187880 0.044376 0.193603 0.980076] 
3d 0 
fr 173962
ts 58818.249648
6d 1 [12 1.000][484.479 -575.806 1257.189 -11.1888 2.5522 -173.6791][-0.992935 -0.099417 0.064781 0.109988 -0.975981 0.188053 0.044530 0.193849 0.980020] 
3d 0 
fr 173963
ts 58818.266339
6d 1 [12 1.000][484.679 -575.515 1257.263 -11.1138 2.5550 -173.5762][-0.992734 -0.101244 0.065033 0.111770 -0.976047 0.186654 0.044578 0.192567 0.980271] 
3d 0 
fr 173964
ts 58818.283003
6d 1 [12 1.000][484.701 -575.858 1257.352 -11.0960 2.5568 -173.6294][-0.992836 -0.100352 0.064859 0.110848 -0.976199 0.186409 0.044609 0.192263 0.980329] 
3d 0 
fr 173965
ts 58818.299687
6d 1 [12 1.000][484.805 -575.937 1257.426 -11.1095 2.5597 -173.6360][-0.992846 -0.100215 0.064912 0.110734 -0.976168 0.186639 0.044661 0.192492 0.980282] 
3d 0 
fr 173966
ts 58818.316348
6d 1 [12 1.000][484.795 -576.398 1257.409 -11.0993 2.5665 -173.6701][-0.992907 -0.099623 0.064899 0.110143 -0.976263 0.186492 0.044779 0.192318 0.980311] 
3d 0 
fr 173967
ts 58818.333022
6d 1 [12 1.000][484.781 -576.705 1257.408 -11.0866 2.5781 -173.7616][-0.993072 -0.098040 0.064775 0.108556 -0.976466 0.186357 0.044981 0.192098 0.980344] 
3d 0 
fr 173968
ts 58818.349683
6d 1 [12 1.000][484.840 -576.986 1257.451 -11.0775 2.5899 -173.8184][-0.993170 -0.097042 0.064777 0.107570 -0.976597 0.186244 0.045187 0.191940 0.980366] 
3d 0 
fr 173969
ts 58818.366351
6d 1 [12 1.000][484.875 -576.828 1257.464 -11.0665 2.5993 -173.7589][-0.993050 -0.098038 0.065110 0.108601 -0.976535 0.185973 0.045350 0.191751 0.980395] 
3d 0 
fr 173970
ts 58818.383015
6d 1 [12 1.000][484.960 -576.516 1257.525 -10.9380 2.6002 -173.6795][-0.992898 -0.099535 0.065161 0.109977 -0.976813 0.183690 0.045366 0.189552 0.980822] 
3d 0 
fr 173971
ts 58818.399673
6d 1 [12 1.000][484.921 -576.744 1257.687 -10.9779 2.5944 -173.7386][-0.993016 -0.098501 0.064942 0.108954 -0.976784 0.184448 0.045266 0.190236 0.980694] 
3d 0 
fr 173972
ts 58818.416339
6d 1 [12 1.000][484.834 -576.897 1257.733 -10.9828 2.5715 -173.7593][-0.993073 -0.098218 0.064494 0.108597 -0.976796 0.184597 0.044867 0.190323 0.980696] 
3d 0 
fr 173973
ts 58818.432993
6d 1 [12 1.000][484.717 -577.147 1257.795 -10.9846 2.5618 -173.7752][-0.993111 -0.097977 0.064280 0.108322 -0.976814 0.184664 0.044697 0.190355 0.980697] 
3d 0 
fr 173974
ts 58818.449655
6d 1 [12 1.000][484.550 -577.572 1257.817 -10.9178 2.5524 -173.8837][-0.993321 -0.096232 0.063659 0.106442 -0.977209 0.183663 0.044534 0.189213 0.980926] 
3d 0 
fr 173975
ts 58818.466303
6d 1 [12 1.000][484.566 -577.380 1257.862 -10.8989 2.5422 -173.8173][-0.993205 -0.097418 0.063665 0.107592 -0.977154 0.183286 0.044355 0.188890 0.980996] 
3d 0 
fr 173976
ts 58818.482964
6d 1 [12 1.000][484.528 -577.009 1257.913 -10.9125 2.5280 -173.7500][-0.993089 -0.098599 0.063662 0.108762 -0.976990 0.183469 0.044107 0.189125 0.980962] 
3d 0 
fr 173977
ts 58818.499606
6d 1 [12 1.000][484.503 -576.779 1257.945 -10.9545 2.5135 -173.7133][-0.993030 -0.099225 0.063606 0.109399 -0.976787 0.184172 0.043855 0.189846 0.980834] 
3d 0 
fr 173978
ts 58818.516267
6d 1 [12 1.000][484.329 -576.831 1257.808 -11.0395 2.5179 -173.7040][-0.993009 -0.099274 0.063858 0.109559 -0.976498 0.185602 0.043931 0.191301 0.980548] 
3d 0 
fr 173979
ts 58818.532949
6d 1 [12 1.000][484.199 -576.810 1257.806 -11.0738 2.5299 -173.7139][-0.993019 -0.099027 0.064088 0.109386 -0.976408 0.186175 0.044140 0.191885 0.980424] 
3d 0 
fr 173980
ts 58818.549615
6d 1 [12 1.000][484.184 -576.526 1257.883 -10.9892 2.5174 -173.7013][-0.993004 -0.099378 0.063770 0.109606 -0.976656 0.184743 0.043922 0.190440 0.980716] 
3d 0 
fr 173981
ts 58818.566290
6d 1 [12 1.000][483.987 -576.565 1257.777 -11.0432 2.5111 -173.6898][-0.992987 -0.099534 0.063795 0.109805 -0.976459 0.185663 0.043814 0.191366 0.980540] 
3d 0 
fr 173982
ts 58818.582955
6d 1 [12 1.000][483.850 -576.372 1257.822 -11.0081 2.4959 -173.6800][-0.992980 -0.099791 0.063507 0.109977 -0.976550 0.185082 0.043548 0.190767 0.980669] 
3d 0 
fr 173983
ts 58818.599628
6d 1 [12 1.000][483.810 -576.135 1257.757 -11.0428 2.4848 -173.6564][-0.992943 -0.100192 0.063455 0.110387 -0.976392 0.185668 0.043354 0.191363 0.980561] 
3d 0 
fr 173984
ts 58818.616291
6d 1 [12 1.000][483.676 -575.976 1257.727 -11.0415 2.4722 -173.6323][-0.992906 -0.100645 0.063315 0.110805 -0.976350 0.185644 0.043134 0.191342 0.980575] 
3d 0 
fr 173985
ts 58818.632951
6d 1 [12 1.000][483.540 -576.006 1257.624 -11.0527 2.4649 -173.6352][-0.992917 -0.100608 0.063202 0.110756 -0.976316 0.185852 0.043007 0.191535 0.980543] 
3d 0 
fr 173986
ts 58818.649616
6d 1 [12 1.000][483.333 -576.194 1257.569 -11.0062 2.4527 -173.6682][-0.992989 -0.100137 0.062807 0.110185 -0.976520 0.185118 0.042795 0.190741 0.980707] 
3d 0 
fr 173987
ts 58818.666275
6d 1 [12 1.000][483.292 -575.807 1257.432 -11.0594 2.4505 -173.6546][-0.992965 -0.100318 0.062906 0.110421 -0.976323 0.186013 0.042756 0.191650 0.980531] 
3d 0 
fr 173988
ts 58818.682937
6d 1 [12 1.000][483.258 -575.473 1257.339 -11.1533 2.4491 -173.6324][-0.992923 -0.100597 0.063120 0.110806 -0.975977 0.187592 0.042733 0.193258 0.980217] 
3d 0 
fr 173989
ts 58818.699588
6d 1 [12 1.000][483.273 -575.248 1257.403 -11.0928 2.4387 -173.6203][-0.992907 -0.100905 0.062875 0.111016 -0.976150 0.186567 0.042550 0.192224 0.980428] 
3d 0 
fr 173990
ts 58818.716250
6d 1 [12 1.000][483.085 -575.249 1257.330 -11.0251 2.4270 -173.6097][-0.992895 -0.101199 0.062592 0.111202 -0.976346 0.185424 0.042347 0.191067 0.980663] 
3d 0 
fr 173991
ts 58818.732894
6d 1 [12 1.000][482.934 -575.518 1257.308 -10.9273 2.4132 -173.7001][-0.993080 -0.099810 0.061894 0.109636 -0.976815 0.183882 0.042106 0.189395 0.980998] 
3d 0 
fr 173992
ts 58818.749557
6d 1 [12 1.000][482.817 -575.486 1257.225 -10.9913 2.4054 -173.7237][-0.993130 -0.099364 0.061796 0.109227 -0.976647 0.185013 0.041969 0.190492 0.980791] 
3d 0 
fr 173993
ts 58818.766246
6d 1 [12 1.000][482.679 -575.735 1257.198 -10.9674 2.3933 -173.8049][-0.993293 -0.098045 0.061287 0.107820 -0.976860 0.184716 0.041758 0.190085 0.980879] 
3d 0 
fr 173994
ts 58818.782907
6d 1 [12 1.000][482.494 -576.016 1257.316 -10.9179 2.3803 -173.9288][-0.993533 -0.096027 0.060584 0.105673 -0.977224 0.184026 0.041533 0.189238 0.981052] 
3d 0 
fr 173995
ts 58818.799590
6d 1 [12 1.000][482.691 -575.140 1257.162 -11.1030 2.3794 -173.7347][-0.993170 -0.099142 0.061512 0.109038 -0.976294 0.186977 0.041517 0.192407 0.980437] 
3d 0 
fr 173996
ts 58818.816251
6d 1 [12 1.000][482.713 -574.721 1257.102 -11.1013 2.3794 -173.6466][-0.993001 -0.100645 0.061796 0.110565 -0.976146 0.186854 0.041516 0.192379 0.980442] 
3d 0 
fr 173997
ts 58818.832927
6d 1 [12 1.000][482.593 -574.835 1257.182 -11.0325 2.3690 -173.6759][-0.993065 -0.100255 0.061404 0.110058 -0.976417 0.185732 0.041336 0.191202 0.980680] 
3d 0 
fr 173998
ts 58818.849591
6d 1 [12 1.000][482.588 -574.870 1257.133 -11.1475 2.3704 -173.7237][-0.993156 -0.099311 0.061471 0.109229 -0.976126 0.187741 0.041359 0.193171 0.980293] 
3d 0 
fr 173999
ts 58818.866254
6d 1 [12 1.000][482.701 -574.386 1257.075 -11.1623 2.3708 -173.6344][-0.992984 -0.100816 0.061797 0.110777 -0.975922 0.187896 0.041366 0.193424 0.980243] 
3d 0 
fr 174000
ts 58818.882919
6d 1 [12 1.000][482.757 -574.201 1257.077 -11.1258 2.3684 -173.6039][-0.992926 -0.101384 0.061793 0.111307 -0.975987 0.187246 0.041325 0.192800 0.980368] 
3d 0 
fr 174001
ts 58818.899582
6d 1 [12 1.000][482.687 -574.261 1257.056 -11.1359 2.3679 -173.6389][-0.992995 -0.100777 0.061686 0.110699 -0.976015 0.187456 0.041315 0.192971 0.980334] 
3d 0 
fr 174002
ts 58818.916243
6d 1 [12 1.000][482.511 -574.764 1257.026 -11.0107 2.3664 -173.7790][-0.993264 -0.098530 0.060987 0.108272 -0.976666 0.185475 0.041289 0.190829 0.980755] 
3d 0 
fr 174003
ts 58818.932898
