fr 171080
ts 58770.222993
6d 1 [12 1.000][496.273 -579.759 1252.395 -9.5546 4.8334 -173.3637][-0.989767 -0.100072 0.101716 0.115156 -0.981137 0.155273 0.084258 0.165397 0.982621] 
3d 0 
fr 171081
ts 58770.239667
6d 1 [12 1.000][496.331 -580.013 1252.491 -9.5313 4.8271 -173.3769][-0.989803 -0.099904 0.101532 0.114928 -0.981221 0.154909 0.084149 0.164998 0.982698] 
3d 0 
fr 171082
ts 58770.256329
6d 1 [12 1.000][496.369 -580.064 1252.437 -9.5662 4.8249 -173.3772][-0.989807 -0.099844 0.101554 0.114924 -0.981126 0.155512 0.084110 0.165598 0.982600] 
3d 0 
fr 171083
ts 58770.272992
6d 1 [12 1.000][496.358 -580.526 1252.401 -9.6562 4.8310 -173.5038][-0.990050 -0.097499 0.101467 0.112735 -0.981100 0.157267 0.084216 0.167141 0.982330] 
3d 0 
fr 171084
ts 58770.289658
6d 1 [12 1.000][496.623 -580.147 1252.279 -9.6612 4.9117 -173.4413][-0.989807 -0.098326 0.103022 0.113801 -0.981007 0.157083 0.085620 0.167206 0.982197] 
3d 0 
fr 171085
ts 58770.306318
6d 1 [12 1.000][496.884 -579.882 1252.322 -9.6160 4.8823 -173.4236][-0.989816 -0.098795 0.102493 0.114112 -0.981090 0.156334 0.085110 0.166437 0.982372] 
3d 0 
fr 171086
ts 58770.322981
6d 1 [12 1.000][497.063 -579.649 1252.190 -9.6200 4.9007 -173.3983][-0.989738 -0.099169 0.102882 0.114547 -0.981042 0.156321 0.085429 0.166502 0.982333] 
3d 0 
fr 171087
ts 58770.339633
6d 1 [12 1.000][497.248 -579.566 1252.191 -9.6268 4.9148 -173.3928][-0.989706 -0.099210 0.103149 0.114639 -0.981018 0.156401 0.085674 0.166616 0.982293] 
3d 0 
fr 171088
ts 58770.356293
6d 1 [12 1.000][497.314 -579.717 1252.211 -9.6482 4.9235 -173.4015][-0.989710 -0.098996 0.103310 0.114487 -0.980978 0.156766 0.085825 0.166980 0.982218] 
3d 0 
fr 171089
ts 58770.372937
6d 1 [12 1.000][497.296 -579.990 1252.087 -9.6727 4.9483 -173.5137][-0.989896 -0.096959 0.103467 0.112544 -0.981111 0.157339 0.086257 0.167394 0.982109] 
3d 0 
fr 171090
ts 58770.389602
6d 1 [12 1.000][497.405 -580.148 1252.022 -9.7014 4.9747 -173.5725][-0.989971 -0.095825 0.103802 0.111525 -0.981139 0.157886 0.086715 0.167880 0.981986] 
3d 0 
fr 171091
ts 58770.406291
6d 1 [12 1.000][497.620 -579.806 1251.933 -9.7196 4.9968 -173.4860][-0.989768 -0.097208 0.104449 0.113015 -0.980951 0.157997 0.087101 0.168184 0.981900] 
3d 0 
fr 171092
ts 58770.422955
6d 1 [12 1.000][497.914 -579.168 1251.934 -9.6257 5.0099 -173.4045][-0.989587 -0.098737 0.104733 0.114421 -0.981073 0.156214 0.087327 0.166571 0.982155] 
3d 0 
fr 171093
ts 58770.439641
6d 1 [12 1.000][497.949 -579.188 1252.004 -9.6601 5.0073 -173.4362][-0.989654 -0.098139 0.104662 0.113874 -0.981033 0.156868 0.087282 0.167163 0.982058] 
3d 0 
fr 171094
ts 58770.456303
6d 1 [12 1.000][498.026 -579.077 1251.959 -9.6932 5.0011 -173.4486][-0.989688 -0.097884 0.104580 0.113660 -0.980961 0.157469 0.087175 0.167731 0.981971] 
3d 0 
fr 171095
ts 58770.472976
6d 1 [12 1.000][498.030 -579.254 1251.873 -9.7114 5.0179 -173.4550][-0.989675 -0.097693 0.104878 0.113547 -0.980928 0.157758 0.087466 0.168038 0.981892] 
3d 0 
fr 171096
ts 58770.489641
6d 1 [12 1.000][498.080 -579.314 1251.693 -9.7274 5.0410 -173.4667][-0.989663 -0.097395 0.105267 0.113341 -0.980911 0.158009 0.087868 0.168307 0.981811] 
3d 0 
fr 171097
ts 58770.506313
6d 1 [12 1.000][498.138 -579.316 1251.603 -9.7467 5.0639 -173.4789][-0.989652 -0.097083 0.105657 0.113125 -0.980886 0.158318 0.088267 0.168632 0.981719] 
3d 0 
fr 171098
ts 58770.522975
6d 1 [12 1.000][498.275 -578.874 1251.596 -9.7811 5.0780 -173.4719][-0.989617 -0.097098 0.105974 0.113244 -0.980784 0.158867 0.088512 0.169218 0.981596] 
3d 0 
fr 171099
ts 58770.539638
6d 1 [12 1.000][498.412 -578.515 1251.578 -9.7843 5.0892 -173.3854][-0.989427 -0.098541 0.106409 0.114737 -0.980631 0.158738 0.088706 0.169269 0.981570] 
3d 0 
fr 171100
ts 58770.556299
6d 1 [12 1.000][498.409 -578.503 1251.508 -9.7991 5.1008 -173.4181][-0.989475 -0.097919 0.106542 0.114169 -0.980650 0.159030 0.088908 0.169520 0.981508] 
3d 0 
fr 171101
ts 58770.572957
6d 1 [12 1.000][498.412 -578.527 1251.405 -9.8226 5.1165 -173.4085][-0.989432 -0.097993 0.106876 0.114332 -0.980574 0.159384 0.089182 0.169919 0.981414] 
3d 0 
fr 171102
ts 58770.589618
6d 1 [12 1.000][498.326 -578.739 1251.262 -9.8493 5.1336 -173.4322][-0.989452 -0.097488 0.107146 0.113920 -0.980546 0.159852 0.089478 0.170372 0.981309] 
3d 0 
fr 171103
ts 58770.606268
6d 1 [12 1.000][498.404 -578.550 1251.258 -9.8615 5.1406 -173.4432][-0.989463 -0.097255 0.107255 0.113728 -0.980533 0.160068 0.089600 0.170579 0.981262] 
3d 0 
fr 171104
ts 58770.622930
6d 1 [12 1.000][498.347 -578.521 1251.309 -9.8092 5.1193 -173.4394][-0.989489 -0.097481 0.106815 0.113798 -0.980665 0.159206 0.089230 0.169688 0.981450] 
3d 0 
fr 171105
ts 58770.639573
6d 1 [12 1.000][498.351 -578.382 1251.279 -9.8117 5.1174 -173.4322][-0.989477 -0.097606 0.106806 0.113924 -0.980645 0.159240 0.089196 0.169732 0.981445] 
3d 0 
fr 171106
ts 58770.656235
6d 1 [12 1.000][498.253 -578.557 1251.257 -9.8841 5.1163 -173.4360][-0.989487 -0.097409 0.106900 0.113857 -0.980449 0.160487 0.089177 0.170972 0.981232] 
3d 0 
fr 171107
ts 58770.672919
6d 1 [12 1.000][498.058 -578.841 1251.188 -9.9037 5.1281 -173.4448][-0.989486 -0.097186 0.107110 0.113703 -0.980413 0.160816 0.089383 0.171304 0.981155] 
3d 0 
fr 171108
ts 58770.689584
6d 1 [12 1.000][498.102 -578.776 1251.296 -9.8603 5.1193 -173.4739][-0.989557 -0.096796 0.106805 0.113202 -0.980581 0.160146 0.089229 0.170564 0.981298] 
3d 0 
fr 171109
ts 58770.706266
6d 1 [12 1.000][498.057 -578.364 1251.430 -9.8010 5.0509 -173.4305][-0.989576 -0.097851 0.105661 0.113965 -0.980649 0.159184 0.088040 0.169566 0.981578] 
3d 0 
fr 171110
ts 58770.722929
6d 1 [12 1.000][497.874 -578.642 1251.494 -9.7804 5.0408 -173.3993][-0.989529 -0.098451 0.105541 0.114504 -0.980650 0.158793 0.087865 0.169215 0.981655] 
3d 0 
fr 171111
ts 58770.739602
6d 1 [12 1.000][497.667 -578.925 1251.470 -9.8163 5.0568 -173.4257][-0.989558 -0.097887 0.105801 0.114046 -0.980601 0.159425 0.088143 0.169826 0.981524] 
3d 0 
fr 171112
ts 58770.756264
6d 1 [12 1.000][497.601 -578.897 1251.463 -9.8265 5.0499 -173.4170][-0.989551 -0.098037 0.105726 0.114198 -0.980555 0.159597 0.088024 0.170003 0.981504] 
3d 0 
fr 171113
ts 58770.772931
6d 1 [12 1.000][497.473 -578.924 1251.532 -9.8092 5.0314 -173.3964][-0.989538 -0.098476 0.105438 0.114556 -0.980561 0.159300 0.087702 0.169712 0.981584] 
3d 0 
fr 171114
ts 58770.789592
6d 1 [12 1.000][497.455 -578.759 1251.569 -9.7663 5.0141 -173.3894][-0.989550 -0.098725 0.105089 0.114680 -0.980663 0.158586 0.087401 0.168980 0.981737] 
3d 0 
fr 171115
ts 58770.806253
6d 1 [12 1.000][497.320 -578.727 1251.633 -9.7597 4.9973 -173.3363][-0.989469 -0.099695 0.104940 0.115600 -0.980583 0.158409 0.087110 0.168872 0.981781] 
3d 0 
fr 171116
ts 58770.822915
6d 1 [12 1.000][497.101 -579.094 1251.643 -9.7584 4.9895 -173.3544][-0.989517 -0.099411 0.104754 0.115289 -0.980615 0.158435 0.086974 0.168851 0.981797] 
3d 0 
fr 171117
ts 58770.839565
6d 1 [12 1.000][496.993 -579.350 1251.641 -9.7538 4.9931 -173.4563][-0.989715 -0.097664 0.104525 0.113528 -0.980805 0.158536 0.087035 0.168772 0.981805] 
3d 0 
fr 171118
ts 58770.856230
6d 1 [12 1.000][496.950 -579.158 1251.611 -9.7337 4.9901 -173.4188][-0.989645 -0.098353 0.104544 0.114177 -0.980795 0.158130 0.086984 0.168429 0.981868] 
3d 0 
fr 171119
ts 58770.872873
6d 1 [12 1.000][497.053 -578.650 1251.534 -9.7529 4.9803 -173.3620][-0.989546 -0.099317 0.104567 0.115159 -0.980641 0.158373 0.086814 0.168759 0.981827] 
3d 0 
fr 171120
ts 58770.889538
6d 1 [12 1.000][496.995 -578.774 1251.506 -9.7384 4.9737 -173.3593][-0.989551 -0.099410 0.104438 0.115208 -0.980674 0.158134 0.086699 0.168513 0.981879] 
3d 0 
fr 171121
ts 58770.906230
6d 1 [12 1.000][496.891 -578.893 1251.449 -9.7441 4.9705 -173.3680][-0.989573 -0.099259 0.104368 0.115057 -0.980672 0.158253 0.086643 0.168611 0.981867] 
3d 0 
fr 171122
ts 58770.922892
6d 1 [12 1.000][496.720 -579.143 1251.334 -9.8426 4.9976 -173.4554][-0.989707 -0.097504 0.104755 0.113543 -0.980558 0.160045 0.087114 0.170292 0.981536] 
3d 0 
fr 171123
ts 58770.939577
6d 1 [12 1.000][496.806 -578.876 1251.253 -9.8717 5.0150 -173.4258][-0.989621 -0.097906 0.105184 0.114051 -0.980432 0.160454 0.087417 0.170785 0.981423] 
3d 0 
fr 171124
ts 58770.956239
6d 1 [12 1.000][496.953 -578.245 1251.320 -9.8007 5.0013 -173.3758][-0.989542 -0.098933 0.104969 0.114918 -0.980539 0.159176 0.087178 0.169574 0.981654] 
3d 0 
fr 171125
ts 58770.972916
6d 1 [12 1.000][496.812 -578.398 1251.201 -9.8107 5.0136 -173.3756][-0.989523 -0.098882 0.105195 0.114919 -0.980515 0.159322 0.087392 0.169742 0.981606] 
3d 0 
fr 171126
ts 58770.989578
6d 1 [12 1.000][496.790 -578.330 1251.197 -9.8148 5.0143 -173.3783][-0.989528 -0.098825 0.105207 0.114871 -0.980509 0.159396 0.087404 0.169812 0.981593] 
3d 0 
fr 171127
ts 58771.006249
6d 1 [12 1.000][496.678 -578.502 1251.196 -9.8201 5.0034 -173.4179][-0.989623 -0.098170 0.104920 0.114190 -0.980558 0.159581 0.087214 0.169906 0.981593] 
3d 0 
fr 171128
ts 58771.022910
6d 1 [12 1.000][496.509 -578.713 1251.145 -9.8052 4.9882 -173.5071][-0.989823 -0.096716 0.104388 0.112652 -0.980746 0.159518 0.086950 0.169654 0.981661] 
3d 0 
fr 171129
ts 58771.039575
6d 1 [12 1.000][496.475 -578.733 1250.990 -9.8312 5.0233 -173.5277][-0.989810 -0.096213 0.104972 0.112291 -0.980720 0.159933 0.087560 0.170091 0.981531] 
3d 0 
fr 171130
ts 58771.056237
6d 1 [12 1.000][496.491 -578.374 1251.017 -9.8152 4.9997 -173.4888][-0.989769 -0.096978 0.104652 0.112967 -0.980691 0.159633 0.087150 0.169822 0.981614] 
3d 0 
fr 171131
ts 58771.072890
6d 1 [12 1.000][496.556 -577.790 1250.966 -9.8239 5.0004 -173.3436][-0.989479 -0.099444 0.105084 0.115474 -0.980419 0.159515 0.087163 0.169971 0.981587] 
3d 0 
fr 171132
ts 58771.089550
6d 1 [12 1.000][496.475 -577.859 1250.962 -9.8153 4.9936 -173.3852][-0.989573 -0.098768 0.104836 0.114756 -0.980512 0.159457 0.087044 0.169825 0.981623] 
3d 0 
fr 171133
ts 58771.106205
6d 1 [12 1.000][496.397 -578.068 1250.965 -9.8234 4.9905 -173.4364][-0.989679 -0.097886 0.104656 0.113873 -0.980577 0.159695 0.086991 0.169965 0.981603] 
3d 0 
fr 171134
ts 58771.122867
6d 1 [12 1.000][496.240 -578.217 1250.873 -9.9179 4.9947 -173.4432][-0.989687 -0.097584 0.104869 0.113754 -0.980325 0.161317 0.087064 0.171582 0.981315] 
3d 0 
fr 171135
ts 58771.139507
6d 1 [12 1.000][496.282 -577.959 1250.838 -9.9041 4.9942 -173.4183][-0.989638 -0.098036 0.104906 0.114184 -0.980321 0.161037 0.087054 0.171347 0.981357] 
3d 0 
fr 171136
ts 58771.156171
6d 1 [12 1.000][496.464 -577.455 1250.909 -9.8469 4.9838 -173.3306][-0.989478 -0.099673 0.104878 0.115701 -0.980326 0.159917 0.086875 0.170369 0.981543] 
3d 0 
fr 171137
ts 58771.172856
6d 1 [12 1.000][496.473 -577.511 1250.917 -9.7950 4.9752 -173.3671][-0.989564 -0.099169 0.104538 0.115072 -0.980531 0.159114 0.086724 0.169483 0.981710] 
3d 0 
fr 171138
ts 58771.189522
6d 1 [12 1.000][496.296 -577.827 1250.840 -9.8512 4.9732 -173.3775][-0.989588 -0.098895 0.104572 0.114894 -0.980392 0.160097 0.086689 0.170445 0.981546] 
3d 0 
fr 171139
ts 58771.206204
6d 1 [12 1.000][496.381 -577.563 1250.796 -9.8588 4.9706 -173.3624][-0.989562 -0.099147 0.104584 0.115155 -0.980344 0.160205 0.086645 0.170576 0.981528] 
3d 0 
fr 171140
ts 58771.222865
6d 1 [12 1.000][496.272 -577.775 1250.756 -9.8703 4.9735 -173.3812][-0.989595 -0.098794 0.104601 0.114828 -0.980345 0.160431 0.086696 0.170773 0.981489] 
3d 0 
fr 171141
ts 58771.239540
6d 1 [12 1.000][496.337 -577.319 1250.737 -9.8615 4.9694 -173.3738][-0.989586 -0.098949 0.104536 0.114957 -0.980355 0.160276 0.086623 0.170624 0.981521] 
3d 0 
fr 171142
ts 58771.256202
6d 1 [12 1.000][496.378 -577.161 1250.735 -9.8665 4.9616 -173.3415][-0.989533 -0.099517 0.104502 0.115518 -0.980283 0.160318 0.086488 0.170712 0.981518] 
3d 0 
fr 171143
ts 58771.272866
6d 1 [12 1.000][496.324 -577.234 1250.713 -9.8831 4.9538 -173.3607][-0.989583 -0.099180 0.104346 0.115186 -0.980267 0.160652 0.086353 0.170997 0.981480] 
3d 0 
fr 171144
ts 58771.289531
6d 1 [12 1.000][496.162 -577.536 1250.577 -9.9179 4.9544 -173.4420][-0.989745 -0.097724 0.104187 0.113782 -0.980309 0.161394 0.086364 0.171594 0.981375] 
3d 0 
fr 171145
ts 58771.306192
6d 1 [12 1.000][496.174 -577.582 1250.416 -9.9569 4.9607 -173.5061][-0.989862 -0.096539 0.104178 0.112674 -0.980310 0.162165 0.086472 0.172259 0.981249] 
3d 0 
fr 171146
ts 58771.322854
6d 1 [12 1.000][496.227 -577.421 1250.406 -9.9472 4.9591 -173.5083][-0.989869 -0.096523 0.104129 0.112636 -0.980340 0.162007 0.086444 0.172094 0.981280] 
3d 0 
fr 171147
ts 58771.339503
6d 1 [12 1.000][496.260 -577.122 1250.409 -9.9610 4.9566 -173.4550][-0.989767 -0.097418 0.104260 0.113558 -0.980210 0.162151 0.086400 0.172331 0.981243] 
3d 0 
fr 171148
ts 58771.356167
6d 1 [12 1.000][496.340 -576.810 1250.385 -9.9549 4.9547 -173.3942][-0.989649 -0.098474 0.104390 0.114608 -0.980123 0.161939 0.086368 0.172227 0.981264] 
3d 0 
fr 171149
ts 58771.372814
6d 1 [12 1.000][496.249 -576.928 1250.334 -9.9733 4.9525 -173.4139][-0.989692 -0.098110 0.104329 0.114268 -0.980104 0.162295 0.086330 0.172543 0.981211] 
3d 0 
fr 171150
ts 58771.389479
6d 1 [12 1.000][496.041 -577.273 1250.292 -9.9950 4.9554 -173.4430][-0.989746 -0.097564 0.104331 0.113764 -0.980093 0.162712 0.086379 0.172913 0.981142] 
3d 0 
fr 171151
ts 58771.406170
6d 1 [12 1.000][496.188 -576.822 1250.371 -9.9906 4.9511 -173.4389][-0.989744 -0.097654 0.104264 0.113836 -0.980097 0.162639 0.086306 0.172839 0.981161] 
3d 0 
fr 171152
ts 58771.422831
6d 1 [12 1.000][496.167 -576.584 1250.421 -9.9525 4.9395 -173.3489][-0.989581 -0.099298 0.104255 0.115393 -0.980046 0.161845 0.086104 0.172189 0.981294] 
3d 0 
fr 171153
ts 58771.439516
6d 1 [12 1.000][495.996 -576.716 1250.366 -10.0104 4.9351 -173.3920][-0.989674 -0.098470 0.104158 0.114650 -0.979955 0.162923 0.086027 0.173182 0.981126] 
3d 0 
fr 171154
ts 58771.456177
6d 1 [12 1.000][495.946 -576.681 1250.369 -10.0140 4.9265 -173.4135][-0.989730 -0.098120 0.103957 0.114279 -0.979979 0.163040 0.085878 0.173246 0.981127] 
3d 0 
fr 171155
ts 58771.472853
6d 1 [12 1.000][495.843 -576.762 1250.306 -10.0321 4.9199 -173.4031][-0.989719 -0.098286 0.103906 0.114460 -0.979907 0.163344 0.085763 0.173558 0.981082] 
3d 0 
fr 171156
ts 58771.489519
6d 1 [12 1.000][495.844 -576.658 1250.290 -10.0325 4.9125 -173.4124][-0.989749 -0.098149 0.103753 0.114301 -0.979919 0.163383 0.085634 0.173567 0.981092] 
3d 0 
fr 171157
ts 58771.506189
6d 1 [12 1.000][495.852 -576.473 1250.296 -10.0160 4.8974 -173.4047][-0.989755 -0.098356 0.103491 0.114437 -0.979947 0.163117 0.085372 0.173289 0.981164] 
3d 0 
fr 171158
ts 58771.522850
6d 1 [12 1.000][495.859 -576.255 1250.296 -10.0355 4.8868 -173.3631][-0.989688 -0.099063 0.103462 0.115156 -0.979817 0.163395 0.085187 0.173624 0.981121] 
3d 0 
fr 171159
ts 58771.539515
6d 1 [12 1.000][495.915 -576.350 1250.274 -10.0420 4.8831 -173.3913][-0.989750 -0.098581 0.103329 0.114671 -0.979846 0.163564 0.085123 0.173737 0.981106] 
3d 0 
fr 171160
ts 58771.556177
6d 1 [12 1.000][495.890 -576.321 1250.158 -10.0509 4.8809 -173.3796][-0.989730 -0.098771 0.103340 0.114873 -0.979799 0.163700 0.085084 0.173890 0.981083] 
3d 0 
fr 171161
ts 58771.572834
6d 1 [12 1.000][495.902 -576.381 1250.142 -10.0579 4.8801 -173.3749][-0.989721 -0.098841 0.103354 0.114954 -0.979771 0.163812 0.085071 0.174009 0.981062] 
3d 0 
fr 171162
ts 58771.589495
6d 1 [12 1.000][495.991 -576.187 1250.154 -10.0619 4.8771 -173.3309][-0.989637 -0.099595 0.103435 0.115714 -0.979682 0.163808 0.085019 0.174080 0.981055] 
3d 0 
fr 171163
ts 58771.606143
6d 1 [12 1.000][495.958 -576.341 1250.016 -10.0784 4.8862 -173.3504][-0.989663 -0.099204 0.103562 0.115376 -0.979672 0.164107 0.085177 0.174359 0.980991] 
3d 0 
fr 171164
ts 58771.622807
6d 1 [12 1.000][496.014 -576.409 1250.022 -10.0924 4.9155 -173.3575][-0.989634 -0.098970 0.104065 0.115249 -0.979654 0.164302 0.085687 0.174592 0.980905] 
3d 0 
fr 171165
ts 58771.639450
6d 1 [12 1.000][496.182 -576.168 1250.023 -10.0857 4.9162 -173.3541][-0.989626 -0.099038 0.104075 0.115308 -0.979668 0.164179 0.085699 0.174477 0.980925] 
3d 0 
fr 171166
ts 58771.656112
6d 1 [12 1.000][496.085 -576.391 1249.948 -10.0971 4.9387 -173.3611][-0.989607 -0.098828 0.104457 0.115182 -0.979655 0.164343 0.086090 0.174666 0.980857] 
3d 0 
fr 171167
ts 58771.672802
6d 1 [12 1.000][496.041 -576.675 1249.947 -10.1011 4.9402 -173.4875][-0.989856 -0.096655 0.104126 0.112998 -0.979860 0.164638 0.086116 0.174734 0.980843] 
3d 0 
fr 171168
ts 58771.689464
6d 1 [12 1.000][496.094 -576.440 1249.951 -10.1069 4.9423 -173.4430][-0.989765 -0.097399 0.104300 0.113766 -0.979769 0.164651 0.086153 0.174832 0.980822] 
3d 0 
fr 171169
ts 58771.706144
6d 1 [12 1.000][496.109 -576.304 1250.000 -10.1094 4.9231 -173.4262][-0.989760 -0.097741 0.104025 0.114060 -0.979726 0.164702 0.085818 0.174881 0.980842] 
3d 0 
fr 171170
ts 58771.722808
6d 1 [12 1.000][496.151 -576.175 1250.035 -10.0722 4.9240 -173.4195][-0.989746 -0.097920 0.103997 0.114176 -0.979822 0.164052 0.085835 0.174243 0.980954] 
3d 0 
fr 171171
ts 58771.739478
6d 1 [12 1.000][496.181 -576.071 1250.039 -10.0344 4.9231 -173.4002][-0.989708 -0.098321 0.103972 0.114509 -0.979897 0.163372 0.085819 0.173596 0.981071] 
3d 0 
fr 171172
ts 58771.756143
6d 1 [12 1.000][496.157 -576.224 1249.952 -10.0489 4.9260 -173.4067][-0.989717 -0.098175 0.104028 0.114396 -0.979867 0.163626 0.085870 0.173843 0.981022] 
3d 0 
fr 171173
ts 58771.772811
6d 1 [12 1.000][496.150 -576.464 1249.863 -10.0553 4.9360 -173.4233][-0.989735 -0.097850 0.104161 0.114108 -0.979881 0.163746 0.086043 0.173950 0.980988] 
3d 0 
fr 171174
ts 58771.789472
6d 1 [12 1.000][496.190 -576.529 1249.805 -10.0616 4.9494 -173.4549][-0.989778 -0.097257 0.104310 0.113560 -0.979921 0.163885 0.086276 0.174056 0.980949] 
3d 0 
fr 171175
ts 58771.806133
6d 1 [12 1.000][496.212 -576.357 1249.661 -10.0783 4.9872 -173.4416][-0.989695 -0.097340 0.105019 0.113783 -0.979864 0.164072 0.086933 0.174331 0.980842] 
3d 0 
fr 171176
ts 58771.822796
6d 1 [12 1.000][496.344 -576.095 1249.718 -10.0594 4.9896 -173.4359][-0.989680 -0.097465 0.105043 0.113881 -0.979909 0.163734 0.086974 0.174007 0.980896] 
3d 0 
fr 171177
ts 58771.839449
6d 1 [12 1.000][496.342 -576.086 1249.778 -10.0636 4.9774 -173.4116][-0.989650 -0.097910 0.104912 0.114304 -0.979851 0.163786 0.086762 0.174083 0.980901] 
3d 0 
fr 171178
ts 58771.856111
6d 1 [12 1.000][496.306 -576.451 1249.820 -10.0628 4.9788 -173.4413][-0.989707 -0.097398 0.104850 0.113789 -0.979905 0.163823 0.086787 0.174068 0.980902] 
3d 0 
fr 171179
ts 58771.872758
6d 1 [12 1.000][496.355 -576.323 1249.795 -10.0636 4.9832 -173.4395][-0.989697 -0.097415 0.104932 0.113820 -0.979901 0.163825 0.086864 0.174080 0.980893] 
3d 0 
fr 171180
ts 58771.889420
6d 1 [12 1.000][496.411 -576.221 1249.916 -10.0183 4.9744 -173.4369][-0.989705 -0.097569 0.104713 0.113867 -0.980023 0.163063 0.086711 0.173308 0.981043] 
3d 0 
fr 171181
ts 58771.906112
6d 1 [12 1.000][496.414 -576.129 1249.894 -9.9613 4.9473 -173.3967][-0.989665 -0.098441 0.104268 0.114566 -0.980106 0.162068 0.086240 0.172339 0.981255] 
3d 0 
fr 171182
ts 58771.922774
6d 1 [12 1.000][496.434 -576.098 1249.973 -9.9906 4.9281 -173.3804][-0.989661 -0.098725 0.104038 0.114851 -0.979989 0.162578 0.085906 0.172846 0.981195] 
3d 0 
fr 171183
ts 58771.939459
6d 1 [12 1.000][496.319 -576.415 1250.011 -9.9773 4.9165 -173.4001][-0.989718 -0.098447 0.103761 0.114513 -0.980056 0.162409 0.085703 0.172621 0.981253] 
3d 0 
fr 171184
ts 58771.956122
6d 1 [12 1.000][496.167 -576.859 1250.018 -9.9565 4.9130 -173.5066][-0.989934 -0.096673 0.103365 0.112673 -0.980296 0.162251 0.085643 0.172264 0.981321] 
3d 0 
fr 171185
ts 58771.972799
6d 1 [12 1.000][496.255 -576.784 1250.038 -9.9161 4.9095 -173.4917][-0.989910 -0.097010 0.103279 0.112931 -0.980383 0.161540 0.085582 0.171573 0.981447] 
3d 0 
fr 171186
ts 58771.989461
6d 1 [12 1.000][496.170 -576.559 1250.133 -9.9506 4.8942 -173.4362][-0.989823 -0.097944 0.103234 0.113892 -0.980186 0.162061 0.085316 0.172169 0.981366] 
3d 0 
fr 171187
ts 58772.006132
6d 1 [12 1.000][496.132 -576.490 1250.204 -9.9281 4.8785 -173.3507][-0.989675 -0.099494 0.103170 0.115372 -0.980097 0.161553 0.085044 0.171788 0.981456] 
3d 0 
fr 171188
ts 58772.022793
6d 1 [12 1.000][496.073 -576.619 1250.197 -9.9311 4.8735 -173.3559][-0.989693 -0.099415 0.103075 0.115283 -0.980096 0.161624 0.084955 0.171841 0.981455] 
3d 0 
fr 171189
ts 58772.039455
6d 1 [12 1.000][496.044 -576.718 1250.235 -9.9231 4.8841 -173.3593][-0.989684 -0.099339 0.103232 0.115222 -0.980128 0.161472 0.085140 0.171701 0.981463] 
3d 0 
fr 171190
ts 58772.056119
6d 1 [12 1.000][496.067 -576.689 1250.282 -9.9017 4.8716 -173.3481][-0.989680 -0.099606 0.103014 0.115418 -0.980164 0.161110 0.084923 0.171337 0.981546] 
3d 0 
fr 171191
ts 58772.072777
6d 1 [12 1.000][496.118 -576.619 1250.317 -9.8845 4.8600 -173.3412][-0.989683 -0.099791 0.102806 0.115540 -0.980197 0.160827 0.084721 0.171046 0.981614] 
3d 0 
fr 171192
ts 58772.089439
6d 1 [12 1.000][496.127 -576.632 1250.326 -9.8699 4.8532 -173.3315][-0.989674 -0.100002 0.102691 0.115708 -0.980218 0.160573 0.084603 0.170797 0.981667] 
3d 0 
fr 171193
ts 58772.106085
6d 1 [12 1.000][496.070 -576.921 1250.232 -9.8608 4.8524 -173.3585][-0.989729 -0.099559 0.102586 0.115242 -0.980290 0.160468 0.084588 0.170642 0.981696] 
3d 0 
fr 171194
ts 58772.122751
6d 1 [12 1.000][496.056 -577.198 1250.155 -9.8558 4.8825 -173.4678][-0.989903 -0.097609 0.102784 0.113349 -0.980503 0.160518 0.085112 0.170548 0.981667] 
3d 0 
fr 171195
ts 58772.139390
6d 1 [12 1.000][496.164 -577.048 1250.140 -9.8427 4.8883 -173.4605][-0.989880 -0.097740 0.102881 0.113473 -0.980529 0.160269 0.085213 0.170321 0.981697] 
3d 0 
fr 171196
ts 58772.156057
6d 1 [12 1.000][496.352 -576.633 1250.234 -9.8317 4.8794 -173.3967][-0.989766 -0.098878 0.102889 0.114578 -0.980447 0.159984 0.085058 0.170136 0.981743] 
3d 0 
fr 171197
ts 58772.172746
6d 1 [12 1.000][496.250 -576.786 1250.195 -9.8379 4.8755 -173.4191][-0.989817 -0.098495 0.102771 0.114191 -0.980467 0.160138 0.084991 0.170243 0.981730] 
3d 0 
fr 171198
ts 58772.189407
6d 1 [12 1.000][496.177 -576.989 1250.123 -9.9408 4.8810 -173.4493][-0.989868 -0.097777 0.102957 0.113669 -0.980232 0.161943 0.085087 0.172005 0.981414] 
3d 0 
fr 171199
ts 58772.206089
6d 1 [12 1.000][496.141 -577.320 1250.130 -9.9293 4.8643 -173.5681][-0.990127 -0.095815 0.102316 0.111619 -0.980459 0.161990 0.084795 0.171811 0.981474] 
3d 0 
fr 171200
ts 58772.222750
6d 1 [12 1.000][496.113 -577.281 1249.990 -9.9266 4.8788 -173.5459][-0.990062 -0.096156 0.102621 0.112000 -0.980435 0.161877 0.085048 0.171762 0.981461] 
3d 0 
fr 171201
ts 58772.239421
6d 1 [12 1.000][496.222 -576.985 1250.075 -9.9084 4.9068 -173.5155][-0.989961 -0.096626 0.103153 0.112521 -0.980444 0.161457 0.085535 0.171443 0.981474] 
3d 0 
fr 171202
ts 58772.256088
6d 1 [12 1.000][496.165 -577.001 1250.149 -9.9121 4.8836 -173.4875][-0.989940 -0.097167 0.102843 0.113008 -0.980379 0.161515 0.085131 0.171513 0.981497] 
3d 0 
fr 171203
ts 58772.272755
6d 1 [12 1.000][496.006 -577.229 1250.158 -9.9454 4.8846 -173.5375][-0.990037 -0.096248 0.102775 0.112144 -0.980369 0.162173 0.085149 0.172083 0.981396] 
3d 0 
fr 171204
ts 58772.289417
6d 1 [12 1.000][496.115 -576.995 1250.156 -9.9383 4.8847 -173.5179][-0.989998 -0.096598 0.102820 0.112483 -0.980356 0.162016 0.085150 0.171961 0.981417] 
3d 0 
fr 171205
ts 58772.306073
6d 1 [12 1.000][496.170 -576.790 1250.235 -9.9104 4.8759 -173.4707][-0.989918 -0.097481 0.102757 0.113300 -0.980352 0.161470 0.084998 0.171485 0.981513] 
3d 0 
fr 171206
ts 58772.322740
6d 1 [12 1.000][496.129 -576.590 1250.174 -9.9153 4.8717 -173.4057][-0.989795 -0.098597 0.102878 0.114424 -0.980226 0.161445 0.084926 0.171569 0.981505] 
3d 0 
fr 171207
ts 58772.339394
6d 1 [12 1.000][496.135 -576.596 1250.211 -9.9139 4.8692 -173.4255][-0.989839 -0.098268 0.102776 0.114082 -0.980263 0.161463 0.084881 0.171547 0.981512] 
3d 0 
fr 171208
ts 58772.356055
6d 1 [12 1.000][496.119 -576.780 1250.236 -9.9133 4.8625 -173.4801][-0.989957 -0.097354 0.102508 0.113140 -0.980356 0.161563 0.084765 0.171538 0.981524] 
3d 0 
fr 171209
ts 58772.372700
6d 1 [12 1.000][495.920 -577.005 1250.195 -9.9293 4.8622 -173.4761][-0.989949 -0.097394 0.102541 0.113208 -0.980303 0.161830 0.084759 0.171812 0.981477] 
3d 0 
fr 171210
ts 58772.389366
6d 1 [12 1.000][496.032 -576.808 1250.154 -9.9215 4.8623 -173.4896][-0.989976 -0.097177 0.102490 0.112975 -0.980348 0.161721 0.084761 0.171679 0.981500] 
3d 0 
fr 171211
ts 58772.406057
6d 1 [12 1.000][496.191 -576.326 1250.153 -9.9236 4.8602 -173.4458][-0.989892 -0.097930 0.102583 0.113733 -0.980267 0.161683 0.084725 0.171716 0.981496] 
3d 0 
fr 171212
ts 58772.422718
6d 1 [12 1.000][496.076 -576.479 1250.138 -9.9420 4.8582 -173.4417][-0.989887 -0.097973 0.102592 0.113804 -0.980207 0.161994 0.084690 0.172031 0.981444] 
3d 0 
fr 171213
ts 58772.439404
6d 1 [12 1.000][496.064 -576.656 1250.089 -9.9898 4.8568 -173.4753][-0.989956 -0.097316 0.102554 0.113223 -0.980129 0.162874 0.084666 0.172849 0.981303] 
3d 0 
fr 171214
ts 58772.456066
6d 1 [12 1.000][495.972 -577.004 1250.059 -9.9728 4.8611 -173.5799][-0.990154 -0.095545 0.102301 0.111415 -0.980355 0.162762 0.084741 0.172557 0.981348] 
3d 0 
fr 171215
ts 58772.472745
6d 1 [12 1.000][495.992 -576.965 1249.971 -10.0057 4.8927 -173.5564][-0.990062 -0.095793 0.102960 0.111816 -0.980232 0.163222 0.085289 0.173113 0.981202] 
3d 0 
fr 171216
ts 58772.489406
6d 1 [12 1.000][496.028 -576.705 1250.048 -9.9849 4.8757 -173.5250][-0.990026 -0.096419 0.102727 0.112362 -0.980233 0.162843 0.084995 0.172761 0.981290] 
3d 0 
fr 171217
ts 58772.506073
6d 1 [12 1.000][496.054 -576.809 1250.178 -9.9890 4.8777 -173.5260][-0.990025 -0.096388 0.102764 0.112344 -0.980224 0.162911 0.085029 0.172831 0.981274] 
3d 0 
fr 171218
ts 58772.522739
6d 1 [12 1.000][496.001 -577.117 1250.237 -9.9900 4.8780 -173.5418][-0.990055 -0.096116 0.102727 0.112072 -0.980247 0.162956 0.085035 0.172849 0.981271] 
3d 0 
fr 171219
ts 58772.539404
6d 1 [12 1.000][496.013 -576.914 1250.251 -9.9946 4.8823 -173.5201][-0.990006 -0.096466 0.102869 0.112446 -0.980200 0.162987 0.085109 0.172926 0.981251] 
3d 0 
fr 171220
ts 58772.556065
6d 1 [12 1.000][496.135 -576.883 1250.365 -9.9675 4.8778 -173.5178][-0.990008 -0.096567 0.102753 0.112486 -0.980271 0.162528 0.085031 0.172462 0.981339] 
3d 0 
fr 171221
ts 58772.572719
6d 1 [12 1.000][496.163 -576.752 1250.349 -9.9613 4.8784 -173.4291][-0.989832 -0.098094 0.103004 0.114018 -0.980138 0.162261 0.085041 0.172356 0.981357] 
3d 0 
fr 171222
ts 58772.589385
6d 1 [12 1.000][496.174 -576.794 1250.378 -9.9431 4.8805 -173.4252][-0.989821 -0.098187 0.103019 0.114085 -0.980184 0.161939 0.085078 0.172044 0.981409] 
3d 0 
fr 171223
ts 58772.606031
6d 1 [12 1.000][496.156 -577.068 1250.406 -9.9269 4.8870 -173.4593][-0.989879 -0.097614 0.103007 0.113496 -0.980290 0.161710 0.085192 0.171764 0.981448] 
3d 0 
fr 171224
ts 58772.622697
6d 1 [12 1.000][496.202 -577.110 1250.432 -9.8983 4.8906 -173.4668][-0.989889 -0.097526 0.102998 0.113366 -0.980384 0.161228 0.085254 0.171275 0.981528] 
3d 0 
fr 171225
ts 58772.639341
6d 1 [12 1.000][496.209 -577.449 1250.341 -9.8968 4.9056 -173.5810][-0.990091 -0.095529 0.102929 0.111388 -0.980586 0.161379 0.085514 0.171245 0.981510] 
3d 0 
fr 171226
ts 58772.656002
6d 1 [12 1.000][496.242 -577.232 1250.442 -9.9221 4.9099 -173.5410][-0.990006 -0.096156 0.103157 0.112080 -0.980450 0.161731 0.085589 0.171676 0.981428] 
3d 0 
fr 171227
ts 58772.672691
6d 1 [12 1.000][496.252 -577.163 1250.499 -9.8867 4.9086 -173.5202][-0.989968 -0.096578 0.103134 0.112438 -0.980514 0.161090 0.085567 0.171070 0.981536] 
3d 0 
fr 171228
ts 58772.689354
6d 1 [12 1.000][496.273 -577.056 1250.602 -9.8304 4.9004 -173.5257][-0.989990 -0.096611 0.102885 0.112346 -0.980678 0.160153 0.085425 0.170108 0.981716] 
3d 0 
fr 171229
ts 58772.706036
6d 1 [12 1.000][496.263 -577.038 1250.566 -9.8921 4.8962 -173.5083][-0.989963 -0.096810 0.102965 0.112646 -0.980474 0.161185 0.085350 0.171166 0.981538] 
3d 0 
fr 171230
ts 58772.722696
6d 1 [12 1.000][496.106 -577.328 1250.555 -9.9465 4.8939 -173.5130][-0.989975 -0.096638 0.103005 0.112565 -0.980328 0.162130 0.085310 0.172099 0.981379] 
3d 0 
fr 171231
ts 58772.739373
6d 1 [12 1.000][496.084 -577.581 1250.500 -9.9173 4.8976 -173.6016][-0.990143 -0.095165 0.102769 0.111035 -0.980560 0.161781 0.085375 0.171597 0.981461] 
3d 0 
fr 171232
ts 58772.756034
6d 1 [12 1.000][496.157 -577.333 1250.452 -9.9018 4.8999 -173.5300][-0.990000 -0.096410 0.102984 0.112271 -0.980485 0.161384 0.085416 0.171332 0.981504] 
3d 0 
fr 171233
ts 58772.772699
6d 1 [12 1.000][496.273 -577.065 1250.486 -9.9386 4.8976 -173.4763][-0.989897 -0.097269 0.103158 0.113199 -0.980290 0.161920 0.085375 0.171962 0.981397] 
3d 0 
fr 171234
ts 58772.789364
6d 1 [12 1.000][496.312 -577.207 1250.532 -9.9280 4.8976 -173.5198][-0.989983 -0.096544 0.103017 0.112447 -0.980393 0.161818 0.085374 0.171781 0.981429] 
3d 0 
fr 171235
ts 58772.806022
6d 1 [12 1.000][496.262 -577.310 1250.463 -9.9579 4.8994 -173.5200][-0.989981 -0.096482 0.103098 0.112444 -0.980309 0.162326 0.085407 0.172292 0.981336] 
3d 0 
fr 171236
ts 58772.822687
6d 1 [12 1.000][496.165 -577.629 1250.323 -10.0451 4.9154 -173.5268][-0.989970 -0.096160 0.103497 0.112324 -0.980078 0.163799 0.085685 0.173782 0.981049] 
3d 0 
fr 171237
ts 58772.839341
6d 1 [12 1.000][496.276 -577.407 1250.282 -10.0254 4.9808 -173.5225][-0.989864 -0.096073 0.104589 0.112388 -0.980149 0.163329 0.086821 0.173428 0.981012] 
3d 0 
fr 171238
ts 58772.856003
6d 1 [12 1.000][496.559 -576.892 1250.417 -9.9154 4.9339 -173.4149][-0.989722 -0.098255 0.103910 0.114255 -0.980263 0.161342 0.086007 0.171556 0.981413] 
3d 0 
fr 171239
ts 58772.872647
6d 1 [12 1.000][496.623 -577.012 1250.449 -9.9149 4.9388 -173.4659][-0.989816 -0.097367 0.103848 0.113371 -0.980353 0.161416 0.086091 0.171546 0.981407] 
3d 0 
fr 171240
ts 58772.889312
6d 1 [12 1.000][496.637 -577.052 1250.366 -9.9597 4.9646 -173.4562][-0.989758 -0.097375 0.104391 0.113535 -0.980219 0.162115 0.086540 0.172306 0.981235] 
3d 0 
fr 171241
ts 58772.906001
6d 1 [12 1.000][496.657 -577.167 1250.282 -9.9696 4.9652 -173.4649][-0.989774 -0.097206 0.104394 0.113384 -0.980206 0.162299 0.086551 0.172476 0.981204] 
3d 0 
fr 171242
ts 58772.922666
6d 1 [12 1.000][496.658 -577.242 1250.132 -10.0515 5.0122 -173.4794][-0.989732 -0.096667 0.105290 0.113126 -0.980013 0.163634 0.087368 0.173865 0.980886] 
3d 0 
fr 171243
ts 58772.939352
6d 1 [12 1.000][496.577 -577.564 1250.150 -10.0154 5.0264 -173.5971][-0.989941 -0.094677 0.105136 0.111090 -0.980318 0.163206 0.087615 0.173244 0.980974] 
3d 0 
fr 171244
ts 58772.956013
6d 1 [12 1.000][496.593 -577.692 1250.259 -10.0316 5.0062 -173.6556][-0.990084 -0.093708 0.104652 0.110084 -0.980361 0.163628 0.087264 0.173526 0.980955] 
3d 0 
fr 171245
ts 58772.972689
6d 1 [12 1.000][496.766 -576.867 1250.110 -10.1314 5.0146 -173.5488][-0.989865 -0.095326 0.105265 0.111926 -0.979901 0.165125 0.087409 0.175234 0.980639] 
3d 0 
fr 171246
ts 58772.989354
6d 1 [12 1.000][496.969 -576.553 1250.099 -10.0906 5.0168 -173.4614][-0.989689 -0.096890 0.105487 0.113437 -0.979873 0.164261 0.087449 0.174534 0.980760] 
3d 0 
fr 171247
ts 58773.006026
6d 1 [12 1.000][497.005 -576.654 1250.057 -10.1078 5.0204 -173.5275][-0.989814 -0.095716 0.105386 0.112293 -0.979936 0.164671 0.087510 0.174828 0.980702] 
3d 0 
fr 171248
ts 58773.022688
6d 1 [12 1.000][497.180 -576.585 1250.186 -10.1063 4.9870 -173.5377][-0.989885 -0.095646 0.104787 0.112124 -0.979945 0.164727 0.086930 0.174810 0.980757] 
3d 0 
fr 171249
ts 58773.039352
6d 1 [12 1.000][497.325 -576.354 1250.071 -10.1106 4.9886 -173.5420][-0.989891 -0.095560 0.104808 0.112049 -0.979941 0.164806 0.086957 0.174883 0.980742] 
3d 0 
fr 171250
ts 58773.056014
6d 1 [12 1.000][497.368 -576.431 1250.029 -10.1344 4.9866 -173.5575][-0.989924 -0.095258 0.104770 0.111782 -0.979897 0.165246 0.086923 0.175293 0.980672] 
3d 0 
fr 171251
ts 58773.072672
6d 1 [12 1.000][497.428 -576.679 1250.000 -10.1510 4.9960 -173.6808][-0.990148 -0.093089 0.104601 0.109649 -0.980055 0.165737 0.087087 0.175573 0.980607] 
3d 0 
fr 171252
ts 58773.089333
6d 1 [12 1.000][497.446 -576.782 1249.975 -10.1811 5.0211 -173.7057][-0.990158 -0.092531 0.105005 0.109214 -0.980017 0.166250 0.087523 0.176082 0.980477] 
3d 0 
fr 171253
ts 58773.105981
6d 1 [12 1.000][497.676 -576.374 1249.923 -10.2244 5.0297 -173.6565][-0.990050 -0.093267 0.105363 0.110063 -0.979814 0.166884 0.087671 0.176820 0.980331] 
3d 0 
fr 171254
ts 58773.122645
6d 1 [12 1.000][497.893 -576.089 1249.916 -10.2036 5.0262 -173.5992][-0.989945 -0.094296 0.105436 0.111054 -0.979780 0.166429 0.087611 0.176465 0.980400] 
3d 0 
fr 171255
ts 58773.139286
6d 1 [12 1.000][498.004 -575.913 1249.903 -10.1397 5.0299 -173.5692][-0.989881 -0.094916 0.105482 0.111572 -0.979916 0.165275 0.087676 0.175371 0.980591] 
3d 0 
fr 171256
ts 58773.155951
6d 1 [12 1.000][498.083 -575.790 1249.910 -10.2183 5.0298 -173.5479][-0.989840 -0.095136 0.105671 0.111940 -0.979653 0.166580 0.087673 0.176717 0.980349] 
3d 0 
fr 171257
ts 58773.172637
6d 1 [12 1.000][498.064 -575.990 1250.014 -10.2006 5.0265 -173.6179][-0.989981 -0.093982 0.105383 0.110731 -0.979819 0.166412 0.087616 0.176413 0.980409] 
3d 0 
fr 171258
ts 58773.189302
6d 1 [12 1.000][497.974 -576.335 1250.015 -10.2079 5.0256 -173.7046][-0.990149 -0.092488 0.105127 0.109233 -0.979939 0.166698 0.087600 0.176540 0.980388] 
3d 0 
fr 171259
ts 58773.205985
6d 1 [12 1.000][498.135 -576.206 1250.067 -10.1918 5.0207 -173.7012][-0.990150 -0.092590 0.105028 0.109292 -0.979979 0.166425 0.087516 0.176265 0.980445] 
3d 0 
fr 171260
ts 58773.222646
6d 1 [12 1.000][498.261 -575.837 1250.009 -10.2322 5.0184 -173.6550][-0.990065 -0.093313 0.105189 0.110091 -0.979785 0.167036 0.087476 0.176957 0.980324] 
3d 0 
fr 171261
ts 58773.239319
6d 1 [12 1.000][498.350 -575.705 1249.991 -10.2138 5.0177 -173.5383][-0.989839 -0.095346 0.105487 0.112109 -0.979646 0.166508 0.087464 0.176642 0.980381] 
3d 0 
fr 171262
ts 58773.255983
6d 1 [12 1.000][498.374 -575.897 1250.021 -10.2019 5.0167 -173.5923][-0.989946 -0.094446 0.105292 0.111174 -0.979770 0.166406 0.087446 0.176439 0.980420] 
3d 0 
fr 171263
ts 58773.272652
6d 1 [12 1.000][498.281 -576.297 1250.057 -10.2122 5.0142 -173.6287][-0.990020 -0.093812 0.105161 0.110546 -0.979799 0.166654 0.087402 0.176616 0.980392] 
3d 0 
fr 171264
ts 58773.289313
6d 1 [12 1.000][498.455 -575.809 1250.072 -10.2322 5.0118 -173.5441][-0.989860 -0.095231 0.105399 0.112009 -0.979600 0.166845 0.087360 0.176958 0.980334] 
3d 0 
fr 171265
ts 58773.305975
6d 1 [12 1.000][498.445 -576.152 1250.190 -10.1977 5.0073 -173.6010][-0.989977 -0.094333 0.105101 0.111025 -0.979793 0.166368 0.087283 0.176370 0.980447] 
3d 0 
fr 171266
ts 58773.322637
6d 1 [12 1.000][498.421 -576.387 1250.260 -10.1987 5.0027 -173.6279][-0.990036 -0.093886 0.104946 0.110562 -0.979833 0.166443 0.087202 0.176388 0.980450] 
3d 0 
fr 171267
ts 58773.339291
6d 1 [12 1.000][498.363 -576.813 1250.267 -10.2261 5.0053 -173.7181][-0.990205 -0.092286 0.104773 0.109003 -0.979901 0.167071 0.087249 0.176855 0.980362] 
3d 0 
fr 171268
ts 58773.355951
6d 1 [12 1.000][498.517 -576.551 1250.242 -10.2208 5.0101 -173.6465][-0.990061 -0.093504 0.105054 0.110239 -0.979802 0.166842 0.087332 0.176765 0.980371] 
3d 0 
fr 171269
ts 58773.372597
6d 1 [12 1.000][498.708 -576.287 1250.273 -10.1852 5.0086 -173.5829][-0.989940 -0.094663 0.105154 0.111339 -0.979800 0.166119 0.087305 0.176155 0.980483] 
3d 0 
fr 171270
ts 58773.389262
6d 1 [12 1.000][498.810 -576.106 1250.255 -10.1641 5.0119 -173.5166][-0.989806 -0.095825 0.105368 0.112484 -0.979752 0.165630 0.087363 0.175794 0.980543] 
3d 0 
fr 171271
ts 58773.405954
6d 1 [12 1.000][498.869 -576.148 1250.206 -10.1514 5.0164 -173.5263][-0.989818 -0.095668 0.105395 0.112314 -0.979807 0.165422 0.087441 0.175575 0.980575] 
3d 0 
fr 171272
ts 58773.422616
6d 1 [12 1.000][498.867 -576.421 1250.289 -10.1377 5.0133 -173.6086][-0.989983 -0.094296 0.105081 0.110893 -0.979982 0.165344 0.087386 0.175341 0.980622] 
3d 0 
fr 171273
ts 58773.439302
6d 1 [12 1.000][498.927 -576.445 1250.299 -10.1245 5.0159 -173.6151][-0.989991 -0.094201 0.105086 0.110781 -0.980031 0.165125 0.087433 0.175114 0.980658] 
3d 0 
fr 171274
ts 58773.455965
6d 1 [12 1.000][498.837 -576.737 1250.232 -10.1331 5.0177 -173.6925][-0.990138 -0.092855 0.104907 0.109443 -0.980133 0.165412 0.087464 0.175262 0.980629] 
3d 0 
fr 171275
ts 58773.472642
6d 1 [12 1.000][499.003 -576.505 1250.170 -10.1374 5.0213 -173.6487][-0.990048 -0.093586 0.105101 0.110199 -0.980051 0.165399 0.087526 0.175335 0.980611] 
3d 0 
fr 171276
ts 58773.489304
6d 1 [12 1.000][498.979 -576.787 1250.135 -10.1326 5.0283 -173.7143][-0.990163 -0.092451 0.105024 0.109064 -0.980174 0.165422 0.087648 0.175249 0.980615] 
3d 0 
fr 171277
ts 58773.505975
6d 1 [12 1.000][498.948 -576.950 1250.128 -10.1360 5.0334 -173.7691][-0.990259 -0.091493 0.104958 0.108117 -0.980253 0.165572 0.087737 0.175307 0.980597] 
3d 0 
fr 171278
ts 58773.522639
6d 1 [12 1.000][499.088 -576.659 1250.133 -10.1260 5.0342 -173.7277][-0.990180 -0.092217 0.105074 0.108832 -0.980216 0.165324 0.087750 0.175136 0.980626] 
3d 0 
fr 171279
ts 58773.539298
6d 1 [12 1.000][499.136 -576.459 1250.020 -10.1226 5.0414 -173.7196][-0.990153 -0.092340 0.105214 0.108971 -0.980215 0.165237 0.087875 0.175075 0.980626] 
3d 0 
fr 171280
ts 58773.555964
6d 1 [12 1.000][499.046 -576.592 1250.055 -10.1278 5.0421 -173.7248][-0.990162 -0.092240 0.105221 0.108882 -0.980209 0.165334 0.087888 0.175164 0.980609] 
3d 0 
fr 171281
ts 58773.572619
6d 1 [12 1.000][499.002 -576.729 1250.044 -10.1682 5.0389 -173.7408][-0.990197 -0.091901 0.105184 0.108605 -0.980117 0.166060 0.087832 0.175856 0.980490] 
3d 0 
fr 171282
ts 58773.589284
6d 1 [12 1.000][498.852 -576.961 1249.923 -10.2891 5.0477 -173.7426][-0.990187 -0.091621 0.105522 0.108573 -0.979770 0.168115 0.087984 0.177922 0.980103] 
3d 0 
fr 171283
ts 58773.605931
6d 1 [12 1.000][498.602 -577.794 1249.902 -10.3485 5.0594 -173.9540][-0.990563 -0.087860 0.105192 0.104917 -0.979930 0.169499 0.088188 0.178936 0.979900] 
3d 0 
fr 171284
ts 58773.622597
6d 1 [12 1.000][498.659 -577.448 1249.866 -10.3628 5.0677 -173.8682][-0.990392 -0.089276 0.105609 0.106399 -0.979758 0.169570 0.088332 0.179177 0.979843] 
3d 0 
fr 171285
ts 58773.639241
6d 1 [12 1.000][498.654 -577.210 1249.771 -10.3215 5.0772 -173.7893][-0.990230 -0.090672 0.105939 0.107761 -0.979759 0.168701 0.088498 0.178469 0.979958] 
3d 0 
fr 171286
ts 58773.655898
6d 1 [12 1.000][498.683 -576.888 1249.695 -10.3545 5.0883 -173.7250][-0.990092 -0.091674 0.106369 0.108869 -0.979563 0.169125 0.088691 0.179029 0.979838] 
3d 0 
fr 171287
ts 58773.672593
6d 1 [12 1.000][498.861 -576.095 1249.572 -10.3666 5.0950 -173.5591][-0.989762 -0.094468 0.106992 0.111735 -0.979260 0.169010 0.088807 0.179234 0.979790] 
3d 0 
fr 171288
ts 58773.689254
6d 1 [12 1.000][498.918 -575.500 1249.388 -10.3202 5.1002 -173.4326][-0.989505 -0.096700 0.107376 0.113919 -0.979187 0.167971 0.088898 0.178440 0.979927] 
3d 0 
fr 171289
ts 58773.705936
6d 1 [12 1.000][498.898 -575.255 1249.213 -10.3565 5.1040 -173.3969][-0.989428 -0.097231 0.107607 0.114536 -0.979022 0.168517 0.088964 0.179060 0.979808] 
3d 0 
fr 171290
