fr 390987
ts 62434.825791
6d 1 [12 1.000][450.125 402.757 1157.998 11.8776 15.2258 -115.6538][-0.417736 -0.905528 -0.074268 0.869785 -0.374938 -0.320774 0.262624 -0.198596 0.944240] 
3d 2 [8970 1.000][179.459 2801.667 583.579] [9030 1.000][1098.334 -457.379 1533.645] 
fr 390988
ts 62434.842458
6d 1 [12 1.000][449.882 402.563 1157.979 11.8846 15.2333 -115.6371][-0.417468 -0.905639 -0.074419 0.869875 -0.374612 -0.320910 0.262750 -0.198705 0.944181] 
3d 2 [8970 1.000][179.318 2801.771 583.440] [9030 1.000][1098.380 -457.618 1533.966] 
fr 390989
ts 62434.859150
6d 1 [12 1.000][449.786 402.598 1158.037 11.9007 15.2297 -115.6439][-0.417578 -0.905568 -0.074662 0.869841 -0.374640 -0.320971 0.262690 -0.198975 0.944141] 
3d 2 [8970 1.000][179.515 2801.793 583.493] [9030 1.000][1098.261 -457.913 1533.934] 
fr 390990
ts 62434.875808
6d 1 [12 1.000][449.623 402.590 1158.021 11.8926 15.2216 -115.6576][-0.417801 -0.905477 -0.074515 0.869775 -0.374927 -0.320814 0.262552 -0.198848 0.944206] 
3d 2 [8970 1.000][179.222 2801.775 583.480] [9030 1.000][1098.133 -457.930 1534.024] 
fr 390991
ts 62434.892496
6d 1 [12 1.000][449.507 402.688 1158.042 11.9003 15.2252 -115.6774][-0.418096 -0.905343 -0.074499 0.869615 -0.375186 -0.320944 0.262613 -0.198971 0.944164] 
3d 2 [8970 1.000][179.363 2801.881 583.361] [9030 1.000][1098.221 -458.415 1534.158] 
fr 390992
ts 62434.909159
6d 1 [12 1.000][449.498 402.856 1158.063 11.9140 15.2186 -115.7262][-0.418849 -0.904995 -0.074489 0.869286 -0.375901 -0.320999 0.262502 -0.199203 0.944146] 
3d 2 [8970 1.000][179.508 2801.553 583.618] [9030 1.000][1098.035 -458.408 1534.097] 
fr 390993
ts 62434.925837
6d 1 [12 1.000][449.268 402.844 1158.074 11.9239 15.2078 -115.7442][-0.419143 -0.904848 -0.074623 0.869199 -0.376163 -0.320927 0.262320 -0.199376 0.944160] 
3d 2 [8970 1.000][179.363 2801.881 583.361] [9030 1.000][1098.176 -458.830 1534.364] 
fr 390994
ts 62434.942499
6d 1 [12 1.000][448.978 402.752 1158.004 11.9325 15.2045 -115.7597][-0.419385 -0.904730 -0.074695 0.869099 -0.376370 -0.320956 0.262266 -0.199522 0.944144] 
3d 2 [8970 1.000][179.322 2801.546 583.558] [9030 1.000][1098.122 -459.067 1534.495] 
fr 390995
ts 62434.959169
6d 1 [12 1.000][448.856 402.919 1158.068 11.9381 15.1716 -115.7753][-0.419687 -0.904571 -0.074932 0.869121 -0.376688 -0.320524 0.261710 -0.199645 0.944272] 
3d 2 [8970 1.000][179.407 2802.018 583.467] [9030 1.000][1098.063 -459.215 1534.607] 
fr 390996
ts 62434.975832
6d 1 [12 1.000][448.837 403.221 1158.069 11.9407 15.1660 -115.8102][-0.420228 -0.904329 -0.074818 0.868888 -0.377242 -0.320504 0.261617 -0.199694 0.944288] 
3d 2 [8970 1.000][179.068 2801.853 583.302] [9030 1.000][1098.078 -459.366 1534.598] 
fr 390997
ts 62434.992497
6d 1 [12 1.000][448.661 403.263 1158.090 11.9635 15.1389 -115.8810][-0.421355 -0.903791 -0.074976 0.868479 -0.378317 -0.320345 0.261160 -0.200094 0.944329] 
3d 2 [8970 1.000][179.457 2801.903 583.506] [9030 1.000][1098.051 -459.485 1534.682] 
fr 390998
ts 62435.009155
6d 1 [12 1.000][448.486 403.397 1158.103 11.9571 15.1095 -115.9461][-0.422399 -0.903324 -0.074724 0.868120 -0.379471 -0.319952 0.260665 -0.200017 0.944482] 
3d 2 [8970 1.000][179.060 2802.094 583.325] [9030 1.000][1098.054 -459.416 1534.736] 
fr 390999
ts 62435.025817
6d 1 [12 1.000][448.193 403.431 1158.074 11.9442 15.0858 -115.9876][-0.423076 -0.903029 -0.074461 0.867910 -0.380272 -0.319570 0.260266 -0.199827 0.944633] 
3d 2 [8970 1.000][179.419 2801.305 583.591] [9030 1.000][1098.109 -459.670 1534.836] 
fr 391000
ts 62435.042478
6d 1 [12 1.000][447.905 403.515 1157.917 11.8560 15.0561 -116.0326][-0.423816 -0.902799 -0.073034 0.867699 -0.381565 -0.318600 0.259765 -0.198400 0.945071] 
3d 2 [8970 1.000][179.465 2801.662 583.483] [9030 1.000][1097.938 -459.598 1534.858] 
fr 391001
ts 62435.059129
6d 1 [12 1.000][447.770 403.825 1157.901 11.8109 15.0218 -116.0764][-0.424548 -0.902512 -0.072328 0.867514 -0.382613 -0.317847 0.259187 -0.197687 0.945379] 
3d 2 [8970 1.000][179.216 2801.744 583.346] [9030 1.000][1097.980 -459.689 1534.962] 
fr 391002
ts 62435.075791
6d 1 [12 1.000][447.622 404.041 1157.854 11.7942 14.9949 -116.1101][-0.425111 -0.902267 -0.072075 0.867374 -0.383318 -0.317379 0.258733 -0.197438 0.945556] 
3d 2 [8970 1.000][179.508 2801.553 583.618] [9030 1.000][1098.055 -459.634 1534.899] 
fr 391003
ts 62435.092435
6d 1 [12 1.000][447.515 404.209 1157.790 11.7524 14.9639 -116.1525][-0.425815 -0.901988 -0.071407 0.867184 -0.384313 -0.316693 0.258211 -0.196776 0.945836] 
3d 2 [8970 1.000][179.320 2801.991 583.226] [9030 1.000][1098.036 -459.554 1534.892] 
fr 391004
ts 62435.109098
6d 1 [12 1.000][447.463 404.433 1157.687 11.7029 14.9415 -116.1767][-0.426225 -0.901853 -0.070659 0.867096 -0.385036 -0.316058 0.257832 -0.195980 0.946105] 
3d 2 [8970 1.000][179.459 2801.667 583.579] [9030 1.000][1097.981 -459.573 1534.860] 
fr 391005
ts 62435.125781
6d 1 [12 1.000][447.303 404.486 1157.590 11.6703 14.9229 -116.1933][-0.426514 -0.901754 -0.070187 0.867046 -0.385535 -0.315584 0.257519 -0.195457 0.946298] 
3d 2 [8970 1.000][179.652 2801.669 583.543] [9030 1.000][1098.099 -459.494 1534.798] 
fr 391006
ts 62435.142446
6d 1 [12 1.000][447.148 404.544 1157.465 11.6203 14.9080 -116.1463][-0.425832 -0.902108 -0.069768 0.867456 -0.385116 -0.314970 0.257268 -0.194645 0.946534] 
3d 2 [8970 1.000][179.077 2802.314 582.964] [9030 1.000][1097.993 -459.305 1534.822] 
fr 391007
ts 62435.159129
6d 1 [12 1.000][447.131 404.746 1157.417 11.5862 14.9278 -116.1356][-0.425631 -0.902251 -0.069145 0.867455 -0.385075 -0.315021 0.257602 -0.194063 0.946563] 
3d 2 [8970 1.000][179.510 2801.317 583.692] [9030 1.000][1098.194 -459.304 1534.872] 
fr 391008
ts 62435.175790
6d 1 [12 1.000][447.307 405.230 1157.340 11.5237 15.0040 -116.1323][-0.425430 -0.902461 -0.067625 0.867172 -0.385135 -0.315727 0.258887 -0.192962 0.946437] 
3d 2 [8970 1.000][179.324 2802.012 583.315] [9030 1.000][1098.082 -459.084 1534.782] 
fr 391009
ts 62435.192465
6d 1 [12 1.000][447.573 405.662 1157.394 11.5009 15.0229 -116.1477][-0.425625 -0.902413 -0.067044 0.866981 -0.385446 -0.315873 0.259206 -0.192569 0.946430] 
3d 2 [8970 1.000][179.276 2801.645 583.379] [9030 1.000][1098.263 -459.276 1534.892] 
fr 391010
ts 62435.209127
6d 1 [12 1.000][447.200 405.180 1157.364 11.4970 14.9778 -116.1648][-0.425973 -0.902236 -0.067216 0.867037 -0.385872 -0.315197 0.258445 -0.192544 0.946643] 
3d 2 [8970 1.000][179.473 2801.211 583.720] [9030 1.000][1097.977 -458.997 1534.867] 
fr 391011
ts 62435.225793
6d 1 [12 1.000][447.028 405.013 1157.323 11.5093 14.9632 -116.1670][-0.426036 -0.902184 -0.067504 0.867079 -0.385884 -0.315067 0.258199 -0.192761 0.946666] 
3d 2 [8970 1.000][179.280 2801.875 583.209] [9030 1.000][1098.054 -459.203 1534.866] 
fr 391012
ts 62435.242458
6d 1 [12 1.000][446.846 404.797 1157.370 11.5299 14.9434 -116.1809][-0.426286 -0.902037 -0.067897 0.867056 -0.386050 -0.314927 0.257864 -0.193119 0.946684] 
3d 2 [8970 1.000][179.508 2801.306 583.647] [9030 1.000][1098.038 -459.383 1534.885] 
fr 391013
ts 62435.259119
6d 1 [12 1.000][447.092 405.144 1157.471 11.5204 14.9324 -116.1778][-0.426260 -0.902053 -0.067845 0.867124 -0.386085 -0.314697 0.257680 -0.192973 0.946764] 
3d 2 [8970 1.000][179.361 2801.625 583.345] [9030 1.000][1098.016 -459.474 1534.885] 
fr 391014
ts 62435.275780
6d 1 [12 1.000][447.257 405.312 1157.535 11.5150 14.9239 -116.1883][-0.426437 -0.901975 -0.067764 0.867080 -0.386307 -0.314547 0.257536 -0.192892 0.946820] 
3d 2 [8970 1.000][179.222 2801.739 583.250] [9030 1.000][1098.032 -459.628 1535.132] 
fr 391015
ts 62435.292435
6d 1 [12 1.000][447.534 405.539 1157.637 11.5405 14.9099 -116.2143][-0.426857 -0.901749 -0.068126 0.866943 -0.386618 -0.314542 0.257299 -0.193326 0.946796] 
3d 2 [8970 1.000][179.605 2801.066 583.680] [9030 1.000][1098.086 -459.997 1535.335] 
fr 391016
ts 62435.309097
6d 1 [12 1.000][447.111 404.871 1157.620 11.5990 14.8998 -116.2470][-0.427372 -0.901444 -0.068939 0.866739 -0.386842 -0.314827 0.257130 -0.194300 0.946642] 
3d 2 [8970 1.000][179.088 2802.329 582.957] [9030 1.000][1097.985 -459.996 1535.182] 
fr 391017
ts 62435.325740
6d 1 [12 1.000][447.119 404.844 1157.583 11.5797 14.8932 -116.2764][-0.427830 -0.901258 -0.068522 0.866547 -0.387431 -0.314633 0.257018 -0.193987 0.946737] 
3d 2 [8970 1.000][179.566 2801.443 583.606] [9030 1.000][1098.115 -460.298 1535.316] 
fr 391018
ts 62435.342405
6d 1 [12 1.000][447.208 405.064 1157.651 11.5750 14.8832 -116.3022][-0.428240 -0.901074 -0.068381 0.866394 -0.387892 -0.314485 0.256850 -0.193920 0.946796] 
3d 2 [8970 1.000][179.272 2801.661 583.519] [9030 1.000][1097.847 -459.997 1535.236] 
fr 391019
ts 62435.359098
6d 1 [12 1.000][447.199 405.186 1157.648 11.5536 14.8733 -116.3112][-0.428396 -0.901024 -0.068067 0.866366 -0.388182 -0.314204 0.256683 -0.193574 0.946912] 
3d 2 [8970 1.000][179.029 2801.947 583.027] [9030 1.000][1097.884 -460.114 1535.388] 
fr 391020
ts 62435.375762
6d 1 [12 1.000][447.236 405.368 1157.704 11.5676 14.8630 -116.3256][-0.428634 -0.900894 -0.068283 0.866300 -0.388363 -0.314162 0.256508 -0.193815 0.946910] 
3d 2 [8970 1.000][179.574 2800.746 583.871] [9030 1.000][1097.981 -460.285 1535.328] 
fr 391021
ts 62435.392446
6d 1 [12 1.000][447.315 405.526 1157.732 11.5552 14.8519 -116.3425][-0.428911 -0.900778 -0.068077 0.866218 -0.388730 -0.313935 0.256322 -0.193619 0.947001] 
3d 2 [8970 1.000][179.372 2801.886 583.309] [9030 1.000][1097.862 -460.206 1535.388] 
fr 391022
ts 62435.409108
6d 1 [12 1.000][447.251 405.522 1157.730 11.5372 14.8410 -116.3606][-0.429207 -0.900660 -0.067775 0.866127 -0.389146 -0.313672 0.256137 -0.193332 0.947110] 
3d 2 [8970 1.000][179.166 2801.859 583.307] [9030 1.000][1098.039 -460.310 1535.480] 
fr 391023
ts 62435.425785
6d 1 [12 1.000][447.083 405.539 1157.748 11.5139 14.7873 -116.3744][-0.429522 -0.900513 -0.067728 0.866238 -0.389653 -0.312735 0.255231 -0.192995 0.947423] 
3d 2 [8970 1.000][179.414 2801.075 583.761] [9030 1.000][1097.988 -460.419 1535.503] 
fr 391024
ts 62435.442450
6d 1 [12 1.000][447.100 405.767 1157.789 11.4959 14.7625 -116.3912][-0.429826 -0.900383 -0.067535 0.866210 -0.390091 -0.312264 0.254812 -0.192719 0.947592] 
3d 2 [8970 1.000][179.241 2802.215 582.904] [9030 1.000][1097.907 -460.502 1535.651] 
fr 391025
ts 62435.459120
6d 1 [12 1.000][446.914 405.655 1157.818 11.4960 14.7391 -116.4103][-0.430160 -0.900218 -0.067604 0.866160 -0.390460 -0.311942 0.254419 -0.192741 0.947693] 
3d 2 [8970 1.000][179.517 2801.557 583.567] [9030 1.000][1097.940 -460.848 1535.751] 
fr 391026
ts 62435.475782
6d 1 [12 1.000][446.722 405.573 1157.855 11.4902 14.6888 -116.4261][-0.430498 -0.900042 -0.067799 0.866241 -0.390891 -0.311175 0.253569 -0.192690 0.947931] 
3d 2 [8970 1.000][179.317 2801.525 583.469] [9030 1.000][1097.868 -461.107 1535.936] 
fr 391027
ts 62435.492447
6d 1 [12 1.000][446.665 405.642 1157.992 11.4930 14.6343 -116.4446][-0.430885 -0.899830 -0.068143 0.866318 -0.391331 -0.310409 0.252649 -0.192784 0.948157] 
3d 2 [8970 1.000][179.179 2802.094 583.086] [9030 1.000][1097.837 -461.296 1535.967] 
fr 391028
ts 62435.509108
6d 1 [12 1.000][446.684 405.630 1158.036 11.4983 14.6264 -116.4741][-0.431347 -0.899610 -0.068125 0.866127 -0.391789 -0.310364 0.252516 -0.192880 0.948174] 
3d 2 [8970 1.000][179.510 2801.317 583.692] [9030 1.000][1097.788 -461.348 1536.049] 
fr 391029
ts 62435.525762
6d 1 [12 1.000][446.564 405.524 1158.087 11.4984 14.5733 -116.5253][-0.432225 -0.899180 -0.068242 0.865950 -0.392753 -0.309638 0.251618 -0.192927 0.948403] 
3d 2 [8970 1.000][179.274 2801.880 583.305] [9030 1.000][1097.784 -461.478 1536.194] 
fr 391030
ts 62435.542428
6d 1 [12 1.000][446.666 405.528 1158.174 11.5020 14.5329 -116.5634][-0.432880 -0.898854 -0.068391 0.865821 -0.393452 -0.309111 0.250936 -0.193022 0.948564] 
3d 2 [8970 1.000][179.359 2801.651 583.530] [9030 1.000][1097.827 -461.453 1536.196] 
fr 391031
ts 62435.559075
6d 1 [12 1.000][446.653 405.430 1158.146 11.5034 14.5059 -116.6043][-0.433550 -0.898531 -0.068392 0.865618 -0.394167 -0.308769 0.250480 -0.193068 0.948675] 
3d 2 [8970 1.000][179.507 2801.788 583.545] [9030 1.000][1097.878 -461.503 1536.174] 
fr 391032
ts 62435.575741
6d 1 [12 1.000][446.836 405.432 1158.212 11.5086 14.4814 -116.6909][-0.434906 -0.897890 -0.068190 0.865057 -0.395571 -0.308545 0.250065 -0.193176 0.948762] 
3d 2 [8970 1.000][179.079 2802.078 583.037] [9030 1.000][1097.904 -461.226 1536.125] 
fr 391033
ts 62435.592385
6d 1 [12 1.000][446.997 405.427 1158.264 11.5098 14.4488 -116.7456][-0.435795 -0.897461 -0.068157 0.864768 -0.396519 -0.308137 0.249515 -0.193224 0.948897] 
3d 2 [8970 1.000][179.317 2801.069 583.756] [9030 1.000][1097.856 -460.944 1535.941] 
fr 391034
ts 62435.609047
6d 1 [12 1.000][447.140 405.332 1158.296 11.5149 14.4452 -116.8008][-0.436635 -0.897067 -0.067967 0.864363 -0.397367 -0.308183 0.249453 -0.193312 0.948896] 
3d 2 [8970 1.000][179.320 2801.781 583.485] [9030 1.000][1097.864 -460.746 1535.849] 
fr 391035
ts 62435.625736
6d 1 [12 1.000][446.945 404.782 1158.214 11.5209 14.4071 -116.8577][-0.437569 -0.896607 -0.068040 0.864076 -0.398340 -0.307731 0.248810 -0.193445 0.949038] 
3d 2 [8970 1.000][179.121 2801.995 583.357] [9030 1.000][1097.916 -460.465 1535.819] 
fr 391036
ts 62435.642398
6d 1 [12 1.000][447.097 404.692 1158.212 11.5232 14.3700 -116.9037][-0.438335 -0.896227 -0.068107 0.863868 -0.399159 -0.307252 0.248182 -0.193515 0.949188] 
3d 2 [8970 1.000][179.321 2800.844 583.875] [9030 1.000][1097.868 -460.025 1535.633] 
fr 391037
ts 62435.659080
6d 1 [12 1.000][447.560 404.942 1158.221 11.5255 14.3507 -116.9512][-0.439089 -0.895864 -0.068033 0.863578 -0.399948 -0.307041 0.247857 -0.193570 0.949262] 
3d 2 [8970 1.000][179.264 2801.865 583.311] [9030 1.000][1098.054 -459.759 1535.626] 
fr 391038
ts 62435.675742
6d 1 [12 1.000][447.645 404.747 1158.221 11.5294 14.3236 -117.0096][-0.440023 -0.895409 -0.067984 0.863234 -0.400922 -0.306737 0.247399 -0.193658 0.949363] 
3d 2 [8970 1.000][179.464 2800.960 583.800] [9030 1.000][1098.078 -459.436 1535.421] 
fr 391039
ts 62435.692417
6d 1 [12 1.000][447.849 404.768 1158.197 11.5261 14.3046 -117.0641][-0.440880 -0.895003 -0.067785 0.862889 -0.401848 -0.306497 0.247076 -0.193619 0.949455] 
3d 2 [8970 1.000][179.462 2801.196 583.726] [9030 1.000][1098.051 -458.904 1535.235] 
fr 391040
ts 62435.709079
6d 1 [12 1.000][448.183 404.964 1158.141 11.5193 14.3843 -117.1205][-0.441572 -0.894737 -0.066774 0.862148 -0.402526 -0.307691 0.248425 -0.193437 0.949140] 
3d 2 [8970 1.000][179.222 2801.985 583.221] [9030 1.000][1098.087 -458.689 1535.157] 
fr 391041
ts 62435.725742
6d 1 [12 1.000][448.106 404.746 1158.092 11.5096 14.3499 -117.1596][-0.442229 -0.894420 -0.066674 0.861979 -0.403292 -0.307161 0.247842 -0.193307 0.949319] 
3d 2 [8970 1.000][179.420 2800.614 583.952] [9030 1.000][1098.079 -458.396 1534.980] 
fr 391042
ts 62435.742408
6d 1 [12 1.000][448.216 404.678 1158.140 11.4759 14.3018 -117.1958][-0.442868 -0.894131 -0.066318 0.861884 -0.404181 -0.306257 0.247029 -0.192790 0.949636] 
3d 2 [8970 1.000][179.373 2801.651 583.383] [9030 1.000][1098.122 -458.371 1534.982] 
fr 391043
ts 62435.759070
6d 1 [12 1.000][448.317 404.777 1158.229 11.4677 14.2687 -117.2324][-0.443484 -0.893831 -0.066245 0.861728 -0.404895 -0.305754 0.246470 -0.192682 0.949803] 
3d 2 [8970 1.000][179.382 2801.656 583.332] [9030 1.000][1098.272 -458.320 1535.053] 
fr 391044
ts 62435.775733
6d 1 [12 1.000][448.569 405.047 1158.346 11.4732 14.2361 -117.2845][-0.444332 -0.893406 -0.066300 0.861449 -0.405776 -0.305372 0.245918 -0.192801 0.949922] 
3d 2 [8970 1.000][179.617 2801.574 583.616] [9030 1.000][1098.211 -458.208 1535.103] 
fr 391045
ts 62435.792387
6d 1 [12 1.000][448.544 404.996 1158.380 11.4791 14.1866 -117.3350][-0.445188 -0.892964 -0.066501 0.861245 -0.406680 -0.304743 0.245080 -0.192942 0.950110] 
3d 2 [8970 1.000][179.334 2801.990 583.079] [9030 1.000][1098.160 -458.099 1534.963] 
fr 391046
ts 62435.809048
6d 1 [12 1.000][448.480 405.014 1158.316 11.4353 14.0760 -117.3857][-0.446167 -0.892484 -0.066393 0.861269 -0.408032 -0.302861 0.243208 -0.192309 0.950719] 
3d 2 [8970 1.000][179.614 2801.563 583.571] [9030 1.000][1098.244 -458.063 1534.972] 
fr 391047
ts 62435.825696
6d 1 [12 1.000][448.515 405.185 1158.312 11.3685 14.0496 -117.4397][-0.447031 -0.892134 -0.065269 0.860947 -0.409305 -0.302059 0.242762 -0.191222 0.951052] 
3d 2 [8970 1.000][179.417 2801.787 583.489] [9030 1.000][1098.106 -457.846 1534.863] 
fr 391048
ts 62435.842357
6d 1 [12 1.000][448.441 405.194 1158.227 11.3146 13.9722 -117.4931][-0.447984 -0.891694 -0.064741 0.860821 -0.410649 -0.300592 0.241450 -0.190391 0.951553] 
3d 2 [8970 1.000][179.380 2801.891 583.258] [9030 1.000][1098.250 -457.762 1534.820] 
fr 391049
ts 62435.859048
6d 1 [12 1.000][448.489 405.323 1158.116 11.2876 13.9589 -117.5517][-0.448889 -0.891285 -0.064116 0.860412 -0.411739 -0.300270 0.241227 -0.189954 0.951697] 
3d 2 [8970 1.000][179.417 2801.787 583.489] [9030 1.000][1098.276 -457.759 1534.838] 
fr 391050
ts 62435.875713
6d 1 [12 1.000][448.592 405.418 1158.113 11.2692 13.9103 -117.6178][-0.449976 -0.890754 -0.063858 0.860074 -0.413007 -0.299495 0.240402 -0.189688 0.951959] 
3d 2 [8970 1.000][179.231 2802.236 583.141] [9030 1.000][1098.319 -457.734 1534.840] 
fr 391051
ts 62435.892394
6d 1 [12 1.000][448.652 405.423 1158.106 11.2543 13.8513 -117.7612][-0.452242 -0.889644 -0.063333 0.859165 -0.415485 -0.298677 0.239402 -0.189488 0.952250] 
3d 2 [8970 1.000][179.511 2802.265 583.346] [9030 1.000][1098.097 -457.176 1534.520] 
fr 391052
ts 62435.909059
6d 1 [12 1.000][448.721 405.614 1158.047 11.2156 13.7778 -117.8244][-0.453333 -0.889114 -0.062974 0.858936 -0.416883 -0.297385 0.238156 -0.188905 0.952679] 
3d 2 [8970 1.000][179.475 2801.677 583.477] [9030 1.000][1098.434 -457.449 1534.620] 
fr 391053
ts 62435.925734
6d 1 [12 1.000][448.714 405.731 1157.988 11.1725 13.7093 -117.8985][-0.454577 -0.888515 -0.062454 0.858600 -0.418456 -0.296145 0.236995 -0.188243 0.953099] 
3d 2 [8970 1.000][179.224 2801.995 583.266] [9030 1.000][1098.275 -457.165 1534.510] 
fr 391054
ts 62435.942400
6d 1 [12 1.000][448.757 405.935 1157.971 11.1424 13.6455 -117.9759][-0.455859 -0.887884 -0.062085 0.858217 -0.419995 -0.295072 0.235915 -0.187794 0.953456] 
3d 2 [8970 1.000][179.519 2801.322 583.641] [9030 1.000][1098.320 -457.127 1534.469] 
fr 391055
ts 62435.959072
6d 1 [12 1.000][448.709 406.032 1157.966 11.0887 13.5427 -118.0348][-0.456940 -0.887352 -0.061754 0.858120 -0.421480 -0.293230 0.234170 -0.186981 0.954045] 
3d 2 [8970 1.000][179.319 2801.535 583.513] [9030 1.000][1098.284 -457.068 1534.479] 
fr 391056
ts 62435.975734
6d 1 [12 1.000][448.598 406.130 1157.953 11.0307 13.4546 -118.0901][-0.457937 -0.886871 -0.061264 0.857995 -0.422886 -0.291567 0.232675 -0.186084 0.954586] 
3d 2 [8970 1.000][179.367 2801.656 583.479] [9030 1.000][1098.375 -457.166 1534.663] 
fr 391057
ts 62435.992395
6d 1 [12 1.000][448.466 406.211 1157.927 10.9797 13.4170 -118.1227][-0.458496 -0.886628 -0.060604 0.857870 -0.423756 -0.290672 0.232037 -0.185263 0.954901] 
3d 2 [8970 1.000][179.322 2801.546 583.558] [9030 1.000][1098.313 -457.052 1534.493] 
fr 391058
ts 62436.009060
6d 1 [12 1.000][448.261 406.211 1157.879 10.9283 13.3692 -118.1060][-0.458338 -0.886732 -0.060269 0.858173 -0.423895 -0.289572 0.231225 -0.184443 0.955257] 
3d 2 [8970 1.000][179.227 2802.006 583.311] [9030 1.000][1098.227 -456.987 1534.423] 
fr 391059
ts 62436.025719
6d 1 [12 1.000][448.320 406.439 1157.894 10.9004 13.3241 -118.1571][-0.459189 -0.886315 -0.059933 0.857924 -0.424954 -0.288755 0.230459 -0.184011 0.955525] 
3d 2 [8970 1.000][179.432 2801.787 583.342] [9030 1.000][1098.297 -457.018 1534.605] 
fr 391060
ts 62436.042381
6d 1 [12 1.000][448.139 406.554 1158.000 10.8852 13.2862 -118.1743][-0.459518 -0.886146 -0.059910 0.857921 -0.425403 -0.288103 0.229816 -0.183787 0.955723] 
3d 2 [8970 1.000][179.465 2801.662 583.483] [9030 1.000][1098.291 -457.204 1534.691] 
fr 391061
ts 62436.059027
6d 1 [12 1.000][447.947 406.706 1158.056 10.8494 13.2253 -118.1698][-0.459566 -0.886124 -0.059858 0.858171 -0.425687 -0.286937 0.228781 -0.183235 0.956078] 
3d 2 [8970 1.000][179.459 2801.667 583.579] [9030 1.000][1098.367 -457.310 1534.886] 
fr 391062
ts 62436.075693
6d 1 [12 1.000][447.781 407.052 1158.037 10.7960 13.1619 -118.1710][-0.459703 -0.886076 -0.059527 0.858385 -0.426149 -0.285609 0.227704 -0.182393 0.956496] 
3d 2 [8970 1.000][179.382 2801.902 583.303] [9030 1.000][1098.190 -457.048 1534.829] 
fr 391063
ts 62436.092338
6d 1 [12 1.000][447.644 407.368 1158.030 10.7460 13.1137 -118.2015][-0.460250 -0.885828 -0.058982 0.858308 -0.427005 -0.284558 0.226884 -0.181592 0.956843] 
3d 2 [8970 1.000][179.421 2801.316 583.636] [9030 1.000][1098.297 -457.180 1534.900] 
fr 391064
ts 62436.109001
6d 1 [12 1.000][447.727 407.974 1158.034 10.6899 13.1424 -118.2416][-0.460797 -0.885629 -0.057690 0.857886 -0.427823 -0.284603 0.227372 -0.180636 0.956908] 
3d 2 [8970 1.000][179.318 2801.771 583.440] [9030 1.000][1098.220 -457.133 1534.903] 
fr 391065
ts 62436.125684
6d 1 [12 1.000][447.588 408.444 1158.082 10.6061 13.0640 -118.2417][-0.460945 -0.885595 -0.057013 0.858158 -0.428456 -0.282824 0.226040 -0.179293 0.957476] 
3d 2 [8970 1.000][179.181 2801.649 583.419] [9030 1.000][1098.252 -457.162 1535.036] 
fr 391066
ts 62436.142351
6d 1 [12 1.000][446.988 408.255 1158.022 10.4878 12.9558 -118.2407][-0.461132 -0.885560 -0.056045 0.858541 -0.429320 -0.280343 0.224199 -0.177392 0.958262] 
3d 2 [8970 1.000][179.374 2801.441 583.642] [9030 1.000][1098.275 -457.331 1535.099] 
fr 391067
ts 62436.159032
6d 1 [12 1.000][446.782 408.589 1157.847 10.3972 12.8521 -118.2781][-0.461883 -0.885216 -0.055284 0.858596 -0.430620 -0.278171 0.222435 -0.175949 0.958939] 
3d 2 [8970 1.000][179.465 2801.662 583.483] [9030 1.000][1098.138 -457.331 1535.153] 
fr 391068
ts 62436.175695
6d 1 [12 1.000][446.755 409.047 1157.939 10.3991 12.8363 -118.3163][-0.462485 -0.884904 -0.055254 0.858341 -0.431244 -0.277990 0.222166 -0.175992 0.958994] 
3d 2 [8970 1.000][179.319 2801.289 583.542] [9030 1.000][1098.165 -457.489 1535.431] 
fr 391069
ts 62436.192370
6d 1 [12 1.000][446.642 409.461 1157.936 10.3421 12.7883 -118.3998][-0.463823 -0.884259 -0.054352 0.857830 -0.432939 -0.276933 0.221349 -0.175072 0.959351] 
3d 2 [8970 1.000][179.426 2801.792 583.438] [9030 1.000][1098.222 -457.730 1535.525] 
fr 391070
ts 62436.209032
6d 1 [12 1.000][446.378 409.822 1157.933 10.2719 12.7261 -118.4024][-0.463977 -0.884215 -0.053751 0.858020 -0.433484 -0.275488 0.220291 -0.173940 0.959801] 
3d 2 [8970 1.000][179.125 2801.979 583.217] [9030 1.000][1098.219 -457.744 1535.567] 
fr 391071
ts 62436.225699
6d 1 [12 1.000][446.214 410.259 1157.924 10.1977 12.6638 -118.4446][-0.464721 -0.883875 -0.052900 0.857888 -0.434656 -0.274047 0.219230 -0.172738 0.960260] 
3d 2 [8970 1.000][179.418 2800.850 583.879] [9030 1.000][1098.082 -457.628 1535.519] 
fr 391072
ts 62436.242362
6d 1 [12 1.000][446.030 410.638 1157.759 10.1097 12.5938 -118.4714][-0.465251 -0.883652 -0.051974 0.857905 -0.435675 -0.272371 0.218037 -0.171310 0.960788] 
3d 2 [8970 1.000][179.430 2802.023 583.268] [9030 1.000][1098.108 -457.684 1535.736] 
fr 391073
ts 62436.259021
6d 1 [12 1.000][445.699 410.842 1157.699 10.0415 12.5277 -118.5004][-0.465805 -0.883398 -0.051315 0.857890 -0.436619 -0.270904 0.216911 -0.170211 0.961238] 
3d 2 [8970 1.000][179.222 2801.529 583.509] [9030 1.000][1098.153 -457.762 1535.798] 
fr 391074
ts 62436.275685
6d 1 [12 1.000][445.442 411.179 1157.698 9.9865 12.4501 -118.5301][-0.466389 -0.883112 -0.050948 0.857906 -0.437537 -0.269367 0.215589 -0.169339 0.961689] 
3d 2 [8970 1.000][179.519 2801.322 583.641] [9030 1.000][1098.270 -458.174 1536.005] 
fr 391075
ts 62436.292340
6d 1 [12 1.000][445.155 411.489 1157.672 9.9269 12.4014 -118.5589][-0.466908 -0.882875 -0.050285 0.857832 -0.438387 -0.268218 0.214759 -0.168369 0.962045] 
3d 2 [8970 1.000][179.120 2801.958 583.127] [9030 1.000][1098.133 -458.015 1536.057] 
fr 391076
ts 62436.309002
6d 1 [12 1.000][444.818 411.642 1157.752 9.8784 12.3322 -118.5903][-0.467501 -0.882580 -0.049947 0.857803 -0.439275 -0.266855 0.213580 -0.167600 0.962442] 
3d 2 [8970 1.000][179.562 2800.966 583.804] [9030 1.000][1098.095 -458.230 1536.172] 
fr 391077
ts 62436.325646
6d 1 [12 1.000][444.566 411.941 1157.817 9.8156 12.2309 -118.6208][-0.468138 -0.882259 -0.049653 0.857885 -0.440295 -0.264903 0.211851 -0.166608 0.962996] 
3d 2 [8970 1.000][179.324 2802.012 583.315] [9030 1.000][1098.091 -458.360 1536.316] 
fr 391078
ts 62436.342311
6d 1 [12 1.000][444.129 412.069 1157.821 9.7485 12.0871 -118.6501][-0.468830 -0.881892 -0.049645 0.858109 -0.441422 -0.262291 0.209398 -0.165571 0.963711] 
3d 2 [8970 1.000][179.018 2801.722 583.292] [9030 1.000][1098.095 -458.666 1536.535] 
fr 391079
ts 62436.358951
6d 1 [12 1.000][443.919 412.370 1157.819 9.6826 11.9811 -118.6912][-0.469630 -0.881486 -0.049298 0.858111 -0.442622 -0.260253 0.207589 -0.164526 0.964281] 
3d 2 [8970 1.000][179.558 2801.438 583.657] [9030 1.000][1098.071 -458.771 1536.577] 
fr 391080
ts 62436.375607
6d 1 [12 1.000][443.767 412.668 1157.847 9.6200 11.8745 -118.8443][-0.472108 -0.880205 -0.048506 0.857189 -0.445527 -0.258326 0.205769 -0.163537 0.964839] 
3d 2 [8970 1.000][179.234 2801.974 583.029] [9030 1.000][1098.032 -458.726 1536.629] 
fr 391081
ts 62436.392301
6d 1 [12 1.000][443.549 413.109 1157.785 9.5359 11.7592 -118.9230][-0.473483 -0.879505 -0.047800 0.856901 -0.447399 -0.256036 0.203799 -0.162189 0.965485] 
3d 2 [8970 1.000][179.414 2801.075 583.761] [9030 1.000][1098.073 -458.817 1536.733] 
fr 391082
ts 62436.408961
6d 1 [12 1.000][443.374 413.548 1157.778 9.3883 11.6392 -119.0299][-0.475287 -0.878625 -0.046040 0.856388 -0.449990 -0.253198 0.201748 -0.159770 0.966318] 
3d 2 [8970 1.000][179.417 2801.787 583.489] [9030 1.000][1098.106 -458.889 1536.765] 
fr 391083
ts 62436.425638
6d 1 [12 1.000][443.005 413.964 1157.637 9.2428 11.4699 -119.1174][-0.476883 -0.877823 -0.044815 0.856177 -0.452380 -0.249625 0.198853 -0.157411 0.967305] 
3d 2 [8970 1.000][179.012 2802.183 583.101] [9030 1.000][1097.979 -458.633 1536.787] 
fr 391084
ts 62436.442303
6d 1 [12 1.000][442.759 414.446 1157.484 9.1598 11.4300 -119.2414][-0.478803 -0.876852 -0.043334 0.855264 -0.454735 -0.248474 0.198170 -0.156032 0.967669] 
3d 2 [8970 1.000][179.514 2800.845 583.839] [9030 1.000][1098.084 -458.664 1536.798] 
fr 391085
ts 62436.458975
6d 1 [12 1.000][442.353 414.864 1157.283 9.0637 11.3370 -119.3695][-0.480870 -0.875782 -0.042079 0.854471 -0.457328 -0.246435 0.196579 -0.154459 0.968245] 
3d 2 [8970 1.000][179.417 2801.997 583.230] [9030 1.000][1098.103 -458.529 1536.935] 
fr 391086
ts 62436.475638
6d 1 [12 1.000][441.993 415.572 1157.227 8.9598 11.2168 -119.4763][-0.482665 -0.874844 -0.041032 0.853930 -0.459686 -0.243912 0.194523 -0.152766 0.968929] 
3d 2 [8970 1.000][179.321 2801.300 583.587] [9030 1.000][1098.042 -458.301 1536.919] 
fr 391087
ts 62436.492302
6d 1 [12 1.000][441.571 416.301 1157.199 8.8189 11.0291 -119.5668][-0.484324 -0.873971 -0.040065 0.853716 -0.462094 -0.240078 0.191307 -0.150480 0.969926] 
3d 2 [8970 1.000][179.216 2801.535 583.605] [9030 1.000][1098.136 -458.112 1536.992] 
fr 391088
ts 62436.508964
6d 1 [12 1.000][441.277 417.093 1157.149 8.6821 10.8630 -119.6823][-0.486317 -0.872916 -0.038890 0.853216 -0.464801 -0.236607 0.188462 -0.148247 0.970827] 
3d 2 [8970 1.000][179.066 2802.298 582.970] [9030 1.000][1098.031 -457.807 1536.913] 
fr 391089
ts 62436.525619
6d 1 [12 1.000][440.883 417.737 1156.910 8.5065 10.7573 -119.8200][-0.488538 -0.871777 -0.036540 0.852345 -0.467853 -0.233711 0.186649 -0.145322 0.971619] 
3d 2 [8970 1.000][179.660 2801.218 583.780] [9030 1.000][1098.166 -457.490 1536.928] 
fr 391090
ts 62436.542285
6d 1 [12 1.000][440.555 418.619 1156.726 8.3461 10.5864 -119.9284][-0.490425 -0.870776 -0.035107 0.851898 -0.470522 -0.229952 0.183718 -0.142682 0.972569] 
3d 2 [8970 1.000][179.322 2802.001 583.270] [9030 1.000][1098.159 -457.085 1536.941] 
fr 391091
ts 62436.558935
6d 1 [12 1.000][439.993 419.365 1156.461 8.1231 10.3526 -120.0166][-0.492107 -0.869896 -0.033354 0.851784 -0.473245 -0.224728 0.179706 -0.139001 0.973850] 
3d 2 [8970 1.000][179.322 2802.001 583.270] [9030 1.000][1098.123 -456.752 1536.883] 
fr 391092
ts 62436.575597
6d 1 [12 1.000][439.615 420.209 1156.292 7.9566 10.2110 -120.1234][-0.493915 -0.868935 -0.031618 0.851248 -0.475807 -0.221326 0.177274 -0.136231 0.974687] 
3d 2 [8970 1.000][179.510 2801.317 583.692] [9030 1.000][1098.227 -456.466 1536.926] 
fr 391093
ts 62436.592242
6d 1 [12 1.000][439.127 420.746 1156.082 7.8589 10.1337 -120.2358][-0.495704 -0.867961 -0.030365 0.850483 -0.478045 -0.219436 0.175946 -0.134600 0.975154] 
3d 2 [8970 1.000][179.170 2801.843 583.166] [9030 1.000][1098.317 -456.129 1536.783] 
fr 391094
ts 62436.608904
6d 1 [12 1.000][438.563 421.393 1155.862 7.6437 9.9368 -120.3131][-0.497153 -0.867194 -0.028505 0.850330 -0.480425 -0.214780 0.172562 -0.131017 0.976246] 
3d 2 [8970 1.000][179.462 2801.196 583.726] [9030 1.000][1098.298 -455.775 1536.671] 
fr 391095
ts 62436.625593
6d 1 [12 1.000][438.378 422.359 1155.789 7.5594 9.8202 -120.3594][-0.498017 -0.866713 -0.028060 0.850229 -0.481670 -0.212380 0.170556 -0.129626 0.976784] 
3d 2 [8970 1.000][179.428 2801.557 583.511] [9030 1.000][1098.369 -455.575 1536.684] 
fr 391096
ts 62436.642255
6d 1 [12 1.000][438.039 423.204 1155.628 7.3975 9.6788 -120.4882][-0.500139 -0.865544 -0.026361 0.849467 -0.484485 -0.208996 0.168124 -0.126920 0.977561] 
3d 1 [8970 1.000][179.126 2801.743 583.290] 
fr 391097
ts 62436.658933
6d 1 [12 1.000][437.464 423.755 1155.237 7.2431 9.6211 -120.4933][-0.500300 -0.865505 -0.024509 0.849569 -0.485230 -0.206845 0.167133 -0.124306 0.978067] 
3d 1 [8970 1.000][179.512 2801.081 583.765] 
fr 391098
ts 62436.675600
6d 1 [12 1.000][437.124 424.572 1155.065 7.0916 9.5059 -120.5271][-0.500972 -0.865156 -0.023098 0.849561 -0.486498 -0.203878 0.165149 -0.121760 0.978724] 
3d 1 [8970 1.000][179.330 2802.006 583.219] 
fr 391099
ts 62436.692274
6d 1 [12 1.000][436.912 425.399 1154.952 6.9673 9.4171 -120.5683][-0.501711 -0.864759 -0.021848 0.849420 -0.487720 -0.201531 0.163621 -0.119668 0.979238] 
3d 1 [8970 1.000][179.365 2801.190 583.722] 
fr 391100
ts 62436.708936
6d 1 [12 1.000][436.610 426.059 1154.856 6.8442 9.3438 -120.6084][-0.502411 -0.864386 -0.020488 0.849248 -0.488886 -0.199419 0.162359 -0.117590 0.979700] 
3d 1 [8970 1.000][179.428 2801.557 583.511] 
fr 391101
ts 62436.725602
6d 1 [12 1.000][436.061 426.233 1154.617 6.7993 9.2800 -120.6215][-0.502698 -0.864223 -0.020321 0.849288 -0.489353 -0.198100 0.161259 -0.116843 0.979971] 
3d 1 [8970 1.000][179.228 2801.770 583.384] 
fr 391102
ts 62436.742267
6d 1 [12 1.000][435.630 426.658 1154.578 6.7302 9.1682 -120.6666][-0.503526 -0.863746 -0.020098 0.849161 -0.490466 -0.195879 0.159333 -0.115696 0.980422] 
3d 1 [8970 1.000][179.461 2801.432 583.653] 
fr 391103
ts 62436.758926
6d 1 [12 1.000][435.297 427.219 1154.562 6.7116 9.1106 -120.7450][-0.504769 -0.863022 -0.020053 0.848609 -0.491810 -0.194901 0.158341 -0.115397 0.980618] 
3d 1 [8970 1.000][179.264 2802.111 583.283] 
fr 391104
ts 62436.775591
6d 1 [12 1.000][434.855 427.767 1154.594 6.6200 8.9579 -120.7824][-0.505536 -0.862576 -0.019885 0.848639 -0.492945 -0.191881 0.155709 -0.113878 0.981217] 
3d 1 [8970 1.000][179.316 2801.551 583.654] 
fr 391105
ts 62436.792247
6d 1 [12 1.000][434.213 427.936 1154.455 6.4964 8.8558 -120.8048][-0.506010 -0.862322 -0.018845 0.848678 -0.493866 -0.189321 0.153949 -0.111792 0.981734] 
3d 1 [8970 1.000][179.369 2801.420 583.552] 
fr 391106
ts 62436.808908
6d 1 [12 1.000][433.820 428.364 1154.528 6.4216 8.7338 -120.8445][-0.506765 -0.861882 -0.018662 0.848606 -0.494913 -0.186892 0.151843 -0.110547 0.982203] 
3d 1 [8970 1.000][179.216 2801.990 583.317] 
fr 391107
ts 62436.825557
6d 1 [12 1.000][433.518 428.829 1154.588 6.3724 8.6323 -120.8762][-0.507371 -0.861525 -0.018711 0.848556 -0.495716 -0.184984 0.150093 -0.109733 0.982563] 
3d 1 [8970 1.000][179.361 2801.661 583.575] 
fr 391108
ts 62436.842218
6d 1 [12 1.000][433.095 429.161 1154.631 6.3305 8.5076 -120.9169][-0.508140 -0.861064 -0.019049 0.848473 -0.496666 -0.182798 0.147940 -0.109050 0.982966] 
3d 1 [8970 1.000][179.285 2801.896 583.298] 
fr 391109
ts 62436.858860
6d 1 [12 1.000][432.424 429.174 1154.420 6.2536 8.3896 -120.9591][-0.508921 -0.860608 -0.018802 0.848358 -0.497736 -0.180409 0.145903 -0.107764 0.983412] 
3d 1 [8970 1.000][179.519 2801.322 583.641] 
fr 391110
ts 62436.875522
6d 1 [12 1.000][431.976 429.495 1154.388 6.1822 8.2513 -121.0092][-0.509842 -0.860063 -0.018795 0.848212 -0.498932 -0.177770 0.143516 -0.106577 0.983893] 
3d 1 [8970 1.000][179.417 2801.541 583.518] 
fr 391111
ts 62436.892203
6d 1 [12 1.000][431.952 430.439 1154.428 6.1492 8.1197 -121.0695][-0.510904 -0.859422 -0.019278 0.847955 -0.500149 -0.175564 0.141242 -0.106044 0.984279] 
3d 1 [8970 1.000][179.323 2801.310 583.632] 
fr 391112
ts 62436.908869
6d 1 [12 1.000][431.464 430.729 1154.389 6.0556 7.9736 -121.1374][-0.512093 -0.858721 -0.018967 0.847655 -0.501681 -0.172619 0.138716 -0.104474 0.984806] 
3d 1 [8970 1.000][179.564 2801.432 583.561] 
fr 391113
ts 62436.925549
6d 1 [12 1.000][430.833 430.827 1154.158 5.8955 7.8592 -121.2603][-0.514053 -0.857586 -0.017220 0.846789 -0.504176 -0.169571 0.136740 -0.101750 0.985368] 
3d 1 [8970 1.000][179.226 2801.760 583.340] 
fr 391114
ts 62436.942211
6d 1 [12 1.000][430.142 430.917 1154.071 5.7676 7.6804 -121.3066][-0.514957 -0.857052 -0.016767 0.846734 -0.505513 -0.165827 0.133647 -0.099591 0.986012] 
3d 1 [8970 1.000][179.423 2801.080 583.710] 
fr 391115
ts 62436.958883
6d 1 [12 1.000][430.094 431.648 1154.068 5.7482 7.5891 -121.3944][-0.516363 -0.856200 -0.017043 0.846125 -0.507015 -0.164340 0.132067 -0.099280 0.986256] 
3d 1 [8970 1.000][179.370 2801.666 583.524] 
fr 391116
ts 62436.975546
6d 1 [12 1.000][429.885 432.135 1154.062 5.6607 7.4630 -121.4827][-0.517817 -0.855330 -0.016616 0.845574 -0.508769 -0.161739 0.129887 -0.097802 0.986694] 
3d 1 [8970 1.000][179.164 2801.639 583.521] 
fr 391117
ts 62436.992210
6d 1 [12 1.000][429.253 432.247 1153.942 5.5761 7.3440 -121.5651][-0.519173 -0.854516 -0.016195 0.845056 -0.510407 -0.159263 0.127827 -0.096371 0.987103] 
3d 1 [8970 1.000][179.419 2801.552 583.563] 
fr 391118
ts 62437.008872
6d 1 [12 1.000][428.821 432.736 1153.750 5.4024 7.2031 -121.6185][-0.520123 -0.853964 -0.014731 0.844837 -0.511879 -0.155659 0.125386 -0.093407 0.987701] 
3d 1 [8970 1.000][179.286 2801.414 583.401] 
fr 391119
ts 62437.025531
6d 1 [12 1.000][428.345 433.269 1153.699 5.3541 7.0785 -121.7780][-0.522616 -0.852441 -0.014710 0.843616 -0.514557 -0.153440 0.123229 -0.092599 0.988049] 
3d 1 [8970 1.000][179.321 2801.300 583.587] 
fr 391120
ts 62437.042192
6d 1 [12 1.000][427.977 433.787 1153.691 5.3458 6.9558 -121.9339][-0.525047 -0.850936 -0.015288 0.842413 -0.517064 -0.151608 0.121104 -0.092481 0.988322] 
3d 1 [8970 1.000][179.417 2801.541 583.518] 
fr 391121
ts 62437.058844
6d 1 [12 1.000][427.348 434.213 1153.637 5.2222 6.8204 -122.0238][-0.526519 -0.850040 -0.014456 0.841828 -0.518906 -0.148533 0.118757 -0.090375 0.988802] 
3d 1 [8970 1.000][179.177 2801.874 583.301] 
fr 391122
ts 62437.075507
6d 1 [12 1.000][426.719 434.770 1153.548 5.1082 6.5623 -122.1468][-0.528605 -0.848739 -0.014819 0.841140 -0.521362 -0.143753 0.114283 -0.088453 0.989503] 
3d 2 [8970 1.000][179.519 2801.322 583.641] [9031 1.000][1092.399 -449.248 1544.633] 
fr 391123
ts 62437.092147
6d 1 [12 1.000][426.348 435.503 1153.453 4.9275 6.3477 -122.3333][-0.531564 -0.846908 -0.013663 0.839771 -0.524842 -0.139014 0.110562 -0.085368 0.990196] 
3d 1 [8970 1.000][179.224 2801.749 583.295] 
fr 391124
ts 62437.108813
6d 1 [12 1.000][426.047 436.285 1153.286 4.8068 6.1769 -122.5779][-0.535320 -0.844551 -0.012880 0.837768 -0.528955 -0.135469 0.107598 -0.083309 0.990698] 
3d 1 [8970 1.000][179.322 2801.546 583.558] 
fr 391125
ts 62437.125503
6d 1 [12 1.000][425.449 436.950 1152.886 4.5663 5.9725 -122.7458][-0.537976 -0.842890 -0.010856 0.836513 -0.532228 -0.130302 0.104052 -0.079181 0.991415] 
3d 1 [8970 1.000][179.368 2801.902 583.450] 
fr 391126
ts 62437.142166
6d 1 [12 1.000][424.940 437.744 1152.720 4.3483 5.6860 -122.9424][-0.541120 -0.840887 -0.009907 0.835088 -0.535926 -0.124138 0.099077 -0.075447 0.992216] 
3d 1 [8970 1.000][179.218 2802.210 583.103] 
fr 391127
ts 62437.158847
6d 1 [12 1.000][424.419 438.245 1152.472 4.1856 5.5212 -123.1284][-0.543982 -0.839052 -0.008682 0.833562 -0.539179 -0.120248 0.096213 -0.072650 0.992706] 
3d 1 [8970 1.000][179.469 2801.437 583.602] 
fr 391128
ts 62437.175509
6d 1 [12 1.000][424.487 439.180 1152.737 4.1806 5.5686 -123.2849][-0.546212 -0.837610 -0.007829 0.832007 -0.541428 -0.120910 0.097037 -0.072556 0.992633] 
3d 1 [8970 1.000][179.333 2802.017 583.264] 
fr 391129
ts 62437.192182
6d 1 [12 1.000][424.199 439.835 1152.597 4.1050 5.5279 -123.3753][-0.547562 -0.836737 -0.006922 0.831202 -0.542950 -0.119617 0.096330 -0.071251 0.992796] 
3d 1 [8970 1.000][179.220 2801.975 583.176] 
fr 391130
ts 62437.208847
6d 1 [12 1.000][424.021 440.551 1152.434 4.0122 5.4507 -123.4428][-0.548612 -0.836054 -0.006163 0.830663 -0.544208 -0.117628 0.094989 -0.069652 0.993039] 
3d 1 [8970 1.000][179.421 2801.316 583.636] 
fr 391131
ts 62437.225516
6d 1 [12 1.000][424.003 441.207 1152.306 3.9504 5.3880 -123.5252][-0.549864 -0.835235 -0.005694 0.829959 -0.545599 -0.116143 0.093900 -0.068588 0.993216] 
3d 1 [8970 1.000][179.176 2802.084 583.041] 
fr 391132
ts 62437.242177
6d 1 [12 1.000][423.972 441.750 1152.160 3.8682 5.3232 -123.5815][-0.550736 -0.834664 -0.005004 0.829507 -0.546648 -0.114429 0.092774 -0.067171 0.993419] 
3d 1 [8970 1.000][179.517 2801.557 583.567] 
fr 391133
ts 62437.258840
6d 1 [12 1.000][424.112 442.383 1152.051 3.7966 5.3016 -123.6271][-0.551417 -0.834220 -0.004077 0.829097 -0.547476 -0.113437 0.092399 -0.065932 0.993537] 
3d 1 [8970 1.000][179.515 2801.547 583.522] 
fr 391134
ts 62437.275501
6d 1 [12 1.000][424.187 442.803 1151.944 3.7845 5.3386 -123.6622][-0.551891 -0.833909 -0.003476 0.828709 -0.547976 -0.113857 0.093042 -0.065717 0.993491] 
3d 1 [8970 1.000][179.123 2802.215 583.143] 
fr 391135
ts 62437.292158
6d 1 [12 1.000][424.196 443.128 1151.837 3.7288 5.3123 -123.6645][-0.551948 -0.833873 -0.002915 0.828723 -0.548144 -0.112945 0.092584 -0.064755 0.993597] 
3d 1 [8970 1.000][179.414 2801.075 583.761] 
fr 391136
ts 62437.308820
6d 1 [12 1.000][424.337 443.321 1151.704 3.6429 5.3126 -123.7054][-0.552539 -0.833486 -0.001581 0.828329 -0.548907 -0.112129 0.092590 -0.063266 0.993692] 
3d 1 [8970 1.000][179.380 2801.645 583.287] 
fr 391137
ts 62437.325468
6d 1 [12 1.000][424.607 443.550 1151.658 3.6092 5.3013 -123.7667][-0.553435 -0.832892 -0.001081 0.827752 -0.549875 -0.111644 0.092393 -0.062682 0.993748] 
3d 1 [8970 1.000][179.170 2801.634 583.425] 
fr 391138
ts 62437.342130
6d 1 [12 1.000][424.805 443.474 1151.715 3.6154 5.3386 -123.8300][-0.554316 -0.832306 -0.000686 0.827090 -0.550749 -0.112241 0.093041 -0.062784 0.993681] 
3d 2 [8970 1.000][179.274 2801.425 583.593] [9032 1.000][1093.125 -444.270 1543.463] 
fr 391139
ts 62437.358770
6d 1 [12 1.000][425.099 443.293 1151.790 3.6631 5.3884 -123.9280][-0.555685 -0.831393 -0.000704 0.826073 -0.552033 -0.113419 0.093907 -0.063607 0.993547] 
3d 1 [8970 1.000][179.231 2801.990 583.170] 
fr 391140
ts 62437.375434
