fr 160241
ts 37249.623792
6d 1 [12 1.000][570.181 -356.189 430.321 -2.4291 -7.4378 -35.1375][0.810892 -0.570537 0.130159 0.570698 0.820196 0.039778 -0.129450 0.042026 0.990695] 
3d 0 
fr 160242
ts 37249.640457
6d 1 [12 1.000][570.167 -356.219 430.281 -2.4350 -7.4361 -35.1388][0.810883 -0.570543 0.130192 0.570718 0.820187 0.039679 -0.129420 0.042128 0.990695] 
3d 0 
fr 160243
ts 37249.657143
6d 1 [12 1.000][570.178 -356.156 430.287 -2.4350 -7.4366 -35.1393][0.810877 -0.570550 0.130199 0.570725 0.820181 0.039684 -0.129429 0.042129 0.990693] 
3d 0 
fr 160244
ts 37249.673808
6d 1 [12 1.000][570.181 -356.208 430.277 -2.4358 -7.4370 -35.1434][0.810835 -0.570607 0.130209 0.570783 0.820141 0.039686 -0.129435 0.042142 0.990692] 
3d 0 
fr 160245
ts 37249.690489
6d 1 [12 1.000][570.181 -356.208 430.277 -2.4358 -7.4370 -35.1434][0.810835 -0.570607 0.130209 0.570783 0.820141 0.039686 -0.129435 0.042142 0.990692] 
3d 0 
fr 160246
ts 37249.707152
6d 1 [12 1.000][570.181 -356.208 430.277 -2.4358 -7.4370 -35.1434][0.810835 -0.570607 0.130209 0.570783 0.820141 0.039686 -0.129435 0.042142 0.990692] 
3d 0 
fr 160247
ts 37249.723827
6d 1 [12 1.000][570.181 -356.208 430.277 -2.4358 -7.4370 -35.1434][0.810835 -0.570607 0.130209 0.570783 0.820141 0.039686 -0.129435 0.042142 0.990692] 
3d 0 
fr 160248
ts 37249.740488
6d 1 [12 1.000][570.187 -356.209 430.277 -2.4366 -7.4363 -35.1437][0.810833 -0.570610 0.130208 0.570788 0.820139 0.039668 -0.129423 0.042157 0.990693] 
3d 0 
fr 160249
ts 37249.757153
6d 1 [12 1.000][570.193 -356.178 430.291 -2.4447 -7.4306 -35.1477][0.810805 -0.570651 0.130205 0.570851 0.820103 0.039505 -0.129325 0.042296 0.990700] 
3d 0 
fr 160250
ts 37249.773818
6d 1 [12 1.000][570.193 -356.178 430.291 -2.4447 -7.4306 -35.1477][0.810805 -0.570651 0.130205 0.570851 0.820103 0.039505 -0.129325 0.042296 0.990700] 
3d 0 
fr 160251
ts 37249.790479
6d 1 [12 1.000][570.193 -356.178 430.291 -2.4447 -7.4306 -35.1477][0.810805 -0.570651 0.130205 0.570851 0.820103 0.039505 -0.129325 0.042296 0.990700] 
3d 0 
fr 160252
ts 37249.807141
6d 1 [12 1.000][570.193 -356.178 430.291 -2.4447 -7.4306 -35.1477][0.810805 -0.570651 0.130205 0.570851 0.820103 0.039505 -0.129325 0.042296 0.990700] 
3d 0 
fr 160253
ts 37249.823795
6d 1 [12 1.000][570.193 -356.178 430.291 -2.4447 -7.4306 -35.1477][0.810805 -0.570651 0.130205 0.570851 0.820103 0.039505 -0.129325 0.042296 0.990700] 
3d 0 
fr 160254
ts 37249.840457
6d 1 [12 1.000][570.193 -356.178 430.291 -2.4447 -7.4306 -35.1477][0.810805 -0.570651 0.130205 0.570851 0.820103 0.039505 -0.129325 0.042296 0.990700] 
3d 0 
fr 160255
ts 37249.857104
6d 1 [12 1.000][570.193 -356.178 430.291 -2.4447 -7.4306 -35.1477][0.810805 -0.570651 0.130205 0.570851 0.820103 0.039505 -0.129325 0.042296 0.990700] 
3d 0 
fr 160256
ts 37249.873767
6d 1 [12 1.000][570.193 -356.178 430.291 -2.4447 -7.4306 -35.1477][0.810805 -0.570651 0.130205 0.570851 0.820103 0.039505 -0.129325 0.042296 0.990700] 
3d 0 
fr 160257
ts 37249.890458
6d 1 [12 1.000][570.202 -356.217 430.291 -2.4451 -7.4186 -35.1564][0.810739 -0.570783 0.130033 0.570991 0.820010 0.039399 -0.129117 0.042306 0.990727] 
3d 0 
fr 160258
ts 37249.907120
6d 1 [12 1.000][570.225 -356.268 430.293 -2.4456 -7.3928 -35.1709][0.810642 -0.571005 0.129664 0.571229 0.819856 0.039168 -0.128671 0.042317 0.990784] 
3d 0 
fr 160259
ts 37249.923804
6d 1 [12 1.000][570.247 -356.227 430.305 -2.4480 -7.3710 -35.1891][0.810501 -0.571273 0.129368 0.571515 0.819666 0.038958 -0.128294 0.042360 0.990831] 
3d 0 
fr 160260
ts 37249.940467
6d 1 [12 1.000][570.235 -356.307 430.312 -2.4483 -7.3612 -35.2020][0.810391 -0.571462 0.129223 0.571709 0.819534 0.038884 -0.128124 0.042366 0.990853] 
3d 0 
fr 160261
ts 37249.957145
6d 1 [12 1.000][570.284 -356.243 430.339 -2.4509 -7.3374 -35.2182][0.810272 -0.571703 0.128902 0.571970 0.819364 0.038647 -0.127713 0.042414 0.990904] 
3d 0 
fr 160262
ts 37249.973809
6d 1 [12 1.000][570.245 -356.191 430.319 -2.4469 -7.4054 -35.1662][0.810666 -0.570927 0.129858 0.571147 0.819908 0.039264 -0.128888 0.042338 0.990755] 
3d 0 
fr 160263
ts 37249.990478
6d 1 [12 1.000][570.252 -356.116 430.323 -2.4522 -7.4115 -35.1747][0.810570 -0.571032 0.129991 0.571258 0.819830 0.039269 -0.128994 0.042428 0.990737] 
3d 0 
fr 160264
ts 37250.007140
6d 1 [12 1.000][570.250 -356.157 430.328 -2.4482 -7.4190 -35.1512][0.810790 -0.570701 0.130073 0.570917 0.820065 0.039347 -0.129124 0.042359 0.990723] 
3d 0 
fr 160265
ts 37250.023805
6d 1 [12 1.000][570.248 -356.133 430.337 -2.4554 -7.4133 -35.1441][0.810872 -0.570586 0.130070 0.570823 0.820138 0.039171 -0.129026 0.042484 0.990731] 
3d 0 
fr 160266
ts 37250.040466
6d 1 [12 1.000][570.202 -356.166 430.329 -2.4581 -7.3873 -35.1436][0.810924 -0.570589 0.129730 0.570850 0.820133 0.038872 -0.128576 0.042534 0.990787] 
3d 0 
fr 160267
ts 37250.057124
6d 1 [12 1.000][570.242 -356.156 430.332 -2.4656 -7.4017 -35.1554][0.810780 -0.570732 0.130000 0.570999 0.820027 0.038936 -0.128826 0.042661 0.990749] 
3d 0 
fr 160268
ts 37250.073785
6d 1 [12 1.000][570.207 -356.179 430.337 -2.4571 -7.4044 -35.1484][0.810845 -0.570650 0.129959 0.570896 0.820092 0.039069 -0.128873 0.042514 0.990749] 
3d 0 
fr 160269
ts 37250.090433
6d 1 [12 1.000][570.232 -356.164 430.334 -2.4590 -7.4175 -35.1575][0.810731 -0.570767 0.130155 0.571007 0.820009 0.039192 -0.129098 0.042545 0.990719] 
3d 0 
fr 160270
ts 37250.107098
6d 1 [12 1.000][570.231 -356.132 430.329 -2.4565 -7.4068 -35.1760][0.810566 -0.571045 0.129967 0.571284 0.819818 0.039163 -0.128913 0.042504 0.990745] 
3d 0 
fr 160271
ts 37250.123743
6d 1 [12 1.000][570.243 -356.142 430.322 -2.4590 -7.4181 -35.1758][0.810547 -0.571029 0.130151 0.571266 0.819826 0.039239 -0.129108 0.042546 0.990717] 
3d 0 
fr 160272
ts 37250.140403
6d 1 [12 1.000][570.229 -356.155 430.333 -2.4574 -7.3858 -35.1761][0.810604 -0.571056 0.129679 0.571311 0.819809 0.038941 -0.128549 0.042521 0.990791] 
3d 0 
fr 160273
ts 37250.157091
6d 1 [12 1.000][570.229 -356.155 430.333 -2.4574 -7.3858 -35.1761][0.810604 -0.571056 0.129679 0.571311 0.819809 0.038941 -0.128549 0.042521 0.990791] 
3d 0 
fr 160274
ts 37250.173755
6d 1 [12 1.000][570.229 -356.155 430.333 -2.4574 -7.3858 -35.1761][0.810604 -0.571056 0.129679 0.571311 0.819809 0.038941 -0.128549 0.042521 0.990791] 
3d 0 
fr 160275
ts 37250.190431
6d 1 [12 1.000][570.229 -356.155 430.333 -2.4574 -7.3858 -35.1761][0.810604 -0.571056 0.129679 0.571311 0.819809 0.038941 -0.128549 0.042521 0.990791] 
3d 0 
fr 160276
ts 37250.207097
6d 1 [12 1.000][570.229 -356.155 430.333 -2.4574 -7.3858 -35.1761][0.810604 -0.571056 0.129679 0.571311 0.819809 0.038941 -0.128549 0.042521 0.990791] 
3d 0 
fr 160277
ts 37250.223773
6d 1 [12 1.000][570.229 -356.155 430.333 -2.4574 -7.3858 -35.1761][0.810604 -0.571056 0.129679 0.571311 0.819809 0.038941 -0.128549 0.042521 0.990791] 
3d 0 
fr 160278
ts 37250.240434
6d 1 [12 1.000][570.229 -356.155 430.333 -2.4574 -7.3858 -35.1761][0.810604 -0.571056 0.129679 0.571311 0.819809 0.038941 -0.128549 0.042521 0.990791] 
3d 0 
fr 160279
ts 37250.257102
6d 1 [12 1.000][570.221 -355.989 430.315 -2.4583 -7.3890 -35.1755][0.810603 -0.571044 0.129733 0.571300 0.819816 0.038959 -0.128604 0.042537 0.990783] 
3d 0 
fr 160280
ts 37250.273764
6d 1 [12 1.000][570.212 -356.217 430.319 -2.4577 -7.3920 -35.1733][0.810620 -0.571012 0.129772 0.571264 0.819840 0.038993 -0.128657 0.042525 0.990777] 
3d 0 
fr 160281
ts 37250.290421
6d 1 [12 1.000][570.205 -356.174 430.304 -2.4617 -7.4175 -35.1646][0.810660 -0.570863 0.130178 0.571108 0.819940 0.039170 -0.129099 0.042592 0.990717] 
3d 0 
fr 160282
ts 37250.307088
6d 1 [12 1.000][570.188 -356.209 430.298 -2.4611 -7.4189 -35.1634][0.810669 -0.570846 0.130193 0.571089 0.819952 0.039189 -0.129123 0.042582 0.990714] 
3d 0 
fr 160283
ts 37250.323737
6d 1 [12 1.000][570.191 -356.140 430.290 -2.4617 -7.4195 -35.1634][0.810668 -0.570845 0.130208 0.571089 0.819953 0.039187 -0.129134 0.042593 0.990712] 
3d 0 
fr 160284
ts 37250.340403
6d 1 [12 1.000][570.197 -356.130 430.301 -2.4592 -7.4191 -35.1625][0.810678 -0.570837 0.130177 0.571076 0.819960 0.039217 -0.129127 0.042549 0.990715] 
3d 0 
fr 160285
ts 37250.357049
6d 1 [12 1.000][570.194 -356.135 430.302 -2.4594 -7.4208 -35.1631][0.810669 -0.570845 0.130202 0.571083 0.819955 0.039232 -0.129155 0.042552 0.990711] 
3d 0 
fr 160286
ts 37250.373713
6d 1 [12 1.000][570.179 -356.164 430.296 -2.4567 -7.4191 -35.1581][0.810722 -0.570780 0.130154 0.571013 0.820002 0.039243 -0.129126 0.042505 0.990717] 
3d 0 
fr 160287
ts 37250.390404
6d 1 [12 1.000][570.188 -356.170 430.295 -2.4562 -7.4233 -35.1561][0.810734 -0.570750 0.130212 0.570980 0.820024 0.039287 -0.129200 0.042497 0.990708] 
3d 0 
fr 160288
ts 37250.407066
6d 1 [12 1.000][570.188 -356.170 430.295 -2.4562 -7.4233 -35.1561][0.810734 -0.570750 0.130212 0.570980 0.820024 0.039287 -0.129200 0.042497 0.990708] 
3d 0 
fr 160289
ts 37250.423749
6d 1 [12 1.000][570.188 -356.170 430.295 -2.4562 -7.4233 -35.1561][0.810734 -0.570750 0.130212 0.570980 0.820024 0.039287 -0.129200 0.042497 0.990708] 
3d 0 
fr 160290
ts 37250.440413
6d 1 [12 1.000][570.187 -356.203 430.296 -2.4562 -7.4221 -35.1552][0.810745 -0.570738 0.130195 0.570969 0.820031 0.039274 -0.129179 0.042496 0.990710] 
3d 0 
fr 160291
ts 37250.457092
6d 1 [12 1.000][570.196 -356.196 430.302 -2.4553 -7.4147 -35.1514][0.810797 -0.570690 0.130084 0.570924 0.820066 0.039204 -0.129051 0.042481 0.990728] 
3d 0 
fr 160292
ts 37250.473754
6d 1 [12 1.000][570.196 -356.196 430.302 -2.4553 -7.4147 -35.1514][0.810797 -0.570690 0.130084 0.570924 0.820066 0.039204 -0.129051 0.042481 0.990728] 
3d 0 
fr 160293
ts 37250.490424
6d 1 [12 1.000][570.200 -356.242 430.304 -2.4540 -7.4149 -35.1513][0.810797 -0.570691 0.130074 0.570923 0.820066 0.039224 -0.129054 0.042460 0.990728] 
3d 0 
fr 160294
ts 37250.507087
6d 1 [12 1.000][570.195 -356.234 430.311 -2.4464 -7.4135 -35.1472][0.810840 -0.570652 0.129980 0.570867 0.820101 0.039309 -0.129029 0.042329 0.990737] 
3d 0 
fr 160295
ts 37250.523749
6d 1 [12 1.000][570.195 -356.234 430.311 -2.4464 -7.4135 -35.1472][0.810840 -0.570652 0.129980 0.570867 0.820101 0.039309 -0.129029 0.042329 0.990737] 
3d 0 
fr 160296
ts 37250.540413
6d 1 [12 1.000][570.195 -356.234 430.311 -2.4464 -7.4135 -35.1472][0.810840 -0.570652 0.129980 0.570867 0.820101 0.039309 -0.129029 0.042329 0.990737] 
3d 0 
fr 160297
ts 37250.557071
6d 1 [12 1.000][570.205 -356.133 430.310 -2.4461 -7.4146 -35.1476][0.810834 -0.570657 0.129993 0.570872 0.820097 0.039326 -0.129048 0.042322 0.990735] 
3d 0 
fr 160298
ts 37250.573730
6d 1 [12 1.000][570.203 -356.077 430.324 -2.4462 -7.4140 -35.1479][0.810833 -0.570661 0.129986 0.570876 0.820094 0.039318 -0.129038 0.042325 0.990736] 
3d 0 
fr 160299
ts 37250.590384
6d 1 [12 1.000][570.212 -356.079 430.324 -2.4483 -7.4130 -35.1515][0.810799 -0.570708 0.129989 0.570928 0.820060 0.039287 -0.129020 0.042360 0.990737] 
3d 0 
fr 160300
ts 37250.607046
6d 1 [12 1.000][570.203 -356.242 430.323 -2.4460 -7.4122 -35.1486][0.810829 -0.570673 0.129957 0.570888 0.820086 0.039306 -0.129007 0.042321 0.990740] 
3d 0 
fr 160301
ts 37250.623690
6d 1 [12 1.000][570.198 -356.119 430.315 -2.4505 -7.4156 -35.1499][0.810810 -0.570679 0.130049 0.570903 0.820078 0.039278 -0.129065 0.042398 0.990729] 
3d 0 
fr 160302
ts 37250.640354
6d 1 [12 1.000][570.194 -356.159 430.315 -2.4473 -7.4149 -35.1471][0.810839 -0.570646 0.130009 0.570863 0.820103 0.039310 -0.129053 0.042343 0.990733] 
3d 0 
fr 160303
ts 37250.657040
6d 1 [12 1.000][570.208 -356.138 430.313 -2.4517 -7.4149 -35.1539][0.810772 -0.570733 0.130048 0.570959 0.820039 0.039263 -0.129053 0.042419 0.990730] 
3d 0 
fr 160304
ts 37250.673702
6d 1 [12 1.000][570.208 -356.138 430.313 -2.4517 -7.4149 -35.1539][0.810772 -0.570733 0.130048 0.570959 0.820039 0.039263 -0.129053 0.042419 0.990730] 
3d 0 
fr 160305
ts 37250.690385
6d 1 [12 1.000][570.208 -356.138 430.313 -2.4517 -7.4149 -35.1539][0.810772 -0.570733 0.130048 0.570959 0.820039 0.039263 -0.129053 0.042419 0.990730] 
3d 0 
fr 160306
ts 37250.707046
6d 1 [12 1.000][570.184 -356.239 430.308 -2.4508 -7.4157 -35.1534][0.810775 -0.570728 0.130051 0.570951 0.820044 0.039282 -0.129067 0.042404 0.990729] 
3d 0 
fr 160307
ts 37250.723720
6d 1 [12 1.000][570.186 -356.144 430.302 -2.4522 -7.4195 -35.1543][0.810758 -0.570736 0.130118 0.570960 0.820037 0.039303 -0.129133 0.042427 0.990719] 
3d 0 
fr 160308
ts 37250.740385
6d 1 [12 1.000][570.177 -356.170 430.299 -2.4516 -7.4194 -35.1535][0.810767 -0.570725 0.130111 0.570948 0.820045 0.039308 -0.129131 0.042417 0.990720] 
3d 0 
fr 160309
ts 37250.757051
6d 1 [12 1.000][570.175 -356.136 430.298 -2.4479 -7.4213 -35.1517][0.810781 -0.570708 0.130102 0.570921 0.820060 0.039376 -0.129164 0.042353 0.990718] 
3d 0 
fr 160310
ts 37250.773712
6d 1 [12 1.000][570.175 -356.136 430.298 -2.4479 -7.4213 -35.1517][0.810781 -0.570708 0.130102 0.570921 0.820060 0.039376 -0.129164 0.042353 0.990718] 
3d 0 
fr 160311
ts 37250.790371
6d 1 [12 1.000][570.175 -356.136 430.298 -2.4479 -7.4213 -35.1517][0.810781 -0.570708 0.130102 0.570921 0.820060 0.039376 -0.129164 0.042353 0.990718] 
3d 0 
fr 160312
ts 37250.807036
6d 1 [12 1.000][570.175 -356.136 430.298 -2.4479 -7.4213 -35.1517][0.810781 -0.570708 0.130102 0.570921 0.820060 0.039376 -0.129164 0.042353 0.990718] 
3d 0 
fr 160313
ts 37250.823691
6d 1 [12 1.000][570.175 -356.136 430.298 -2.4479 -7.4213 -35.1517][0.810781 -0.570708 0.130102 0.570921 0.820060 0.039376 -0.129164 0.042353 0.990718] 
3d 0 
fr 160314
ts 37250.840352
6d 1 [12 1.000][570.173 -356.179 430.296 -2.4480 -7.4217 -35.1514][0.810783 -0.570703 0.130109 0.570916 0.820063 0.039377 -0.129170 0.042355 0.990717] 
3d 0 
fr 160315
ts 37250.856996
6d 1 [12 1.000][570.210 -356.093 430.295 -2.4484 -7.4223 -35.1530][0.810767 -0.570723 0.130122 0.570937 0.820049 0.039382 -0.129182 0.042362 0.990716] 
3d 0 
fr 160316
ts 37250.873658
6d 1 [12 1.000][570.184 -356.176 430.296 -2.4481 -7.4251 -35.1512][0.810779 -0.570698 0.130159 0.570909 0.820067 0.039410 -0.129230 0.042356 0.990710] 
3d 0 
fr 160317
ts 37250.890349
6d 1 [12 1.000][570.215 -356.191 430.301 -2.4480 -7.4257 -35.1516][0.810775 -0.570702 0.130166 0.570913 0.820064 0.039419 -0.129241 0.042354 0.990708] 
3d 0 
fr 160318
ts 37250.907015
6d 1 [12 1.000][570.189 -356.241 430.305 -2.4465 -7.4256 -35.1505][0.810785 -0.570691 0.130151 0.570898 0.820073 0.039436 -0.129239 0.042329 0.990710] 
3d 0 
fr 160319
ts 37250.923697
6d 1 [12 1.000][570.206 -356.192 430.316 -2.4467 -7.4265 -35.1532][0.810757 -0.570728 0.130164 0.570935 0.820047 0.039448 -0.129255 0.042332 0.990707] 
3d 0 
fr 160320
ts 37250.940363
6d 1 [12 1.000][570.206 -356.192 430.316 -2.4467 -7.4265 -35.1532][0.810757 -0.570728 0.130164 0.570935 0.820047 0.039448 -0.129255 0.042332 0.990707] 
3d 0 
fr 160321
ts 37250.957042
6d 1 [12 1.000][570.206 -356.192 430.316 -2.4467 -7.4265 -35.1532][0.810757 -0.570728 0.130164 0.570935 0.820047 0.039448 -0.129255 0.042332 0.990707] 
3d 0 
fr 160322
ts 37250.973703
6d 1 [12 1.000][570.206 -356.073 430.324 -2.4468 -7.4256 -35.1539][0.810752 -0.570739 0.130151 0.570946 0.820040 0.039439 -0.129239 0.042334 0.990709] 
3d 0 
fr 160323
ts 37250.990372
6d 1 [12 1.000][570.214 -356.123 430.330 -2.4465 -7.4262 -35.1557][0.810732 -0.570765 0.130155 0.570971 0.820022 0.039455 -0.129249 0.042328 0.990708] 
3d 0 
fr 160324
ts 37251.007036
6d 1 [12 1.000][570.210 -356.147 430.329 -2.4441 -7.4258 -35.1550][0.810741 -0.570760 0.130125 0.570961 0.820027 0.039482 -0.129241 0.042286 0.990711] 
3d 0 
fr 160325
ts 37251.023697
6d 1 [12 1.000][570.210 -356.164 430.337 -2.4428 -7.4237 -35.1607][0.810687 -0.570847 0.130079 0.571045 0.819968 0.039493 -0.129206 0.042264 0.990717] 
3d 0 
fr 160326
ts 37251.040363
6d 1 [12 1.000][570.210 -356.164 430.337 -2.4428 -7.4237 -35.1607][0.810687 -0.570847 0.130079 0.571045 0.819968 0.039493 -0.129206 0.042264 0.990717] 
3d 0 
fr 160327
ts 37251.057022
6d 1 [12 1.000][570.210 -356.164 430.337 -2.4428 -7.4237 -35.1607][0.810687 -0.570847 0.130079 0.571045 0.819968 0.039493 -0.129206 0.042264 0.990717] 
3d 0 
fr 160328
ts 37251.073684
6d 1 [12 1.000][570.202 -356.274 430.319 -2.4411 -7.4258 -35.1591][0.810699 -0.570827 0.130094 0.571020 0.819984 0.039536 -0.129243 0.042234 0.990713] 
3d 0 
fr 160329
ts 37251.090329
6d 1 [12 1.000][570.200 -356.173 430.313 -2.4274 -7.4447 -35.1487][0.810768 -0.570697 0.130232 0.570848 0.820086 0.039896 -0.129570 0.041996 0.990681] 
3d 0 
fr 160330
ts 37251.106996
6d 1 [12 1.000][570.195 -356.140 430.296 -2.4268 -7.4451 -35.1487][0.810768 -0.570698 0.130231 0.570847 0.820086 0.039908 -0.129576 0.041986 0.990680] 
3d 0 
fr 160331
ts 37251.123640
6d 1 [12 1.000][570.215 -356.161 430.304 -2.4263 -7.4489 -35.1503][0.810744 -0.570720 0.130278 0.570865 0.820071 0.039957 -0.129642 0.041977 0.990672] 
3d 0 
fr 160332
ts 37251.140301
6d 1 [12 1.000][570.215 -356.161 430.304 -2.4263 -7.4489 -35.1503][0.810744 -0.570720 0.130278 0.570865 0.820071 0.039957 -0.129642 0.041977 0.990672] 
3d 0 
fr 160333
ts 37251.156981
6d 1 [12 1.000][570.215 -356.161 430.304 -2.4263 -7.4489 -35.1503][0.810744 -0.570720 0.130278 0.570865 0.820071 0.039957 -0.129642 0.041977 0.990672] 
3d 0 
fr 160334
ts 37251.173654
6d 1 [12 1.000][570.215 -356.161 430.304 -2.4263 -7.4489 -35.1503][0.810744 -0.570720 0.130278 0.570865 0.820071 0.039957 -0.129642 0.041977 0.990672] 
3d 0 
fr 160335
ts 37251.190334
6d 1 [12 1.000][570.215 -356.161 430.304 -2.4263 -7.4489 -35.1503][0.810744 -0.570720 0.130278 0.570865 0.820071 0.039957 -0.129642 0.041977 0.990672] 
3d 0 
fr 160336
ts 37251.206996
6d 1 [12 1.000][570.169 -356.151 430.299 -2.4279 -7.4466 -35.1498][0.810754 -0.570709 0.130263 0.570860 0.820077 0.039909 -0.129602 0.042005 0.990676] 
3d 0 
fr 160337
ts 37251.223667
6d 1 [12 1.000][570.177 -356.163 430.293 -2.4420 -7.4313 -35.1474][0.810806 -0.570653 0.130188 0.570846 0.820104 0.039550 -0.129337 0.042250 0.990700] 
3d 0 
fr 160338
ts 37251.240333
6d 1 [12 1.000][570.177 -356.163 430.293 -2.4420 -7.4313 -35.1474][0.810806 -0.570653 0.130188 0.570846 0.820104 0.039550 -0.129337 0.042250 0.990700] 
3d 0 
fr 160339
ts 37251.257002
6d 1 [12 1.000][570.177 -356.163 430.293 -2.4420 -7.4313 -35.1474][0.810806 -0.570653 0.130188 0.570846 0.820104 0.039550 -0.129337 0.042250 0.990700] 
3d 0 
fr 160340
ts 37251.273663
6d 1 [12 1.000][570.177 -356.163 430.293 -2.4420 -7.4313 -35.1474][0.810806 -0.570653 0.130188 0.570846 0.820104 0.039550 -0.129337 0.042250 0.990700] 
3d 0 
fr 160341
ts 37251.290326
6d 1 [12 1.000][570.177 -356.163 430.293 -2.4420 -7.4313 -35.1474][0.810806 -0.570653 0.130188 0.570846 0.820104 0.039550 -0.129337 0.042250 0.990700] 
3d 0 
fr 160342
ts 37251.306987
6d 1 [12 1.000][570.177 -356.163 430.293 -2.4420 -7.4313 -35.1474][0.810806 -0.570653 0.130188 0.570846 0.820104 0.039550 -0.129337 0.042250 0.990700] 
3d 0 
fr 160343
ts 37251.323642
6d 1 [12 1.000][570.222 -356.170 430.309 -2.4443 -7.4295 -35.1474][0.810809 -0.570649 0.130185 0.570849 0.820104 0.039499 -0.129305 0.042290 0.990703] 
3d 0 
fr 160344
ts 37251.340303
6d 1 [12 1.000][570.199 -356.174 430.296 -2.4614 -7.4150 -35.1449][0.810861 -0.570583 0.130153 0.570832 0.820135 0.039105 -0.129055 0.042587 0.990723] 
3d 0 
fr 160345
ts 37251.356949
6d 1 [12 1.000][570.220 -356.164 430.304 -2.4617 -7.4143 -35.1456][0.810855 -0.570593 0.130145 0.570843 0.820128 0.039095 -0.129043 0.042592 0.990724] 
3d 0 
fr 160346
ts 37251.373609
6d 1 [12 1.000][570.210 -356.154 430.329 -2.4605 -7.4137 -35.1462][0.810850 -0.570605 0.130125 0.570852 0.820121 0.039108 -0.129034 0.042571 0.990726] 
3d 0 
fr 160347
ts 37251.390251
6d 1 [12 1.000][570.218 -356.159 430.315 -2.4624 -7.4100 -35.1495][0.810825 -0.570649 0.130089 0.570903 0.820088 0.039051 -0.128969 0.042604 0.990733] 
3d 0 
fr 160348
ts 37251.406917
6d 1 [12 1.000][570.218 -356.159 430.315 -2.4624 -7.4100 -35.1495][0.810825 -0.570649 0.130089 0.570903 0.820088 0.039051 -0.128969 0.042604 0.990733] 
3d 0 
fr 160349
ts 37251.423600
6d 1 [12 1.000][570.218 -356.159 430.315 -2.4624 -7.4100 -35.1495][0.810825 -0.570649 0.130089 0.570903 0.820088 0.039051 -0.128969 0.042604 0.990733] 
3d 0 
fr 160350
ts 37251.440263
6d 1 [12 1.000][570.218 -356.159 430.315 -2.4624 -7.4100 -35.1495][0.810825 -0.570649 0.130089 0.570903 0.820088 0.039051 -0.128969 0.042604 0.990733] 
3d 0 
fr 160351
ts 37251.456942
6d 1 [12 1.000][570.218 -356.159 430.315 -2.4624 -7.4100 -35.1495][0.810825 -0.570649 0.130089 0.570903 0.820088 0.039051 -0.128969 0.042604 0.990733] 
3d 0 
fr 160352
ts 37251.473603
6d 1 [12 1.000][570.178 -356.187 430.307 -2.4609 -7.4112 -35.1501][0.810816 -0.570661 0.130090 0.570911 0.820081 0.039085 -0.128989 0.042579 0.990731] 
3d 0 
fr 160353
ts 37251.490276
6d 1 [12 1.000][570.183 -356.173 430.307 -2.4603 -7.4124 -35.1521][0.810794 -0.570690 0.130100 0.570937 0.820062 0.039111 -0.129011 0.042568 0.990729] 
3d 0 
fr 160354
ts 37251.506939
6d 1 [12 1.000][570.185 -356.190 430.305 -2.4577 -7.4129 -35.1511][0.810803 -0.570681 0.130082 0.570922 0.820070 0.039150 -0.129019 0.042524 0.990730] 
3d 0 
fr 160355
ts 37251.523602
6d 1 [12 1.000][570.208 -356.193 430.300 -2.4494 -7.4228 -35.1592][0.810704 -0.570810 0.130134 0.571025 0.819988 0.039386 -0.129190 0.042379 0.990714] 
3d 0 
fr 160356
ts 37251.540264
6d 1 [12 1.000][570.208 -356.193 430.300 -2.4494 -7.4228 -35.1592][0.810704 -0.570810 0.130134 0.571025 0.819988 0.039386 -0.129190 0.042379 0.990714] 
3d 0 
fr 160357
ts 37251.556923
6d 1 [12 1.000][570.208 -356.193 430.300 -2.4494 -7.4228 -35.1592][0.810704 -0.570810 0.130134 0.571025 0.819988 0.039386 -0.129190 0.042379 0.990714] 
3d 0 
fr 160358
ts 37251.573585
6d 1 [12 1.000][570.201 -356.298 430.290 -2.4480 -7.4235 -35.1591][0.810703 -0.570812 0.130129 0.571023 0.819988 0.039413 -0.129202 0.042354 0.990713] 
3d 0 
fr 160359
ts 37251.590236
6d 1 [12 1.000][570.210 -356.197 430.281 -2.4400 -7.4307 -35.1618][0.810663 -0.570865 0.130151 0.571052 0.819958 0.039605 -0.129327 0.042216 0.990703] 
3d 0 
fr 160360
ts 37251.606898
6d 1 [12 1.000][570.210 -356.197 430.281 -2.4400 -7.4307 -35.1618][0.810663 -0.570865 0.130151 0.571052 0.819958 0.039605 -0.129327 0.042216 0.990703] 
3d 0 
fr 160361
ts 37251.623538
6d 1 [12 1.000][570.210 -356.197 430.281 -2.4400 -7.4307 -35.1618][0.810663 -0.570865 0.130151 0.571052 0.819958 0.039605 -0.129327 0.042216 0.990703] 
3d 0 
fr 160362
ts 37251.640204
6d 1 [12 1.000][570.210 -356.197 430.281 -2.4400 -7.4307 -35.1618][0.810663 -0.570865 0.130151 0.571052 0.819958 0.039605 -0.129327 0.042216 0.990703] 
3d 0 
fr 160363
ts 37251.656893
6d 1 [12 1.000][570.197 -356.101 430.271 -2.4404 -7.4315 -35.1617][0.810663 -0.570861 0.130166 0.571048 0.819961 0.039607 -0.129341 0.042223 0.990701] 
3d 0 
fr 160364
ts 37251.673554
6d 1 [12 1.000][570.191 -356.160 430.274 -2.4372 -7.4377 -35.1562][0.810706 -0.570786 0.130226 0.570963 0.820015 0.039702 -0.129449 0.042167 0.990689] 
3d 0 
fr 160365
ts 37251.690238
6d 1 [12 1.000][570.189 -356.154 430.272 -2.4384 -7.4372 -35.1563][0.810706 -0.570785 0.130230 0.570965 0.820015 0.039681 -0.129440 0.042188 0.990689] 
3d 0 
fr 160366
ts 37251.706898
6d 1 [12 1.000][570.185 -356.266 430.269 -2.4394 -7.4359 -35.1551][0.810721 -0.570766 0.130222 0.570949 0.820027 0.039650 -0.129416 0.042204 0.990692] 
3d 0 
fr 160367
ts 37251.723572
6d 1 [12 1.000][570.182 -356.190 430.265 -2.4466 -7.4336 -35.1557][0.810719 -0.570760 0.130261 0.570961 0.820025 0.039527 -0.129377 0.042329 0.990692] 
3d 0 
fr 160368
ts 37251.740236
6d 1 [12 1.000][570.182 -356.190 430.265 -2.4466 -7.4336 -35.1557][0.810719 -0.570760 0.130261 0.570961 0.820025 0.039527 -0.129377 0.042329 0.990692] 
3d 0 
fr 160369
ts 37251.756904
6d 1 [12 1.000][570.173 -356.077 430.275 -2.4473 -7.4338 -35.1557][0.810718 -0.570758 0.130271 0.570961 0.820026 0.039519 -0.129381 0.042341 0.990691] 
3d 0 
fr 160370
ts 37251.773566
6d 1 [12 1.000][570.175 -356.160 430.316 -2.4493 -7.4318 -35.1520][0.810759 -0.570702 0.130265 0.570911 0.820063 0.039461 -0.129346 0.042377 0.990694] 
3d 0 
fr 160371
ts 37251.790226
6d 1 [12 1.000][570.173 -356.134 430.317 -2.4501 -7.4312 -35.1524][0.810756 -0.570706 0.130264 0.570917 0.820060 0.039444 -0.129336 0.042390 0.990694] 
3d 0 
fr 160372
ts 37251.806890
6d 1 [12 1.000][570.173 -356.168 430.295 -2.4529 -7.4280 -35.1517][0.810769 -0.570692 0.130247 0.570912 0.820067 0.039371 -0.129281 0.042439 0.990700] 
3d 0 
fr 160373
ts 37251.823546
6d 1 [12 1.000][570.173 -356.168 430.295 -2.4529 -7.4280 -35.1517][0.810769 -0.570692 0.130247 0.570912 0.820067 0.039371 -0.129281 0.042439 0.990700] 
3d 0 
fr 160374
ts 37251.840208
6d 1 [12 1.000][570.173 -356.168 430.295 -2.4529 -7.4280 -35.1517][0.810769 -0.570692 0.130247 0.570912 0.820067 0.039371 -0.129281 0.042439 0.990700] 
3d 0 
fr 160375
ts 37251.856855
6d 1 [12 1.000][570.173 -356.168 430.295 -2.4529 -7.4280 -35.1517][0.810769 -0.570692 0.130247 0.570912 0.820067 0.039371 -0.129281 0.042439 0.990700] 
3d 0 
fr 160376
ts 37251.873518
6d 1 [12 1.000][570.189 -356.257 430.317 -2.4538 -7.4249 -35.1518][0.810774 -0.570693 0.130213 0.570917 0.820065 0.039328 -0.129227 0.042455 0.990706] 
3d 0 
fr 160377
ts 37251.890153
6d 1 [12 1.000][570.202 -356.195 430.313 -2.4608 -7.4081 -35.1543][0.810780 -0.570723 0.130043 0.570974 0.820038 0.039066 -0.128936 0.042578 0.990738] 
3d 0 
fr 160378
ts 37251.906820
6d 1 [12 1.000][570.202 -356.195 430.313 -2.4608 -7.4081 -35.1543][0.810780 -0.570723 0.130043 0.570974 0.820038 0.039066 -0.128936 0.042578 0.990738] 
3d 0 
fr 160379
ts 37251.923502
6d 1 [12 1.000][570.231 -356.072 430.358 -2.4605 -7.4072 -35.1547][0.810777 -0.570730 0.130027 0.570982 0.820033 0.039061 -0.128920 0.042573 0.990741] 
3d 0 
fr 160380
ts 37251.940168
6d 1 [12 1.000][570.205 -356.221 430.334 -2.4596 -7.4057 -35.1534][0.810793 -0.570714 0.129998 0.570964 0.820045 0.039058 -0.128895 0.042556 0.990745] 
3d 0 
fr 160381
ts 37251.956843
6d 1 [12 1.000][570.213 -356.187 430.334 -2.4563 -7.4008 -35.1533][0.810804 -0.570723 0.129895 0.570969 0.820042 0.039056 -0.128810 0.042500 0.990758] 
3d 0 
fr 160382
ts 37251.973509
6d 1 [12 1.000][570.213 -356.187 430.334 -2.4563 -7.4008 -35.1533][0.810804 -0.570723 0.129895 0.570969 0.820042 0.039056 -0.128810 0.042500 0.990758] 
3d 0 
fr 160383
ts 37251.990177
6d 1 [12 1.000][570.173 -356.182 430.237 -2.4561 -7.4028 -35.1533][0.810800 -0.570723 0.129922 0.570967 0.820043 0.039079 -0.128844 0.042496 0.990754] 
3d 0 
fr 160384
ts 37252.006843
6d 1 [12 1.000][570.158 -356.191 430.282 -2.4556 -7.4048 -35.1514][0.810814 -0.570696 0.129947 0.570938 0.820061 0.039101 -0.128879 0.042488 0.990750] 
3d 0 
fr 160385
ts 37252.023504
6d 1 [12 1.000][570.185 -356.199 430.294 -2.4540 -7.4077 -35.1517][0.810806 -0.570701 0.129972 0.570938 0.820059 0.039153 -0.128930 0.042461 0.990744] 
3d 0 
fr 160386
ts 37252.040169
6d 1 [12 1.000][570.184 -356.245 430.282 -2.4538 -7.4087 -35.1481][0.810841 -0.570650 0.129986 0.570885 0.820095 0.039159 -0.128947 0.042456 0.990742] 
3d 0 
fr 160387
ts 37252.056825
6d 1 [12 1.000][570.182 -356.255 430.287 -2.4516 -7.4159 -35.1474][0.810834 -0.570640 0.130067 0.570866 0.820104 0.039259 -0.129071 0.042418 0.990728] 
3d 0 
fr 160388
ts 37252.073491
6d 1 [12 1.000][570.175 -356.266 430.279 -2.4440 -7.4217 -35.1419][0.810879 -0.570575 0.130076 0.570781 0.820156 0.039413 -0.129171 0.042285 0.990720] 
3d 0 
fr 160389
ts 37252.090142
6d 1 [12 1.000][570.186 -356.145 430.288 -2.4438 -7.4227 -35.1434][0.810862 -0.570597 0.130088 0.570801 0.820141 0.039429 -0.129188 0.042283 0.990718] 
3d 0 
fr 160390
ts 37252.106804
6d 1 [12 1.000][570.183 -356.209 430.289 -2.4420 -7.4301 -35.1385][0.810897 -0.570526 0.130178 0.570722 0.820192 0.039517 -0.129317 0.042251 0.990703] 
3d 0 
fr 160391
ts 37252.123449
6d 1 [12 1.000][570.196 -356.115 430.301 -2.4416 -7.4308 -35.1395][0.810886 -0.570541 0.130183 0.570735 0.820182 0.039532 -0.129328 0.042244 0.990702] 
3d 0 
fr 160392
ts 37252.140110
6d 1 [12 1.000][570.188 -356.191 430.285 -2.4415 -7.4317 -35.1396][0.810883 -0.570542 0.130193 0.570735 0.820181 0.039544 -0.129344 0.042241 0.990700] 
3d 0 
fr 160393
ts 37252.156800
6d 1 [12 1.000][570.182 -356.137 430.281 -2.4434 -7.4339 -35.1421][0.810853 -0.570573 0.130243 0.570769 0.820158 0.039544 -0.129383 0.042274 0.990693] 
3d 0 
fr 160394
ts 37252.173463
6d 1 [12 1.000][570.173 -356.157 430.281 -2.4435 -7.4331 -35.1419][0.810857 -0.570570 0.130232 0.570767 0.820160 0.039535 -0.129369 0.042275 0.990695] 
3d 0 
fr 160395
ts 37252.190141
6d 1 [12 1.000][570.174 -356.169 430.269 -2.4505 -7.4346 -35.1432][0.810841 -0.570572 0.130323 0.570783 0.820152 0.039451 -0.129394 0.042397 0.990686] 
3d 0 
fr 160396
ts 37252.206807
6d 1 [12 1.000][570.167 -356.190 430.249 -2.4521 -7.4352 -35.1430][0.810842 -0.570565 0.130347 0.570779 0.820156 0.039435 -0.129405 0.042424 0.990684] 
3d 0 
fr 160397
ts 37252.223481
6d 1 [12 1.000][570.180 -356.168 430.260 -2.4551 -7.4392 -35.1496][0.810769 -0.570650 0.130429 0.570868 0.820094 0.039446 -0.129474 0.042476 0.990673] 
3d 0 
fr 160398
ts 37252.240144
6d 1 [12 1.000][570.180 -356.168 430.260 -2.4551 -7.4392 -35.1496][0.810769 -0.570650 0.130429 0.570868 0.820094 0.039446 -0.129474 0.042476 0.990673] 
3d 0 
fr 160399
ts 37252.256813
6d 1 [12 1.000][570.180 -356.168 430.260 -2.4551 -7.4392 -35.1496][0.810769 -0.570650 0.130429 0.570868 0.820094 0.039446 -0.129474 0.042476 0.990673] 
3d 0 
fr 160400
ts 37252.273476
6d 1 [12 1.000][570.180 -356.168 430.260 -2.4551 -7.4392 -35.1496][0.810769 -0.570650 0.130429 0.570868 0.820094 0.039446 -0.129474 0.042476 0.990673] 
3d 0 
fr 160401
ts 37252.290137
6d 1 [12 1.000][570.180 -356.168 430.260 -2.4551 -7.4392 -35.1496][0.810769 -0.570650 0.130429 0.570868 0.820094 0.039446 -0.129474 0.042476 0.990673] 
3d 0 
fr 160402
ts 37252.306799
6d 1 [12 1.000][570.190 -356.172 430.305 -2.4545 -7.4381 -35.1499][0.810768 -0.570657 0.130408 0.570874 0.820090 0.039444 -0.129455 0.042466 0.990676] 
3d 0 
fr 160403
ts 37252.323453
6d 1 [12 1.000][570.193 -356.163 430.288 -2.4562 -7.4304 -35.1518][0.810764 -0.570684 0.130315 0.570910 0.820070 0.039348 -0.129322 0.042496 0.990692] 
3d 0 
fr 160404
ts 37252.340116
6d 1 [12 1.000][570.193 -356.163 430.288 -2.4562 -7.4304 -35.1518][0.810764 -0.570684 0.130315 0.570910 0.820070 0.039348 -0.129322 0.042496 0.990692] 
3d 0 
fr 160405
ts 37252.356762
6d 1 [12 1.000][570.196 -356.132 430.296 -2.4554 -7.4304 -35.1528][0.810754 -0.570700 0.130306 0.570924 0.820059 0.039362 -0.129322 0.042482 0.990692] 
3d 0 
fr 160406
ts 37252.373423
6d 1 [12 1.000][570.187 -356.155 430.293 -2.4482 -7.4290 -35.1569][0.810715 -0.570777 0.130211 0.570984 0.820012 0.039459 -0.129297 0.042358 0.990701] 
3d 0 
fr 160407
ts 37252.390063
6d 1 [12 1.000][570.187 -356.155 430.293 -2.4482 -7.4290 -35.1569][0.810715 -0.570777 0.130211 0.570984 0.820012 0.039459 -0.129297 0.042358 0.990701] 
3d 0 
fr 160408
ts 37252.406731
6d 1 [12 1.000][570.187 -356.155 430.293 -2.4482 -7.4290 -35.1569][0.810715 -0.570777 0.130211 0.570984 0.820012 0.039459 -0.129297 0.042358 0.990701] 
3d 0 
fr 160409
ts 37252.423416
6d 1 [12 1.000][570.187 -356.155 430.293 -2.4482 -7.4290 -35.1569][0.810715 -0.570777 0.130211 0.570984 0.820012 0.039459 -0.129297 0.042358 0.990701] 
3d 0 
fr 160410
ts 37252.440078
6d 1 [12 1.000][570.168 -356.203 430.297 -2.4473 -7.4287 -35.1569][0.810716 -0.570779 0.130198 0.570985 0.820011 0.039470 -0.129293 0.042342 0.990702] 
3d 0 
fr 160411
ts 37252.456755
6d 1 [12 1.000][570.162 -356.181 430.285 -2.4463 -7.4255 -35.1603][0.810688 -0.570832 0.130139 0.571037 0.819975 0.039460 -0.129236 0.042324 0.990710] 
3d 0 
fr 160412
ts 37252.473419
6d 1 [12 1.000][570.162 -356.181 430.285 -2.4463 -7.4255 -35.1603][0.810688 -0.570832 0.130139 0.571037 0.819975 0.039460 -0.129236 0.042324 0.990710] 
3d 0 
fr 160413
ts 37252.490089
6d 1 [12 1.000][570.162 -356.181 430.285 -2.4463 -7.4255 -35.1603][0.810688 -0.570832 0.130139 0.571037 0.819975 0.039460 -0.129236 0.042324 0.990710] 
3d 0 
fr 160414
ts 37252.506752
6d 1 [12 1.000][570.162 -356.181 430.285 -2.4463 -7.4255 -35.1603][0.810688 -0.570832 0.130139 0.571037 0.819975 0.039460 -0.129236 0.042324 0.990710] 
3d 0 
fr 160415
ts 37252.523414
6d 1 [12 1.000][570.162 -356.181 430.285 -2.4463 -7.4255 -35.1603][0.810688 -0.570832 0.130139 0.571037 0.819975 0.039460 -0.129236 0.042324 0.990710] 
3d 0 
fr 160416
ts 37252.540080
6d 1 [12 1.000][570.162 -356.181 430.285 -2.4463 -7.4255 -35.1603][0.810688 -0.570832 0.130139 0.571037 0.819975 0.039460 -0.129236 0.042324 0.990710] 
3d 0 
fr 160417
ts 37252.556739
6d 1 [12 1.000][570.162 -356.181 430.285 -2.4463 -7.4255 -35.1603][0.810688 -0.570832 0.130139 0.571037 0.819975 0.039460 -0.129236 0.042324 0.990710] 
3d 0 
fr 160418
ts 37252.573401
6d 1 [12 1.000][570.162 -356.181 430.285 -2.4463 -7.4255 -35.1603][0.810688 -0.570832 0.130139 0.571037 0.819975 0.039460 -0.129236 0.042324 0.990710] 
3d 0 
fr 160419
ts 37252.590054
6d 1 [12 1.000][570.162 -356.181 430.285 -2.4463 -7.4255 -35.1603][0.810688 -0.570832 0.130139 0.571037 0.819975 0.039460 -0.129236 0.042324 0.990710] 
3d 0 
fr 160420
ts 37252.606716
6d 1 [12 1.000][570.162 -356.181 430.285 -2.4463 -7.4255 -35.1603][0.810688 -0.570832 0.130139 0.571037 0.819975 0.039460 -0.129236 0.042324 0.990710] 
3d 0 
fr 160421
ts 37252.623360
6d 1 [12 1.000][570.162 -356.181 430.285 -2.4463 -7.4255 -35.1603][0.810688 -0.570832 0.130139 0.571037 0.819975 0.039460 -0.129236 0.042324 0.990710] 
3d 0 
fr 160422
ts 37252.640021
6d 1 [12 1.000][570.162 -356.181 430.285 -2.4463 -7.4255 -35.1603][0.810688 -0.570832 0.130139 0.571037 0.819975 0.039460 -0.129236 0.042324 0.990710] 
3d 0 
fr 160423
ts 37252.656712
6d 1 [12 1.000][570.162 -356.181 430.285 -2.4463 -7.4255 -35.1603][0.810688 -0.570832 0.130139 0.571037 0.819975 0.039460 -0.129236 0.042324 0.990710] 
3d 0 
fr 160424
ts 37252.673373
6d 1 [12 1.000][570.162 -356.181 430.285 -2.4463 -7.4255 -35.1603][0.810688 -0.570832 0.130139 0.571037 0.819975 0.039460 -0.129236 0.042324 0.990710] 
3d 0 
fr 160425
ts 37252.690054
6d 1 [12 1.000][570.162 -356.181 430.285 -2.4463 -7.4255 -35.1603][0.810688 -0.570832 0.130139 0.571037 0.819975 0.039460 -0.129236 0.042324 0.990710] 
3d 0 
fr 160426
ts 37252.706718
6d 1 [12 1.000][570.162 -356.181 430.285 -2.4463 -7.4255 -35.1603][0.810688 -0.570832 0.130139 0.571037 0.819975 0.039460 -0.129236 0.042324 0.990710] 
3d 0 
fr 160427
ts 37252.723391
6d 1 [12 1.000][570.162 -356.181 430.285 -2.4463 -7.4255 -35.1603][0.810688 -0.570832 0.130139 0.571037 0.819975 0.039460 -0.129236 0.042324 0.990710] 
3d 0 
fr 160428
ts 37252.740056
6d 1 [12 1.000][570.162 -356.181 430.285 -2.4463 -7.4255 -35.1603][0.810688 -0.570832 0.130139 0.571037 0.819975 0.039460 -0.129236 0.042324 0.990710] 
3d 0 
fr 160429
ts 37252.756721
6d 1 [12 1.000][570.162 -356.181 430.285 -2.4463 -7.4255 -35.1603][0.810688 -0.570832 0.130139 0.571037 0.819975 0.039460 -0.129236 0.042324 0.990710] 
3d 0 
fr 160430
ts 37252.773388
6d 1 [12 1.000][570.162 -356.181 430.285 -2.4463 -7.4255 -35.1603][0.810688 -0.570832 0.130139 0.571037 0.819975 0.039460 -0.129236 0.042324 0.990710] 
3d 0 
fr 160431
ts 37252.790050
6d 1 [12 1.000][570.162 -356.181 430.285 -2.4463 -7.4255 -35.1603][0.810688 -0.570832 0.130139 0.571037 0.819975 0.039460 -0.129236 0.042324 0.990710] 
3d 0 
fr 160432
ts 37252.806713
6d 1 [12 1.000][570.186 -356.217 430.314 -2.4464 -7.4249 -35.1593][0.810700 -0.570817 0.130133 0.571023 0.819986 0.039450 -0.129226 0.042327 0.990711] 
3d 0 
fr 160433
ts 37252.823365
6d 1 [12 1.000][570.189 -356.186 430.303 -2.4515 -7.4222 -35.1556][0.810740 -0.570755 0.130149 0.570975 0.820024 0.039342 -0.129180 0.042416 0.990714] 
3d 0 
fr 160434
ts 37252.840028
6d 1 [12 1.000][570.178 -356.235 430.302 -2.4511 -7.4222 -35.1551][0.810746 -0.570748 0.130144 0.570968 0.820029 0.039346 -0.129179 0.042408 0.990714] 
3d 0 
fr 160435
ts 37252.856673
6d 1 [12 1.000][570.191 -356.186 430.303 -2.4533 -7.4212 -35.1548][0.810751 -0.570739 0.130153 0.570964 0.820034 0.039305 -0.129163 0.042446 0.990714] 
3d 0 
fr 160436
ts 37252.873340
6d 1 [12 1.000][570.191 -356.186 430.303 -2.4533 -7.4212 -35.1548][0.810751 -0.570739 0.130153 0.570964 0.820034 0.039305 -0.129163 0.042446 0.990714] 
3d 0 
fr 160437
ts 37252.889981
6d 1 [12 1.000][570.191 -356.186 430.303 -2.4533 -7.4212 -35.1548][0.810751 -0.570739 0.130153 0.570964 0.820034 0.039305 -0.129163 0.042446 0.990714] 
3d 0 
fr 160438
ts 37252.906643
6d 1 [12 1.000][570.191 -356.186 430.303 -2.4533 -7.4212 -35.1548][0.810751 -0.570739 0.130153 0.570964 0.820034 0.039305 -0.129163 0.042446 0.990714] 
3d 0 
fr 160439
ts 37252.923329
6d 1 [12 1.000][570.191 -356.186 430.303 -2.4533 -7.4212 -35.1548][0.810751 -0.570739 0.130153 0.570964 0.820034 0.039305 -0.129163 0.042446 0.990714] 
3d 0 
fr 160440
ts 37252.939993
6d 1 [12 1.000][570.184 -356.347 430.305 -2.4509 -7.4216 -35.1542][0.810756 -0.570737 0.130135 0.570956 0.820038 0.039341 -0.129169 0.042405 0.990715] 
3d 0 
fr 160441
ts 37252.956671
6d 1 [12 1.000][570.179 -356.261 430.293 -2.4372 -7.4257 -35.1543][0.810748 -0.570766 0.130057 0.570951 0.820030 0.039579 -0.129241 0.042168 0.990716] 
3d 0 
fr 160442
ts 37252.973334
6d 1 [12 1.000][570.179 -356.261 430.293 -2.4372 -7.4257 -35.1543][0.810748 -0.570766 0.130057 0.570951 0.820030 0.039579 -0.129241 0.042168 0.990716] 
3d 0 
fr 160443
ts 37252.990006
6d 1 [12 1.000][570.179 -356.261 430.293 -2.4372 -7.4257 -35.1543][0.810748 -0.570766 0.130057 0.570951 0.820030 0.039579 -0.129241 0.042168 0.990716] 
3d 0 
fr 160444
ts 37253.006669
6d 1 [12 1.000][570.179 -356.261 430.293 -2.4372 -7.4257 -35.1543][0.810748 -0.570766 0.130057 0.570951 0.820030 0.039579 -0.129241 0.042168 0.990716] 
3d 0 
fr 160445
ts 37253.023332
6d 1 [12 1.000][570.182 -356.176 430.280 -2.4384 -7.4274 -35.1528][0.810759 -0.570741 0.130093 0.570928 0.820046 0.039574 -0.129269 0.042189 0.990712] 
3d 0 
fr 160446
ts 37253.039997
6d 1 [12 1.000][570.187 -356.196 430.282 -2.4393 -7.4275 -35.1511][0.810776 -0.570715 0.130105 0.570904 0.820063 0.039560 -0.129272 0.042203 0.990711] 
3d 0 
fr 160447
ts 37253.056654
6d 1 [12 1.000][570.195 -356.183 430.282 -2.4431 -7.4280 -35.1514][0.810772 -0.570710 0.130150 0.570908 0.820063 0.039511 -0.129281 0.042269 0.990707] 
3d 0 
fr 160448
ts 37253.073316
6d 1 [12 1.000][570.183 -356.190 430.280 -2.4429 -7.4265 -35.1504][0.810785 -0.570697 0.130128 0.570895 0.820072 0.039496 -0.129254 0.042267 0.990710] 
3d 0 
fr 160449
ts 37253.089968
6d 1 [12 1.000][570.197 -356.182 430.289 -2.4464 -7.4259 -35.1518][0.810772 -0.570710 0.130153 0.570916 0.820060 0.039443 -0.129244 0.042327 0.990709] 
3d 0 
fr 160450
ts 37253.106630
6d 1 [12 1.000][570.186 -356.193 430.292 -2.4515 -7.4291 -35.1449][0.810835 -0.570597 0.130254 0.570814 0.820134 0.039388 -0.129300 0.042414 0.990698] 
3d 0 
fr 160451
ts 37253.123276
6d 1 [12 1.000][570.186 -356.193 430.292 -2.4515 -7.4291 -35.1449][0.810835 -0.570597 0.130254 0.570814 0.820134 0.039388 -0.129300 0.042414 0.990698] 
3d 0 
fr 160452
ts 37253.139937
6d 1 [12 1.000][570.186 -356.193 430.292 -2.4515 -7.4291 -35.1449][0.810835 -0.570597 0.130254 0.570814 0.820134 0.039388 -0.129300 0.042414 0.990698] 
3d 0 
fr 160453
ts 37253.156624
