fr 177944
ts 58884.607021
6d 1 [12 1.000][469.288 -535.942 1234.322 -20.1178 -0.3372 -174.6022][-0.995548 -0.090346 0.026853 0.094069 -0.934633 0.342947 -0.005886 0.343946 0.938971] 
3d 0 
fr 177945
ts 58884.623661
6d 1 [12 1.000][469.261 -535.902 1234.262 -20.1334 -0.3411 -174.6030][-0.995549 -0.090348 0.026811 0.094054 -0.934539 0.343208 -0.005952 0.344202 0.938877] 
3d 0 
fr 177946
ts 58884.640327
6d 1 [12 1.000][469.115 -535.995 1234.206 -20.1253 -0.3418 -174.6137][-0.995567 -0.090182 0.026721 0.093868 -0.934604 0.343082 -0.005966 0.344069 0.938925] 
3d 0 
fr 177947
ts 58884.657016
6d 1 [12 1.000][469.211 -535.762 1234.053 -20.1518 -0.3397 -174.6451][-0.995618 -0.089646 0.026610 0.093323 -0.934495 0.343525 -0.005929 0.344503 0.938767] 
3d 0 
fr 177948
ts 58884.673678
6d 1 [12 1.000][469.134 -535.687 1233.953 -20.1532 -0.3347 -174.6333][-0.995599 -0.089808 0.026764 0.093528 -0.934471 0.343535 -0.005842 0.344526 0.938759] 
3d 0 
fr 177949
ts 58884.690356
6d 1 [12 1.000][469.140 -535.344 1233.850 -20.1322 -0.3325 -174.6309][-0.995596 -0.089842 0.026781 0.093569 -0.934595 0.343186 -0.005803 0.344181 0.938885] 
3d 0 
fr 177950
ts 58884.707021
6d 1 [12 1.000][469.377 -534.705 1233.640 -20.1271 -0.3273 -174.5712][-0.995498 -0.090788 0.027215 0.094607 -0.934534 0.343068 -0.005713 0.344098 0.938916] 
3d 0 
fr 177951
ts 58884.723697
6d 1 [12 1.000][469.629 -533.961 1233.466 -20.2045 -0.3260 -174.4567][-0.995307 -0.092610 0.028048 0.096597 -0.933888 0.344272 -0.005689 0.345366 0.938451] 
3d 0 
fr 177952
ts 58884.740358
6d 1 [12 1.000][469.789 -533.476 1233.370 -20.1522 -0.3240 -174.4454][-0.995289 -0.092807 0.028063 0.096792 -0.934184 0.343411 -0.005655 0.344509 0.938766] 
3d 0 
fr 177953
ts 58884.757027
6d 1 [12 1.000][469.954 -533.005 1233.280 -20.1437 -0.3240 -174.4220][-0.995249 -0.093193 0.028190 0.097199 -0.934197 0.343261 -0.005654 0.344370 0.938817] 
3d 0 
fr 177954
ts 58884.773688
6d 1 [12 1.000][469.968 -532.869 1233.199 -20.1516 -0.3207 -174.4734][-0.995336 -0.092331 0.027949 0.096306 -0.934235 0.343410 -0.005596 0.344500 0.938770] 
3d 0 
fr 177955
ts 58884.790350
6d 1 [12 1.000][469.940 -532.669 1233.057 -20.2305 -0.3182 -174.4386][-0.995278 -0.092845 0.028326 0.096911 -0.933707 0.344674 -0.005553 0.345792 0.938295] 
3d 0 
fr 177956
ts 58884.807012
6d 1 [12 1.000][469.826 -532.421 1232.955 -20.3299 -0.3239 -174.3919][-0.995198 -0.093591 0.028675 0.097722 -0.933028 0.346279 -0.005654 0.347419 0.937693] 
3d 0 
fr 177957
ts 58884.823663
6d 1 [12 1.000][469.679 -532.477 1232.843 -20.3489 -0.3252 -174.3753][-0.995169 -0.093860 0.028787 0.098011 -0.932885 0.346583 -0.005676 0.347730 0.937578] 
3d 0 
fr 177958
ts 58884.840327
6d 1 [12 1.000][469.534 -532.622 1232.748 -20.3658 -0.3257 -174.3780][-0.995174 -0.093810 0.028790 0.097963 -0.932787 0.346861 -0.005684 0.348007 0.937475] 
3d 0 
fr 177959
ts 58884.856971
6d 1 [12 1.000][469.366 -532.831 1232.745 -20.3704 -0.3286 -174.3876][-0.995190 -0.093668 0.028692 0.097796 -0.932773 0.346946 -0.005735 0.348083 0.937446] 
3d 0 
fr 177960
ts 58884.873638
6d 1 [12 1.000][469.312 -533.000 1232.604 -20.4159 -0.3201 -174.4675][-0.995326 -0.092294 0.028419 0.096409 -0.932632 0.347712 -0.005587 0.348827 0.937171] 
3d 0 
fr 177961
ts 58884.890326
6d 1 [12 1.000][469.619 -532.545 1232.490 -20.4304 -0.3180 -174.4455][-0.995289 -0.092632 0.028611 0.096791 -0.932509 0.347933 -0.005550 0.349064 0.937083] 
3d 0 
fr 177962
ts 58884.906991
6d 1 [12 1.000][469.855 -531.942 1232.423 -20.4779 -0.3242 -174.3782][-0.995174 -0.093741 0.028996 0.097960 -0.932107 0.348683 -0.005659 0.349841 0.936792] 
3d 0 
fr 177963
ts 58884.923674
6d 1 [12 1.000][470.011 -531.974 1232.414 -20.4556 -0.3254 -174.3874][-0.995190 -0.093610 0.028884 0.097800 -0.932258 0.348326 -0.005680 0.349475 0.936928] 
3d 0 
fr 177964
ts 58884.940338
6d 1 [12 1.000][470.068 -532.155 1232.425 -20.3638 -0.3230 -174.4546][-0.995304 -0.092547 0.028366 0.096633 -0.932925 0.346862 -0.005637 0.347974 0.937487] 
3d 0 
fr 177965
ts 58884.957018
6d 1 [12 1.000][470.037 -532.134 1232.351 -20.4635 -0.3252 -174.4126][-0.995233 -0.093195 0.028748 0.097363 -0.932250 0.348468 -0.005675 0.349606 0.936880] 
3d 0 
fr 177966
ts 58884.973679
6d 1 [12 1.000][469.868 -532.474 1232.299 -20.4836 -0.3235 -174.4198][-0.995245 -0.093058 0.028764 0.097238 -0.932141 0.348795 -0.005646 0.349934 0.936758] 
3d 0 
fr 177967
ts 58884.990350
6d 1 [12 1.000][469.942 -532.592 1232.309 -20.4573 -0.3167 -174.4390][-0.995278 -0.092716 0.028715 0.096904 -0.932336 0.348366 -0.005527 0.349503 0.936919] 
3d 0 
fr 177968
ts 58885.007013
6d 1 [12 1.000][470.002 -532.729 1232.262 -20.4700 -0.3054 -174.4598][-0.995315 -0.092303 0.028792 0.096542 -0.932299 0.348565 -0.005331 0.349711 0.936842] 
3d 0 
fr 177969
ts 58885.023674
6d 1 [12 1.000][470.163 -532.470 1232.291 -20.4667 -0.3007 -174.4526][-0.995303 -0.092394 0.028907 0.096668 -0.932310 0.348501 -0.005249 0.349659 0.936862] 
3d 0 
fr 177970
ts 58885.040339
6d 1 [12 1.000][470.336 -532.201 1232.301 -20.4609 -0.3034 -174.3616][-0.995148 -0.093894 0.029409 0.098249 -0.932196 0.348363 -0.005294 0.349563 0.936898] 
3d 0 
fr 177971
ts 58885.056997
6d 1 [12 1.000][470.337 -532.474 1232.415 -20.3998 -0.3029 -174.4048][-0.995222 -0.093218 0.029053 0.097497 -0.932638 0.347391 -0.005287 0.348564 0.937270] 
3d 0 
fr 177972
ts 58885.073659
6d 1 [12 1.000][470.147 -533.045 1232.544 -20.3549 -0.3000 -174.4214][-0.995250 -0.092953 0.028928 0.097210 -0.932938 0.346664 -0.005235 0.347830 0.937543] 
3d 0 
fr 177973
ts 58885.090306
6d 1 [12 1.000][470.117 -533.518 1232.687 -20.3199 -0.2934 -174.5600][-0.995483 -0.090674 0.028140 0.094802 -0.933376 0.346153 -0.005122 0.347257 0.937756] 
3d 0 
fr 177974
ts 58885.106972
6d 1 [12 1.000][470.315 -533.457 1232.710 -20.3275 -0.2869 -174.5719][-0.995503 -0.090438 0.028187 0.094596 -0.933353 0.346272 -0.005007 0.347382 0.937710] 
3d 0 
fr 177975
ts 58885.123616
6d 1 [12 1.000][470.639 -533.062 1232.756 -20.3108 -0.2883 -174.5154][-0.995409 -0.091375 0.028479 0.095578 -0.933363 0.345974 -0.005032 0.347108 0.937812] 
3d 0 
fr 177976
ts 58885.140270
6d 1 [12 1.000][470.981 -532.903 1232.915 -20.1886 -0.2917 -174.5216][-0.995419 -0.091354 0.028191 0.095469 -0.934107 0.343991 -0.005092 0.345107 0.938550] 
3d 0 
fr 177977
ts 58885.156967
6d 1 [12 1.000][471.073 -533.049 1233.022 -20.1995 -0.2996 -174.5444][-0.995456 -0.091025 0.027943 0.095074 -0.934073 0.344192 -0.005229 0.345285 0.938483] 
3d 0 
fr 177978
ts 58885.173627
6d 1 [12 1.000][471.080 -533.374 1233.063 -20.1865 -0.2993 -174.5831][-0.995521 -0.090397 0.027695 0.094400 -0.934213 0.343999 -0.005223 0.345073 0.938561] 
3d 0 
fr 177979
ts 58885.190311
6d 1 [12 1.000][470.742 -533.911 1233.074 -20.1783 -0.3008 -174.6030][-0.995553 -0.090086 0.027539 0.094055 -0.934293 0.343876 -0.005249 0.344937 0.938611] 
3d 0 
fr 177980
ts 58885.206973
6d 1 [12 1.000][470.702 -533.915 1233.149 -20.2384 -0.3114 -174.5827][-0.995519 -0.090451 0.027582 0.094407 -0.933893 0.344863 -0.005434 0.345922 0.938248] 
3d 0 
fr 177981
ts 58885.223645
6d 1 [12 1.000][470.823 -533.965 1233.222 -20.2439 -0.3157 -174.5977][-0.995543 -0.090231 0.027430 0.094147 -0.933881 0.344968 -0.005511 0.346012 0.938214] 
3d 0 
fr 177982
ts 58885.240311
6d 1 [12 1.000][471.002 -533.724 1233.243 -20.1874 -0.3276 -174.5973][-0.995541 -0.090336 0.027149 0.094154 -0.934214 0.344063 -0.005718 0.345085 0.938554] 
3d 0 
fr 177983
ts 58885.256979
6d 1 [12 1.000][471.032 -534.020 1233.284 -20.1590 -0.3269 -174.6195][-0.995578 -0.089982 0.026982 0.093767 -0.934420 0.343610 -0.005706 0.344620 0.938725] 
3d 0 
fr 177984
ts 58885.273640
6d 1 [12 1.000][471.094 -534.037 1233.316 -20.1425 -0.3294 -174.6314][-0.995597 -0.089812 0.026846 0.093562 -0.934536 0.343350 -0.005749 0.344350 0.938824] 
3d 0 
fr 177985
ts 58885.290299
6d 1 [12 1.000][471.144 -534.113 1233.371 -20.1250 -0.3292 -174.6527][-0.995632 -0.089470 0.026694 0.093191 -0.934674 0.343074 -0.005745 0.344063 0.938929] 
3d 0 
fr 177986
ts 58885.306963
6d 1 [12 1.000][471.002 -534.263 1233.401 -20.1069 -0.3316 -174.6663][-0.995653 -0.089272 0.026545 0.092955 -0.934802 0.342789 -0.005787 0.343767 0.939037] 
3d 0 
fr 177987
ts 58885.323618
6d 1 [12 1.000][470.869 -534.303 1233.367 -20.1574 -0.3386 -174.5834][-0.995517 -0.090643 0.027005 0.094395 -0.934365 0.343585 -0.005910 0.344594 0.938733] 
3d 0 
fr 177988
ts 58885.340280
6d 1 [12 1.000][470.735 -534.233 1233.399 -20.2153 -0.3522 -174.5260][-0.995421 -0.091633 0.027221 0.095393 -0.933919 0.344523 -0.006147 0.345542 0.938383] 
3d 0 
fr 177989
ts 58885.356927
6d 1 [12 1.000][470.579 -534.450 1233.438 -20.2182 -0.3608 -174.5643][-0.995483 -0.091058 0.026856 0.094727 -0.933958 0.344602 -0.006297 0.345589 0.938365] 
3d 0 
fr 177990
ts 58885.373591
6d 1 [12 1.000][470.435 -534.744 1233.469 -20.2166 -0.3657 -174.5989][-0.995540 -0.090524 0.026565 0.094125 -0.934019 0.344599 -0.006382 0.345562 0.938374] 
3d 0 
fr 177991
ts 58885.390231
6d 1 [12 1.000][470.267 -535.049 1233.467 -20.2074 -0.3643 -174.6089][-0.995557 -0.090357 0.026512 0.093951 -0.934091 0.344452 -0.006359 0.345412 0.938429] 
3d 0 
fr 177992
ts 58885.406892
6d 1 [12 1.000][470.373 -534.914 1233.476 -20.2084 -0.3654 -174.6199][-0.995574 -0.090185 0.026431 0.093761 -0.934102 0.344475 -0.006377 0.345428 0.938423] 
3d 0 
fr 177993
ts 58885.423579
6d 1 [12 1.000][470.415 -534.651 1233.415 -20.2191 -0.3675 -174.5839][-0.995515 -0.090778 0.026630 0.094386 -0.933979 0.344636 -0.006413 0.345604 0.938359] 
3d 0 
fr 177994
ts 58885.440240
6d 1 [12 1.000][470.374 -534.803 1233.447 -20.2225 -0.3675 -174.5810][-0.995510 -0.090824 0.026652 0.094436 -0.933954 0.344690 -0.006414 0.345660 0.938338] 
3d 0 
fr 177995
ts 58885.456919
6d 1 [12 1.000][470.313 -534.991 1233.461 -20.2231 -0.3623 -174.6089][-0.995557 -0.090338 0.026571 0.093952 -0.933998 0.344705 -0.006323 0.345669 0.938335] 
3d 0 
fr 177996
ts 58885.473581
6d 1 [12 1.000][470.491 -534.827 1233.402 -20.2220 -0.3556 -174.6103][-0.995560 -0.090275 0.026670 0.093927 -0.934010 0.344677 -0.006206 0.345651 0.938342] 
3d 0 
fr 177997
ts 58885.490250
6d 1 [12 1.000][470.497 -534.856 1233.337 -20.2198 -0.3223 -174.6156][-0.995572 -0.089991 0.027176 0.093836 -0.934051 0.344593 -0.005626 0.345617 0.938359] 
3d 0 
fr 177998
ts 58885.506914
6d 1 [12 1.000][470.574 -534.519 1233.277 -20.2123 -0.3442 -174.5988][-0.995542 -0.090399 0.026909 0.094128 -0.934057 0.344496 -0.006007 0.345493 0.938402] 
3d 0 
fr 177999
ts 58885.523580
6d 1 [12 1.000][470.567 -534.652 1233.294 -20.2159 -0.3388 -174.6005][-0.995545 -0.090337 0.026994 0.094098 -0.934041 0.344548 -0.005912 0.345553 0.938381] 
3d 0 
fr 178000
ts 58885.540241
6d 1 [12 1.000][470.701 -534.459 1233.266 -20.2209 -0.3347 -174.5999][-0.995545 -0.090320 0.027070 0.094108 -0.934012 0.344623 -0.005842 0.345635 0.938351] 
3d 0 
fr 178001
ts 58885.556899
6d 1 [12 1.000][470.701 -534.522 1233.246 -20.2247 -0.3280 -174.6076][-0.995558 -0.090152 0.027140 0.093974 -0.934005 0.344678 -0.005725 0.345697 0.938329] 
3d 0 
fr 178002
ts 58885.573562
6d 1 [12 1.000][470.672 -534.571 1233.195 -20.2273 -0.3189 -174.6422][-0.995616 -0.089532 0.027084 0.093373 -0.934049 0.344722 -0.005566 0.345740 0.938314] 
3d 0 
fr 178003
ts 58885.590213
6d 1 [12 1.000][470.679 -534.396 1233.204 -20.2364 -0.3220 -174.6206][-0.995580 -0.089899 0.027178 0.093749 -0.933959 0.344865 -0.005620 0.345888 0.938259] 
3d 0 
fr 178004
ts 58885.606875
6d 1 [12 1.000][470.628 -534.459 1233.187 -20.2417 -0.3161 -174.6555][-0.995637 -0.089293 0.027073 0.093143 -0.933985 0.344958 -0.005517 0.345975 0.938227] 
3d 0 
fr 178005
ts 58885.623519
6d 1 [12 1.000][470.741 -534.220 1233.162 -20.2429 -0.3151 -174.6588][-0.995643 -0.089231 0.027071 0.093085 -0.933983 0.344979 -0.005499 0.345996 0.938220] 
3d 0 
fr 178006
ts 58885.640182
6d 1 [12 1.000][470.742 -534.229 1233.134 -20.2463 -0.3115 -174.6485][-0.995627 -0.089376 0.027196 0.093264 -0.933949 0.345023 -0.005437 0.346051 0.938200] 
3d 0 
fr 178007
ts 58885.656870
6d 1 [12 1.000][470.645 -534.227 1233.086 -20.2500 -0.3057 -174.6550][-0.995638 -0.089234 0.027259 0.093152 -0.933940 0.345078 -0.005335 0.346112 0.938178] 
3d 0 
fr 178008
ts 58885.673532
6d 1 [12 1.000][470.616 -534.118 1233.053 -20.2475 -0.3071 -174.6473][-0.995625 -0.089368 0.027278 0.093285 -0.933942 0.345036 -0.005360 0.346071 0.938193] 
3d 0 
fr 178009
ts 58885.690216
6d 1 [12 1.000][470.452 -534.108 1233.029 -20.2548 -0.3045 -174.6482][-0.995627 -0.089336 0.027325 0.093270 -0.933901 0.345151 -0.005315 0.346190 0.938149] 
3d 0 
fr 178010
ts 58885.706877
6d 1 [12 1.000][470.495 -533.991 1232.993 -20.2694 -0.3064 -174.6461][-0.995623 -0.089373 0.027330 0.093305 -0.933809 0.345392 -0.005348 0.346430 0.938061] 
3d 0 
fr 178011
ts 58885.723552
6d 1 [12 1.000][470.558 -533.614 1232.949 -20.2794 -0.3112 -174.6062][-0.995558 -0.090047 0.027508 0.093999 -0.933683 0.345543 -0.005431 0.346594 0.938000] 
3d 0 
fr 178012
ts 58885.740214
6d 1 [12 1.000][470.646 -533.366 1232.917 -20.2808 -0.3150 -174.5884][-0.995528 -0.090361 0.027557 0.094309 -0.933645 0.345562 -0.005497 0.346616 0.937991] 
3d 0 
fr 178013
ts 58885.756882
6d 1 [12 1.000][470.623 -533.284 1232.919 -20.2771 -0.3213 -174.5737][-0.995503 -0.090639 0.027536 0.094563 -0.933640 0.345505 -0.005608 0.346555 0.938013] 
3d 0 
fr 178014
ts 58885.773545
6d 1 [12 1.000][470.637 -533.295 1232.959 -20.2009 -0.3261 -174.5843][-0.995520 -0.090532 0.027273 0.094380 -0.934113 0.344275 -0.005692 0.345307 0.938472] 
3d 0 
fr 178015
ts 58885.790203
6d 1 [12 1.000][470.621 -533.330 1232.909 -20.2219 -0.3300 -174.5810][-0.995514 -0.090600 0.027263 0.094437 -0.933979 0.344622 -0.005759 0.345651 0.938345] 
3d 0 
fr 178016
ts 58885.806867
6d 1 [12 1.000][470.407 -533.260 1232.872 -20.2743 -0.3382 -174.5426][-0.995450 -0.091249 0.027444 0.095104 -0.933598 0.345471 -0.005902 0.346509 0.938028] 
3d 0 
fr 178017
ts 58885.823523
6d 1 [12 1.000][470.177 -533.619 1232.872 -20.3350 -0.3448 -174.5391][-0.995443 -0.091317 0.027455 0.095165 -0.933222 0.346468 -0.006017 0.347502 0.937660] 
3d 0 
fr 178018
ts 58885.840184
6d 1 [12 1.000][470.009 -533.928 1232.932 -20.2984 -0.3496 -174.5565][-0.995472 -0.091080 0.027212 0.094862 -0.933468 0.345889 -0.006102 0.346904 0.937881] 
3d 0 
fr 178019
ts 58885.856829
6d 1 [12 1.000][469.926 -534.287 1232.997 -20.3044 -0.3475 -174.6235][-0.995582 -0.089974 0.026851 0.093699 -0.933539 0.346014 -0.006066 0.347001 0.937845] 
3d 0 
fr 178020
ts 58885.873495
6d 1 [12 1.000][469.823 -534.572 1233.120 -20.3198 -0.3479 -174.6655][-0.995651 -0.089283 0.026616 0.092968 -0.933511 0.346286 -0.006071 0.347254 0.937752] 
3d 0 
fr 178021
ts 58885.890136
6d 1 [12 1.000][469.735 -534.747 1233.185 -20.3099 -0.3446 -174.6607][-0.995643 -0.089346 0.026682 0.093051 -0.933566 0.346116 -0.006015 0.347091 0.937812] 
3d 0 
fr 178022
ts 58885.906798
6d 1 [12 1.000][469.522 -535.351 1233.352 -20.3021 -0.3405 -174.7516][-0.995790 -0.087844 0.026189 0.091472 -0.933756 0.346025 -0.005942 0.346964 0.937860] 
3d 0 
fr 178023
ts 58885.923484
6d 1 [12 1.000][469.524 -535.490 1233.493 -20.2739 -0.3362 -174.7535][-0.995793 -0.087800 0.026204 0.091439 -0.933931 0.345560 -0.005868 0.346503 0.938031] 
3d 0 
fr 178024
ts 58885.940146
6d 1 [12 1.000][469.636 -535.421 1233.550 -20.2612 -0.3336 -174.7285][-0.995754 -0.088198 0.026378 0.091874 -0.933971 0.345337 -0.005822 0.346294 0.938108] 
3d 0 
fr 178025
ts 58885.956825
6d 1 [12 1.000][469.675 -535.522 1233.614 -20.2491 -0.3307 -174.7400][-0.995772 -0.087999 0.026336 0.091674 -0.934063 0.345141 -0.005772 0.346096 0.938181] 
3d 0 
fr 178026
ts 58885.973487
6d 1 [12 1.000][469.756 -535.377 1233.639 -20.2312 -0.3320 -174.6494][-0.995626 -0.089491 0.026833 0.093248 -0.934029 0.344810 -0.005795 0.345804 0.938289] 
3d 0 
fr 178027
ts 58885.990155
6d 1 [12 1.000][469.600 -535.893 1233.721 -20.2142 -0.3259 -174.7149][-0.995733 -0.088395 0.026512 0.092110 -0.934237 0.344553 -0.005688 0.345525 0.938392] 
3d 0 
fr 178028
ts 58886.006822
6d 1 [12 1.000][469.683 -535.915 1233.704 -20.1981 -0.3170 -174.7273][-0.995753 -0.088147 0.026558 0.091895 -0.934357 0.344284 -0.005533 0.345262 0.938490] 
3d 0 
fr 178029
ts 58886.023487
6d 1 [12 1.000][469.868 -535.525 1233.660 -20.1858 -0.3121 -174.7206][-0.995743 -0.088233 0.026659 0.092011 -0.934424 0.344073 -0.005448 0.345061 0.938564] 
3d 0 
fr 178030
ts 58886.040148
6d 1 [12 1.000][469.972 -535.345 1233.647 -20.1863 -0.3113 -174.6383][-0.995610 -0.089570 0.027168 0.093442 -0.934294 0.344041 -0.005433 0.345069 0.938561] 
3d 0 
fr 178031
ts 58886.056803
6d 1 [12 1.000][469.853 -535.552 1233.690 -20.1987 -0.3109 -174.6717][-0.995664 -0.089017 0.026993 0.092861 -0.934272 0.344257 -0.005426 0.345271 0.938487] 
3d 0 
fr 178032
ts 58886.073468
6d 1 [12 1.000][469.740 -535.934 1233.722 -20.1936 -0.3076 -174.7619][-0.995809 -0.087529 0.026497 0.091294 -0.934443 0.344213 -0.005368 0.345189 0.938518] 
3d 0 
fr 178033
ts 58886.090120
6d 1 [12 1.000][469.609 -536.355 1233.764 -20.1888 -0.2996 -174.8419][-0.995937 -0.086179 0.026139 0.089904 -0.934598 0.344158 -0.005229 0.345109 0.938548] 
3d 0 
fr 178034
ts 58886.106783
6d 1 [12 1.000][469.751 -536.110 1233.732 -20.1886 -0.2978 -174.8051][-0.995879 -0.086768 0.026390 0.090543 -0.934544 0.344135 -0.005197 0.345106 0.938549] 
3d 0 
fr 178035
ts 58886.123424
6d 1 [12 1.000][469.852 -535.829 1233.741 -20.1824 -0.3060 -174.7756][-0.995832 -0.087301 0.026424 0.091055 -0.934532 0.344033 -0.005340 0.345005 0.938586] 
3d 0 
fr 178036
ts 58886.140089
6d 1 [12 1.000][470.036 -535.623 1233.670 -20.1805 -0.3094 -174.7331][-0.995763 -0.088016 0.026620 0.091794 -0.934476 0.343988 -0.005401 0.344974 0.938597] 
3d 0 
fr 178037
ts 58886.156779
6d 1 [12 1.000][469.866 -536.088 1233.676 -20.1844 -0.3059 -174.7923][-0.995858 -0.087026 0.026327 0.090764 -0.934546 0.344073 -0.005340 0.345037 0.938574] 
3d 0 
fr 178038
ts 58886.173440
6d 1 [12 1.000][469.849 -536.187 1233.682 -20.2194 -0.3029 -174.8053][-0.995879 -0.086780 0.026352 0.090539 -0.934357 0.344645 -0.005286 0.345611 0.938363] 
3d 0 
fr 178039
ts 58886.190123
6d 1 [12 1.000][469.897 -536.113 1233.717 -20.1854 -0.3044 -174.8045][-0.995877 -0.086818 0.026280 0.090553 -0.934559 0.344093 -0.005313 0.345054 0.938568] 
3d 0 
fr 178040
ts 58886.206785
6d 1 [12 1.000][470.019 -536.008 1233.682 -20.1792 -0.3028 -174.7876][-0.995851 -0.087087 0.026399 0.090847 -0.934572 0.343981 -0.005284 0.344952 0.938606] 
3d 0 
fr 178041
ts 58886.223461
6d 1 [12 1.000][470.131 -535.809 1233.671 -20.1733 -0.3027 -174.7212][-0.995745 -0.088173 0.026791 0.092001 -0.934505 0.343855 -0.005283 0.344857 0.938641] 
3d 0 
fr 178042
ts 58886.240124
6d 1 [12 1.000][470.198 -535.910 1233.643 -20.1777 -0.2986 -174.7583][-0.995805 -0.087540 0.026641 0.091356 -0.934538 0.343937 -0.005212 0.344928 0.938615] 
3d 0 
fr 178043
ts 58886.256792
6d 1 [12 1.000][470.336 -535.697 1233.617 -20.1865 -0.2981 -174.7085][-0.995725 -0.088346 0.026962 0.092221 -0.934409 0.344057 -0.005203 0.345073 0.938561] 
3d 0 
fr 178044
ts 58886.273454
6d 1 [12 1.000][470.297 -535.879 1233.597 -20.1934 -0.2957 -174.7217][-0.995746 -0.088113 0.026931 0.091992 -0.934389 0.344172 -0.005162 0.345186 0.938520] 
3d 0 
fr 178045
ts 58886.290116
6d 1 [12 1.000][470.196 -536.312 1233.702 -20.1820 -0.2877 -174.7540][-0.995799 -0.087544 0.026851 0.091432 -0.934511 0.343990 -0.005021 0.344999 0.938589] 
3d 0 
fr 178046
ts 58886.306779
6d 1 [12 1.000][470.255 -536.378 1233.753 -20.1799 -0.2815 -174.8305][-0.995921 -0.086259 0.026490 0.090101 -0.934644 0.343981 -0.004912 0.344964 0.938603] 
3d 0 
fr 178047
ts 58886.323433
6d 1 [12 1.000][470.374 -536.113 1233.756 -20.1792 -0.2816 -174.7762][-0.995835 -0.087146 0.026813 0.091045 -0.934566 0.343944 -0.004915 0.344953 0.938607] 
3d 0 
fr 178048
ts 58886.340096
6d 1 [12 1.000][470.413 -536.180 1233.748 -20.1792 -0.2796 -174.7748][-0.995833 -0.087157 0.026855 0.091070 -0.934564 0.343941 -0.004879 0.344954 0.938607] 
3d 0 
fr 178049
ts 58886.356741
6d 1 [12 1.000][470.474 -536.056 1233.701 -20.1810 -0.2768 -174.7647][-0.995817 -0.087304 0.026964 0.091246 -0.934540 0.343962 -0.004830 0.344984 0.938596] 
3d 0 
fr 178050
ts 58886.373406
6d 1 [12 1.000][470.813 -535.645 1233.739 -20.1840 -0.2791 -174.7297][-0.995761 -0.087887 0.027140 0.091853 -0.934467 0.343997 -0.004872 0.345032 0.938578] 
3d 0 
fr 178051
ts 58886.390046
6d 1 [12 1.000][470.861 -535.644 1233.746 -20.1957 -0.2813 -174.7132][-0.995734 -0.088163 0.027221 0.092139 -0.934371 0.344183 -0.004910 0.345223 0.938508] 
3d 0 
fr 178052
ts 58886.406707
6d 1 [12 1.000][470.887 -535.757 1233.741 -20.2360 -0.2801 -174.7154][-0.995738 -0.088101 0.027289 0.092101 -0.934132 0.344840 -0.004889 0.345883 0.938265] 
3d 0 
fr 178053
ts 58886.423395
6d 1 [12 1.000][470.836 -535.781 1233.777 -20.2503 -0.2861 -174.6994][-0.995711 -0.088391 0.027310 0.092379 -0.934018 0.345074 -0.004993 0.346117 0.938178] 
3d 0 
fr 178054
ts 58886.440057
6d 1 [12 1.000][470.850 -535.759 1233.799 -20.2576 -0.2894 -174.6905][-0.995697 -0.088554 0.027321 0.092535 -0.933958 0.345195 -0.005051 0.346238 0.938133] 
3d 0 
fr 178055
ts 58886.456736
6d 1 [12 1.000][470.870 -535.701 1233.840 -20.2590 -0.2947 -174.6955][-0.995704 -0.088503 0.027208 0.092448 -0.933954 0.345228 -0.005143 0.346261 0.938124] 
3d 0 
fr 178056
ts 58886.473397
6d 1 [12 1.000][470.757 -536.208 1233.833 -20.2711 -0.2890 -174.7079][-0.995725 -0.088261 0.027245 0.092232 -0.933904 0.345422 -0.005043 0.346458 0.938052] 
3d 0 
fr 178057
ts 58886.490070
6d 1 [12 1.000][470.614 -536.617 1233.874 -20.2726 -0.2816 -174.8434][-0.995941 -0.086008 0.026550 0.089878 -0.934105 0.345500 -0.004915 0.346483 0.938043] 
3d 0 
fr 178058
ts 58886.506732
6d 1 [12 1.000][470.532 -536.694 1233.905 -20.2814 -0.2776 -174.8262][-0.995914 -0.086260 0.026732 0.090177 -0.934029 0.345628 -0.004846 0.346627 0.937991] 
3d 0 
fr 178059
ts 58886.523394
6d 1 [12 1.000][470.636 -536.594 1233.946 -20.2880 -0.2751 -174.8259][-0.995914 -0.086245 0.026784 0.090181 -0.933990 0.345732 -0.004802 0.346735 0.937951] 
3d 0 
fr 178060
ts 58886.540059
6d 1 [12 1.000][470.931 -536.110 1233.958 -20.2950 -0.2758 -174.7849][-0.995849 -0.086915 0.027031 0.090894 -0.933885 0.345828 -0.004814 0.346849 0.937909] 
3d 0 
fr 178061
ts 58886.556715
6d 1 [12 1.000][470.722 -536.598 1233.980 -20.3002 -0.2709 -174.8415][-0.995939 -0.085960 0.026777 0.089910 -0.933942 0.345932 -0.004728 0.346934 0.937877] 
3d 0 
fr 178062
ts 58886.573380
6d 1 [12 1.000][470.407 -537.147 1234.044 -20.3016 -0.2636 -174.8790][-0.995998 -0.085305 0.026672 0.089259 -0.933993 0.345963 -0.004600 0.346959 0.937869] 
3d 0 
fr 178063
ts 58886.590032
6d 1 [12 1.000][470.292 -537.352 1234.119 -20.3083 -0.2544 -174.9121][-0.996050 -0.084706 0.026632 0.088683 -0.934007 0.346073 -0.004440 0.347068 0.937830] 
3d 0 
fr 178064
ts 58886.606694
6d 1 [12 1.000][470.452 -536.898 1234.125 -20.3145 -0.2577 -174.8988][-0.996029 -0.084940 0.026667 0.088914 -0.933948 0.346173 -0.004498 0.347169 0.937792] 
3d 0 
fr 178065
ts 58886.623335
6d 1 [12 1.000][470.320 -537.121 1234.170 -20.3175 -0.2603 -174.9103][-0.996047 -0.084767 0.026560 0.088714 -0.933945 0.346231 -0.004543 0.347218 0.937773] 
3d 0 
fr 178066
ts 58886.640001
6d 1 [12 1.000][470.292 -537.036 1234.216 -20.2837 -0.2692 -174.8863][-0.996009 -0.085227 0.026510 0.089131 -0.934109 0.345683 -0.004698 0.346666 0.937977] 
3d 0 
fr 178067
ts 58886.656687
6d 1 [12 1.000][470.074 -537.345 1234.254 -20.2197 -0.2700 -174.8834][-0.996004 -0.085309 0.026419 0.089181 -0.934490 0.344639 -0.004713 0.345618 0.938364] 
3d 0 
fr 178068
ts 58886.673354
6d 1 [12 1.000][470.178 -536.905 1234.278 -20.2447 -0.2973 -174.7971][-0.995866 -0.086868 0.026531 0.090681 -0.934195 0.345046 -0.005188 0.346026 0.938211] 
3d 0 
fr 178069
ts 58886.690036
6d 1 [12 1.000][470.303 -536.654 1234.297 -20.2353 -0.3204 -174.6935][-0.995699 -0.088701 0.026764 0.092481 -0.934080 0.344879 -0.005592 0.345871 0.938265] 
3d 0 
fr 178070
ts 58886.706698
6d 1 [12 1.000][470.066 -537.218 1234.378 -20.2126 -0.3332 -174.7633][-0.995809 -0.087651 0.026099 0.091269 -0.934317 0.344561 -0.005816 0.345499 0.938401] 
3d 0 
fr 178071
ts 58886.723375
6d 1 [12 1.000][469.982 -537.267 1234.449 -20.1898 -0.3393 -174.7584][-0.995801 -0.087778 0.025994 0.091354 -0.934443 0.344196 -0.005923 0.345126 0.938538] 
3d 0 
fr 178072
ts 58886.740036
6d 1 [12 1.000][470.255 -536.756 1234.442 -20.1766 -0.3512 -174.6551][-0.995633 -0.089539 0.026401 0.093149 -0.934356 0.343951 -0.006129 0.344908 0.938616] 
3d 0 
fr 178073
ts 58886.756705
6d 1 [12 1.000][470.252 -536.735 1234.473 -20.1675 -0.3549 -174.6528][-0.995629 -0.089603 0.026341 0.093189 -0.934405 0.343808 -0.006193 0.344760 0.938671] 
3d 0 
fr 178074
ts 58886.773367
6d 1 [12 1.000][470.195 -536.798 1234.523 -20.1499 -0.3533 -174.6262][-0.995586 -0.090035 0.026497 0.093650 -0.934469 0.343506 -0.006167 0.344472 0.938776] 
3d 0 
fr 178075
ts 58886.790028
6d 1 [12 1.000][469.959 -537.450 1234.615 -20.1326 -0.3582 -174.6481][-0.995621 -0.089716 0.026259 0.093270 -0.934605 0.343241 -0.006253 0.344187 0.938880] 
3d 0 
fr 178076
ts 58886.806691
6d 1 [12 1.000][470.278 -537.115 1234.607 -20.1248 -0.3600 -174.6945][-0.995696 -0.088973 0.025940 0.092464 -0.934723 0.343138 -0.006283 0.344060 0.938927] 
3d 0 
fr 178077
ts 58886.823347
6d 1 [12 1.000][470.431 -536.998 1234.540 -20.1308 -0.3546 -174.6545][-0.995632 -0.089591 0.026277 0.093160 -0.934627 0.343210 -0.006190 0.344158 0.938891] 
3d 0 
fr 178078
ts 58886.840008
6d 1 [12 1.000][470.382 -537.171 1234.624 -20.1228 -0.3313 -174.6593][-0.995642 -0.089376 0.026615 0.093076 -0.934696 0.343045 -0.005783 0.344027 0.938942] 
3d 0 
fr 178079
ts 58886.856654
6d 1 [12 1.000][470.504 -537.161 1234.575 -20.1161 -0.3197 -174.7079][-0.995722 -0.088518 0.026503 0.092232 -0.934818 0.342941 -0.005581 0.343918 0.938983] 
3d 0 
fr 178080
ts 58886.873320
6d 1 [12 1.000][470.504 -537.315 1234.583 -20.1133 -0.3028 -174.7942][-0.995861 -0.087010 0.026260 0.090733 -0.934976 0.342909 -0.005284 0.343873 0.939001] 
3d 0 
fr 178081
ts 58886.889957
6d 1 [12 1.000][470.570 -537.178 1234.544 -20.1345 -0.2989 -174.7649][-0.995815 -0.087455 0.026530 0.091242 -0.934807 0.343236 -0.005218 0.344220 0.938874] 
3d 0 
fr 178082
ts 58886.906623
6d 1 [12 1.000][470.464 -537.217 1234.583 -20.1368 -0.3072 -174.7678][-0.995819 -0.087456 0.026380 0.091190 -0.934793 0.343287 -0.005362 0.344257 0.938860] 
3d 0 
fr 178083
ts 58886.923306
6d 1 [12 1.000][470.468 -537.218 1234.554 -20.1414 -0.3018 -174.7922][-0.995858 -0.087023 0.026330 0.090766 -0.934805 0.343366 -0.005267 0.344334 0.938832] 
3d 0 
fr 178084
ts 58886.939971
6d 1 [12 1.000][470.487 -537.264 1234.537 -20.1472 -0.3142 -174.8387][-0.995930 -0.086337 0.025858 0.089959 -0.934835 0.343499 -0.005484 0.344427 0.938797] 
3d 0 
fr 178085
ts 58886.956651
6d 1 [12 1.000][470.518 -537.066 1234.474 -20.1563 -0.3099 -174.8184][-0.995899 -0.086639 0.026063 0.090312 -0.934751 0.343633 -0.005409 0.344577 0.938742] 
3d 0 
fr 178086
ts 58886.973312
6d 1 [12 1.000][470.401 -537.086 1234.506 -20.1506 -0.3127 -174.8115][-0.995888 -0.086770 0.026050 0.090432 -0.934773 0.343541 -0.005458 0.344484 0.938776] 
3d 0 
fr 178087
ts 58886.989982
6d 1 [12 1.000][470.390 -537.041 1234.448 -20.1526 -0.3095 -174.8073][-0.995881 -0.086818 0.026130 0.090504 -0.934757 0.343567 -0.005402 0.344517 0.938765] 
3d 0 
fr 178088
ts 58887.006647
6d 1 [12 1.000][470.579 -536.538 1234.352 -20.1658 -0.3090 -174.7766][-0.995833 -0.087311 0.026343 0.091039 -0.934632 0.343767 -0.005394 0.344733 0.938685] 
3d 0 
fr 178089
ts 58887.023313
6d 1 [12 1.000][470.571 -536.321 1234.314 -20.1983 -0.3175 -174.6743][-0.995668 -0.089014 0.026869 0.092815 -0.934275 0.344262 -0.005541 0.345264 0.938489] 
3d 0 
fr 178090
ts 58887.039975
6d 1 [12 1.000][470.432 -536.434 1234.310 -20.2170 -0.3501 -174.6582][-0.995639 -0.089463 0.026462 0.093095 -0.934119 0.344609 -0.006111 0.345570 0.938373] 
3d 0 
fr 178091
ts 58887.056631
6d 1 [12 1.000][470.353 -536.240 1234.309 -20.2019 -0.3339 -174.6665][-0.995654 -0.089238 0.026653 0.092950 -0.934231 0.344343 -0.005828 0.345324 0.938465] 
3d 0 
fr 178092
ts 58887.073295
6d 1 [12 1.000][470.502 -535.925 1234.142 -20.4037 -0.3261 -174.6767][-0.995671 -0.088931 0.027033 0.092774 -0.933033 0.347625 -0.005692 0.348628 0.937244] 
3d 0 
fr 178093
ts 58887.089948
6d 1 [12 1.000][470.579 -535.992 1234.110 -20.3987 -0.3221 -174.6599][-0.995644 -0.089183 0.027193 0.093067 -0.933039 0.347529 -0.005621 0.348546 0.937275] 
3d 0 
fr 178094
ts 58887.106610
6d 1 [12 1.000][470.602 -535.885 1234.116 -20.3986 -0.3234 -174.6586][-0.995642 -0.089211 0.027180 0.093089 -0.933037 0.347528 -0.005644 0.348543 0.937276] 
3d 0 
fr 178095
ts 58887.123252
6d 1 [12 1.000][470.582 -535.967 1234.226 -20.3721 -0.3332 -174.6618][-0.995646 -0.089231 0.026959 0.093033 -0.933198 0.347113 -0.005815 0.348109 0.937436] 
3d 0 
fr 178096
ts 58887.139917
6d 1 [12 1.000][470.618 -536.123 1234.175 -20.2983 -0.3345 -174.6882][-0.995689 -0.088843 0.026663 0.092574 -0.933684 0.345925 -0.005838 0.346902 0.937883] 
3d 0 
fr 178097
ts 58887.156608
6d 1 [12 1.000][470.642 -536.190 1234.180 -20.2882 -0.3384 -174.7602][-0.995804 -0.087698 0.026150 0.091323 -0.933854 0.345799 -0.005906 0.346736 0.937944] 
3d 0 
fr 178098
ts 58887.173269
6d 1 [12 1.000][470.796 -536.036 1234.154 -20.2905 -0.3431 -174.7645][-0.995810 -0.087656 0.026050 0.091248 -0.933844 0.345845 -0.005989 0.346773 0.937930] 
3d 0 
fr 178099
ts 58887.189953
6d 1 [12 1.000][470.866 -536.001 1234.090 -20.3108 -0.3418 -174.7793][-0.995834 -0.087397 0.026013 0.090991 -0.933744 0.346182 -0.005965 0.347107 0.937807] 
3d 0 
fr 178100
ts 58887.206615
6d 1 [12 1.000][470.971 -535.781 1234.079 -20.3292 -0.3462 -174.7569][-0.995798 -0.087780 0.026106 0.091381 -0.933596 0.346478 -0.006042 0.347408 0.937695] 
3d 0 
fr 178101
ts 58887.223291
6d 1 [12 1.000][471.020 -535.706 1234.061 -20.3362 -0.3508 -174.7629][-0.995807 -0.087708 0.026004 0.091276 -0.933561 0.346602 -0.006123 0.347522 0.937652] 
3d 0 
fr 178102
ts 58887.239953
6d 1 [12 1.000][470.965 -535.760 1234.025 -20.3416 -0.3540 -174.7774][-0.995830 -0.087488 0.025873 0.091024 -0.933549 0.346700 -0.006179 0.347609 0.937619] 
3d 0 
fr 178103
ts 58887.256618
6d 1 [12 1.000][470.850 -535.971 1233.964 -20.3443 -0.3524 -174.8089][-0.995880 -0.086963 0.025711 0.090476 -0.933581 0.346757 -0.006151 0.347654 0.937603] 
3d 0 
fr 178104
ts 58887.273284
6d 1 [12 1.000][470.892 -535.796 1233.921 -20.3469 -0.3489 -174.8237][-0.995903 -0.086700 0.025684 0.090219 -0.933590 0.346801 -0.006089 0.347697 0.937587] 
3d 0 
fr 178105
ts 58887.289947
6d 1 [12 1.000][470.897 -535.434 1233.754 -20.3762 -0.3512 -174.7816][-0.995836 -0.087387 0.025947 0.090951 -0.933347 0.347263 -0.006129 0.348177 0.937409] 
3d 0 
fr 178106
ts 58887.306609
6d 1 [12 1.000][470.782 -535.495 1233.698 -20.3788 -0.3466 -174.7898][-0.995850 -0.087224 0.025975 0.090809 -0.933347 0.347301 -0.006050 0.348218 0.937394] 
3d 0 
fr 178107
ts 58887.323261
6d 1 [12 1.000][470.809 -535.219 1233.669 -20.3786 -0.3459 -174.7939][-0.995857 -0.087152 0.025962 0.090736 -0.933354 0.347299 -0.006037 0.348216 0.937395] 
3d 0 
fr 178108
ts 58887.339926
6d 1 [12 1.000][470.624 -535.157 1233.606 -20.3749 -0.3443 -174.7930][-0.995855 -0.087160 0.025988 0.090753 -0.933376 0.347236 -0.006009 0.348155 0.937418] 
3d 0 
fr 178109
ts 58887.356574
6d 1 [12 1.000][470.499 -535.043 1233.503 -20.3448 -0.3411 -174.7412][-0.995773 -0.087998 0.026308 0.091654 -0.933481 0.346716 -0.005953 0.347662 0.937601] 
3d 0 
fr 178110
ts 58887.373239
6d 1 [12 1.000][470.386 -534.662 1233.434 -20.3361 -0.3464 -174.6508][-0.995627 -0.089507 0.026755 0.093224 -0.933391 0.346541 -0.006045 0.347519 0.937653] 
3d 0 
fr 178111
ts 58887.389879
6d 1 [12 1.000][470.393 -534.347 1233.383 -20.3284 -0.3504 -174.6367][-0.995603 -0.089765 0.026762 0.093469 -0.933413 0.346416 -0.006115 0.347394 0.937699] 
3d 0 
fr 178112
ts 58887.406541
6d 1 [12 1.000][470.343 -533.982 1233.322 -20.3216 -0.3598 -174.5953][-0.995535 -0.090499 0.026849 0.094189 -0.933384 0.346299 -0.006280 0.347282 0.937740] 
3d 0 
fr 178113
ts 58887.423228
6d 1 [12 1.000][470.317 -533.670 1233.253 -20.3162 -0.3691 -174.5441][-0.995449 -0.091391 0.026998 0.095077 -0.933330 0.346203 -0.006441 0.347194 0.937771] 
3d 0 
fr 178114
ts 58887.439890
6d 1 [12 1.000][470.221 -533.448 1233.167 -20.3486 -0.3749 -174.4912][-0.995360 -0.092272 0.027275 0.095996 -0.933045 0.346714 -0.006543 0.347724 0.937574] 
3d 0 
fr 178115
ts 58887.456570
6d 1 [12 1.000][470.009 -533.481 1233.108 -20.4103 -0.3811 -174.4935][-0.995363 -0.092242 0.027260 0.095956 -0.932672 0.347729 -0.006651 0.348733 0.937199] 
3d 0 
fr 178116
ts 58887.473233
6d 1 [12 1.000][469.868 -533.630 1233.062 -20.3919 -0.3805 -174.5520][-0.995461 -0.091296 0.026885 0.094940 -0.932877 0.347457 -0.006641 0.348432 0.937310] 
3d 0 
fr 178117
ts 58887.489905
6d 1 [12 1.000][469.899 -533.340 1233.005 -20.3890 -0.3810 -174.5323][-0.995428 -0.091621 0.026992 0.095282 -0.932863 0.347402 -0.006649 0.348385 0.937328] 
3d 0 
fr 178118
ts 58887.506567
6d 1 [12 1.000][469.809 -533.415 1232.960 -20.3912 -0.3787 -174.5166][-0.995402 -0.091861 0.027127 0.095555 -0.932826 0.347426 -0.006610 0.348420 0.937315] 
3d 0 
fr 178119
ts 58887.523233
6d 1 [12 1.000][469.983 -532.933 1232.972 -20.4249 -0.3802 -174.4982][-0.995371 -0.092154 0.027269 0.095875 -0.932591 0.347967 -0.006636 0.348971 0.937110] 
3d 0 
fr 178120
ts 58887.539895
6d 1 [12 1.000][470.023 -532.762 1233.084 -20.4047 -0.3901 -174.4810][-0.995341 -0.092504 0.027180 0.096174 -0.932681 0.347646 -0.006809 0.348640 0.937232] 
3d 0 
fr 178121
ts 58887.556554
6d 1 [12 1.000][470.012 -532.978 1233.321 -20.3967 -0.3966 -174.5673][-0.995484 -0.091142 0.026538 0.094674 -0.932863 0.347567 -0.006921 0.348510 0.937279] 
3d 0 
fr 178122
ts 58887.573215
6d 1 [12 1.000][469.955 -533.737 1233.789 -20.1817 -0.3925 -174.7225][-0.995738 -0.088686 0.025330 0.091977 -0.934407 0.344127 -0.006850 0.344990 0.938581] 
3d 0 
fr 178123
ts 58887.589869
6d 1 [12 1.000][469.720 -534.436 1234.390 -20.1259 -0.4010 -174.7846][-0.995836 -0.087748 0.024734 0.090899 -0.934833 0.343257 -0.006998 0.344076 0.938916] 
3d 0 
fr 178124
ts 58887.606530
6d 1 [12 1.000][469.544 -535.110 1235.106 -20.0400 -0.4811 -174.8106][-0.995866 -0.087837 0.023139 0.090444 -0.935343 0.341984 -0.008396 0.342663 0.939421] 
3d 0 
fr 178125
ts 58887.623175
6d 1 [12 1.000][469.455 -536.163 1236.056 -19.7456 -0.5125 -174.8771][-0.995966 -0.087052 0.021782 0.089289 -0.937172 0.337247 -0.008944 0.337831 0.941164] 
3d 0 
fr 178126
ts 58887.639837
6d 1 [12 1.000][470.033 -537.870 1237.416 -19.2967 -0.4499 -175.0457][-0.996233 -0.084095 0.021156 0.086359 -0.940070 0.329865 -0.007852 0.330450 0.943791] 
3d 0 
fr 178127
ts 58887.656525
6d 1 [12 1.000][470.139 -540.805 1239.634 -18.5086 -0.4512 -175.2473][-0.996531 -0.081061 0.018861 0.082853 -0.944808 0.316974 -0.007874 0.317437 0.948247] 
3d 0 
fr 178128
ts 58887.673190
6d 1 [12 1.000][470.949 -544.040 1241.775 -17.7144 -0.2534 -175.4090][-0.996782 -0.077589 0.020155 0.080042 -0.949421 0.303634 -0.004423 0.304270 0.952576] 
3d 0 
fr 178129
ts 58887.689874
6d 1 [12 1.000][471.444 -547.045 1243.988 -16.8975 -0.1653 -175.4539][-0.996850 -0.076675 0.020287 0.079261 -0.953750 0.289964 -0.002884 0.290659 0.956823] 
3d 0 
fr 178130
ts 58887.706535
6d 1 [12 1.000][472.125 -550.233 1246.595 -15.9959 -0.1502 -175.4250][-0.996810 -0.077395 0.019468 0.079763 -0.958161 0.274892 -0.002622 0.275568 0.961278] 
3d 0 
fr 178131
ts 58887.723209
6d 1 [12 1.000][472.382 -554.384 1249.242 -15.0827 -0.0955 -175.5841][-0.997030 -0.074775 0.018430 0.076995 -0.962652 0.259565 -0.001667 0.260213 0.965550] 
3d 0 
fr 178132
ts 58887.739874
6d 1 [12 1.000][472.565 -559.046 1252.204 -14.0324 -0.1045 -175.8647][-0.997395 -0.070401 0.015720 0.072112 -0.967601 0.241967 -0.001824 0.242470 0.970157] 
3d 0 
fr 178133
ts 58887.756545
6d 1 [12 1.000][472.707 -563.317 1254.875 -13.0589 -0.0857 -175.9279][-0.997474 -0.069513 0.014592 0.071012 -0.971655 0.225485 -0.001495 0.225952 0.974137] 
3d 0 
fr 178134
ts 58887.773206
6d 1 [12 1.000][472.797 -567.971 1257.356 -12.0626 -0.0368 -176.1562][-0.997750 -0.065690 0.013383 0.067037 -0.975711 0.208552 -0.000642 0.208980 0.977920] 
3d 0 
fr 178135
ts 58887.789868
6d 1 [12 1.000][472.936 -572.690 1259.964 -11.0191 -0.0206 -176.3513][-0.997973 -0.062535 0.011811 0.063639 -0.979570 0.190771 -0.000360 0.191135 0.981564] 
3d 0 
fr 178136
ts 58887.806530
6d 1 [12 1.000][473.045 -577.819 1262.584 -9.6363 -0.0026 -176.4548][-0.998086 -0.060971 0.010307 0.061836 -0.984003 0.167075 -0.000045 0.167393 0.985890] 
3d 0 
fr 178137
ts 58887.823186
6d 1 [12 1.000][473.257 -583.159 1265.505 -8.3556 -0.0268 -176.5604][-0.998198 -0.059427 0.008256 0.059996 -0.987599 0.145082 -0.000468 0.145316 0.989385] 
3d 0 
fr 178138
ts 58887.839848
6d 1 [12 1.000][473.122 -589.033 1268.485 -7.0852 -0.1388 -176.7291][-0.998368 -0.056919 0.004637 0.057056 -0.990730 0.123282 -0.002423 0.123346 0.992361] 
3d 0 
fr 178139
ts 58887.856497
6d 1 [12 1.000][472.750 -595.908 1272.280 -5.6888 -0.3983 -176.9845][-0.998591 -0.053035 -0.001693 0.052605 -0.993661 0.099352 -0.006951 0.099123 0.995051] 
3d 0 
fr 178140
ts 58887.873157
6d 1 [12 1.000][472.558 -603.680 1275.635 -3.9237 -0.4736 -177.2654][-0.998827 -0.048163 -0.004973 0.047708 -0.996493 0.068744 -0.008266 0.068426 0.997622] 
3d 0 
fr 178141
ts 58887.889802
6d 1 [12 1.000][472.492 -611.333 1278.634 -2.1869 -0.5120 -177.3737][-0.998910 -0.046129 -0.007172 0.045820 -0.998206 0.038528 -0.008937 0.038157 0.999232] 
3d 0 
fr 178142
ts 58887.906463
6d 1 [12 1.000][472.439 -617.927 1281.490 -0.6714 -0.5842 -177.3040][-0.998841 -0.047153 -0.009632 0.047034 -0.998819 0.012184 -0.010195 0.011717 0.999879] 
3d 0 
fr 178143
ts 58887.923151
6d 1 [12 1.000][472.294 -624.578 1284.103 0.7414 -0.6813 -177.3598][-0.998868 -0.045906 -0.012474 0.046060 -0.998862 -0.012379 -0.011891 -0.012939 0.999846] 
3d 0 
fr 178144
ts 58887.939813
6d 1 [12 1.000][472.183 -631.166 1286.414 2.0968 -0.6729 -177.3824][-0.998888 -0.045210 -0.013395 0.045667 -0.998307 -0.036014 -0.011745 -0.036585 0.999262] 
3d 0 
fr 178145
ts 58887.956493
6d 1 [12 1.000][471.825 -638.891 1288.822 3.6673 -0.7461 -177.5769][-0.999021 -0.041359 -0.015688 0.042275 -0.997095 -0.063357 -0.013022 -0.063958 0.997868] 
3d 0 
fr 178146
ts 58887.973152
6d 1 [12 1.000][471.497 -646.356 1291.108 5.1041 -0.8170 -177.6037][-0.999024 -0.040379 -0.017910 0.041808 -0.995217 -0.088294 -0.014259 -0.088956 0.995933] 
3d 0 
fr 178147
ts 58887.989828
6d 1 [12 1.000][470.709 -653.778 1293.462 6.4742 -1.0373 -177.7465][-0.999063 -0.037030 -0.022408 0.039314 -0.992935 -0.111960 -0.018103 -0.112736 0.993460] 
3d 0 
fr 178148
ts 58888.006490
6d 1 [12 1.000][470.353 -659.289 1295.169 7.3341 -1.0412 -177.7706][-0.999078 -0.036264 -0.022975 0.038894 -0.991158 -0.126856 -0.018171 -0.127633 0.991655] 
3d 0 
fr 178149
ts 58888.023157
6d 1 [12 1.000][470.104 -663.363 1296.687 8.0334 -1.0173 -177.6603][-0.999009 -0.037944 -0.023270 0.040818 -0.989463 -0.138916 -0.017754 -0.139728 0.990031] 
3d 0 
fr 178150
ts 58888.039819
6d 1 [12 1.000][470.016 -667.522 1298.058 8.6534 -1.0998 -177.7881][-0.999071 -0.035270 -0.024767 0.038588 -0.987991 -0.149612 -0.019193 -0.150429 0.988435] 
3d 0 
fr 178151
ts 58888.056478
