fr 124665
ts 36656.773832
6d 1 [12 1.000][575.307 -352.194 431.566 -3.3622 -7.0713 -36.9958][0.792605 -0.594954 0.133443 0.597179 0.801650 0.027110 -0.123104 0.058201 0.990686] 
3d 0 
fr 124666
ts 36656.790498
6d 1 [12 1.000][575.263 -352.311 431.559 -3.3620 -7.0724 -36.9954][0.792606 -0.594949 0.133457 0.597173 0.801654 0.027124 -0.123124 0.058198 0.990683] 
3d 0 
fr 124667
ts 36656.807151
6d 1 [12 1.000][575.294 -352.242 431.562 -3.3661 -7.0804 -36.9970][0.792577 -0.594954 0.133609 0.597184 0.801645 0.027153 -0.123262 0.058268 0.990662] 
3d 0 
fr 124668
ts 36656.823817
6d 1 [12 1.000][575.262 -352.346 431.560 -3.3656 -7.0803 -36.9961][0.792587 -0.594943 0.133602 0.597171 0.801654 0.027157 -0.123260 0.058259 0.990663] 
3d 0 
fr 124669
ts 36656.840465
6d 1 [12 1.000][575.284 -352.257 431.557 -3.3663 -7.0812 -36.9941][0.792605 -0.594913 0.133624 0.597143 0.801675 0.027152 -0.123275 0.058272 0.990660] 
3d 0 
fr 124670
ts 36656.857130
6d 1 [12 1.000][575.284 -352.292 431.565 -3.3621 -7.0807 -36.9924][0.792624 -0.594899 0.133574 0.597120 0.801691 0.027202 -0.123267 0.058199 0.990665] 
3d 0 
fr 124671
ts 36656.873774
6d 1 [12 1.000][575.290 -352.268 431.565 -3.3617 -7.0823 -36.9851][0.792697 -0.594797 0.133596 0.597017 0.801767 0.027208 -0.123296 0.058191 0.990662] 
3d 0 
fr 124672
ts 36656.890435
6d 1 [12 1.000][575.290 -352.268 431.565 -3.3617 -7.0823 -36.9851][0.792697 -0.594797 0.133596 0.597017 0.801767 0.027208 -0.123296 0.058191 0.990662] 
3d 0 
fr 124673
ts 36656.907124
6d 1 [12 1.000][575.290 -352.268 431.565 -3.3617 -7.0823 -36.9851][0.792697 -0.594797 0.133596 0.597017 0.801767 0.027208 -0.123296 0.058191 0.990662] 
3d 0 
fr 124674
ts 36656.923785
6d 1 [12 1.000][575.290 -352.268 431.565 -3.3617 -7.0823 -36.9851][0.792697 -0.594797 0.133596 0.597017 0.801767 0.027208 -0.123296 0.058191 0.990662] 
3d 0 
fr 124675
ts 36656.940468
6d 1 [12 1.000][575.281 -352.092 431.559 -3.3626 -7.0844 -36.9841][0.792704 -0.594779 0.133634 0.597000 0.801779 0.027213 -0.123331 0.058207 0.990657] 
3d 0 
fr 124676
ts 36656.957130
6d 1 [12 1.000][575.269 -352.275 431.565 -3.3609 -7.0866 -36.9825][0.792717 -0.594759 0.133647 0.596976 0.801796 0.027257 -0.123369 0.058177 0.990654] 
3d 0 
fr 124677
ts 36656.973803
6d 1 [12 1.000][575.282 -352.212 431.569 -3.3664 -7.0865 -36.9815][0.792728 -0.594732 0.133704 0.596962 0.801809 0.027176 -0.123368 0.058273 0.990649] 
3d 0 
fr 124678
ts 36656.990466
6d 1 [12 1.000][575.278 -352.245 431.573 -3.3658 -7.1007 -36.9717][0.792805 -0.594585 0.133899 0.596808 0.801919 0.027310 -0.123614 0.058261 0.990619] 
3d 0 
fr 124679
ts 36657.007134
6d 1 [12 1.000][575.282 -352.244 431.565 -3.3664 -7.1011 -36.9718][0.792803 -0.594585 0.133910 0.596809 0.801919 0.027306 -0.123620 0.058270 0.990617] 
3d 0 
fr 124680
ts 36657.023796
6d 1 [12 1.000][575.280 -352.257 431.575 -3.3681 -7.0981 -36.9723][0.792804 -0.594590 0.133886 0.596819 0.801913 0.027251 -0.123568 0.058301 0.990622] 
3d 0 
fr 124681
ts 36657.040453
6d 1 [12 1.000][575.295 -352.032 431.567 -3.3696 -7.0975 -36.9736][0.792791 -0.594605 0.133893 0.596838 0.801900 0.027227 -0.123558 0.058327 0.990622] 
3d 0 
fr 124682
ts 36657.057120
6d 1 [12 1.000][575.292 -352.205 431.559 -3.3729 -7.0943 -36.9772][0.792759 -0.594651 0.133881 0.596892 0.801862 0.027156 -0.123502 0.058384 0.990625] 
3d 0 
fr 124683
ts 36657.073773
6d 1 [12 1.000][575.292 -352.205 431.559 -3.3729 -7.0943 -36.9772][0.792759 -0.594651 0.133881 0.596892 0.801862 0.027156 -0.123502 0.058384 0.990625] 
3d 0 
fr 124684
ts 36657.090434
6d 1 [12 1.000][575.292 -352.205 431.559 -3.3729 -7.0943 -36.9772][0.792759 -0.594651 0.133881 0.596892 0.801862 0.027156 -0.123502 0.058384 0.990625] 
3d 0 
fr 124685
ts 36657.107082
6d 1 [12 1.000][575.292 -352.205 431.559 -3.3729 -7.0943 -36.9772][0.792759 -0.594651 0.133881 0.596892 0.801862 0.027156 -0.123502 0.058384 0.990625] 
3d 0 
fr 124686
ts 36657.123744
6d 1 [12 1.000][575.278 -352.310 431.539 -3.3724 -7.0927 -36.9775][0.792758 -0.594657 0.133853 0.596899 0.801857 0.027148 -0.123475 0.058375 0.990629] 
3d 0 
fr 124687
ts 36657.140436
6d 1 [12 1.000][575.286 -352.219 431.542 -3.3706 -7.0889 -36.9845][0.792693 -0.594762 0.133779 0.597000 0.801782 0.027150 -0.123409 0.058344 0.990639] 
3d 0 
fr 124688
ts 36657.157097
6d 1 [12 1.000][575.286 -352.219 431.542 -3.3706 -7.0889 -36.9845][0.792693 -0.594762 0.133779 0.597000 0.801782 0.027150 -0.123409 0.058344 0.990639] 
3d 0 
fr 124689
ts 36657.173779
6d 1 [12 1.000][575.286 -352.219 431.542 -3.3706 -7.0889 -36.9845][0.792693 -0.594762 0.133779 0.597000 0.801782 0.027150 -0.123409 0.058344 0.990639] 
3d 0 
fr 124690
ts 36657.190445
6d 1 [12 1.000][575.286 -352.219 431.542 -3.3706 -7.0889 -36.9845][0.792693 -0.594762 0.133779 0.597000 0.801782 0.027150 -0.123409 0.058344 0.990639] 
3d 0 
fr 124691
ts 36657.207122
6d 1 [12 1.000][575.286 -352.219 431.542 -3.3706 -7.0889 -36.9845][0.792693 -0.594762 0.133779 0.597000 0.801782 0.027150 -0.123409 0.058344 0.990639] 
3d 0 
fr 124692
ts 36657.223784
6d 1 [12 1.000][575.266 -352.267 431.535 -3.3712 -7.0881 -36.9837][0.792702 -0.594750 0.133774 0.596990 0.801790 0.027131 -0.123395 0.058355 0.990640] 
3d 0 
fr 124693
ts 36657.240456
6d 1 [12 1.000][575.283 -352.232 431.535 -3.3771 -7.0831 -36.9805][0.792744 -0.594695 0.133768 0.596952 0.801823 0.026989 -0.123308 0.058457 0.990645] 
3d 0 
fr 124694
ts 36657.257119
6d 1 [12 1.000][575.283 -352.232 431.535 -3.3771 -7.0831 -36.9805][0.792744 -0.594695 0.133768 0.596952 0.801823 0.026989 -0.123308 0.058457 0.990645] 
3d 0 
fr 124695
ts 36657.273779
6d 1 [12 1.000][575.283 -352.232 431.535 -3.3771 -7.0831 -36.9805][0.792744 -0.594695 0.133768 0.596952 0.801823 0.026989 -0.123308 0.058457 0.990645] 
3d 0 
fr 124696
ts 36657.290444
6d 1 [12 1.000][575.283 -352.232 431.535 -3.3771 -7.0831 -36.9805][0.792744 -0.594695 0.133768 0.596952 0.801823 0.026989 -0.123308 0.058457 0.990645] 
3d 0 
fr 124697
ts 36657.307097
6d 1 [12 1.000][575.278 -352.208 431.554 -3.3768 -7.0832 -36.9813][0.792735 -0.594708 0.133766 0.596963 0.801814 0.026996 -0.123311 0.058453 0.990645] 
3d 0 
fr 124698
ts 36657.323763
6d 1 [12 1.000][575.277 -352.200 431.558 -3.3697 -7.0814 -36.9885][0.792663 -0.594827 0.133664 0.597065 0.801735 0.027094 -0.123280 0.058330 0.990656] 
3d 0 
fr 124699
ts 36657.340410
6d 1 [12 1.000][575.277 -352.200 431.558 -3.3697 -7.0814 -36.9885][0.792663 -0.594827 0.133664 0.597065 0.801735 0.027094 -0.123280 0.058330 0.990656] 
3d 0 
fr 124700
ts 36657.357074
6d 1 [12 1.000][575.277 -352.200 431.558 -3.3697 -7.0814 -36.9885][0.792663 -0.594827 0.133664 0.597065 0.801735 0.027094 -0.123280 0.058330 0.990656] 
3d 0 
fr 124701
ts 36657.373717
6d 1 [12 1.000][575.277 -352.200 431.558 -3.3697 -7.0814 -36.9885][0.792663 -0.594827 0.133664 0.597065 0.801735 0.027094 -0.123280 0.058330 0.990656] 
3d 0 
fr 124702
ts 36657.390382
6d 1 [12 1.000][575.277 -352.200 431.558 -3.3697 -7.0814 -36.9885][0.792663 -0.594827 0.133664 0.597065 0.801735 0.027094 -0.123280 0.058330 0.990656] 
3d 0 
fr 124703
ts 36657.407071
6d 1 [12 1.000][575.277 -352.200 431.558 -3.3697 -7.0814 -36.9885][0.792663 -0.594827 0.133664 0.597065 0.801735 0.027094 -0.123280 0.058330 0.990656] 
3d 0 
fr 124704
ts 36657.423732
6d 1 [12 1.000][575.277 -352.200 431.558 -3.3697 -7.0814 -36.9885][0.792663 -0.594827 0.133664 0.597065 0.801735 0.027094 -0.123280 0.058330 0.990656] 
3d 0 
fr 124705
ts 36657.440411
6d 1 [12 1.000][575.277 -352.200 431.558 -3.3697 -7.0814 -36.9885][0.792663 -0.594827 0.133664 0.597065 0.801735 0.027094 -0.123280 0.058330 0.990656] 
3d 0 
fr 124706
ts 36657.457076
6d 1 [12 1.000][575.283 -352.445 431.585 -3.3674 -7.0811 -36.9873][0.792677 -0.594815 0.133636 0.597049 0.801747 0.027119 -0.123273 0.058291 0.990659] 
3d 0 
fr 124707
ts 36657.473747
6d 1 [12 1.000][575.287 -352.294 431.520 -3.3673 -7.0830 -36.9858][0.792688 -0.594793 0.133664 0.597026 0.801763 0.027138 -0.123308 0.058289 0.990655] 
3d 0 
fr 124708
ts 36657.490412
6d 1 [12 1.000][575.279 -352.179 431.541 -3.3679 -7.0828 -36.9845][0.792702 -0.594774 0.133666 0.597008 0.801776 0.027125 -0.123303 0.058298 0.990655] 
3d 0 
fr 124709
ts 36657.507077
6d 1 [12 1.000][575.292 -352.127 431.551 -3.3824 -7.0835 -36.9844][0.792702 -0.594738 0.133828 0.597006 0.801785 0.026928 -0.123316 0.058550 0.990639] 
3d 0 
fr 124710
ts 36657.523742
6d 1 [12 1.000][575.289 -352.251 431.544 -3.3735 -7.0808 -36.9816][0.792737 -0.594721 0.133699 0.596970 0.801808 0.027018 -0.123270 0.058396 0.990654] 
3d 0 
fr 124711
ts 36657.540400
6d 1 [12 1.000][575.307 -352.096 431.558 -3.3906 -7.0864 -36.9849][0.792692 -0.594724 0.133952 0.597010 0.801785 0.026844 -0.123365 0.058691 0.990624] 
3d 0 
fr 124712
ts 36657.557066
6d 1 [12 1.000][575.310 -352.186 431.564 -3.3797 -7.0773 -36.9865][0.792691 -0.594778 0.133713 0.597043 0.801758 0.026907 -0.123209 0.058504 0.990655] 
3d 0 
fr 124713
ts 36657.573716
6d 1 [12 1.000][575.311 -352.235 431.563 -3.3914 -7.0806 -36.9836][0.792715 -0.594709 0.133881 0.596999 0.801795 0.026770 -0.123266 0.058706 0.990636] 
3d 0 
fr 124714
ts 36657.590381
6d 1 [12 1.000][575.299 -352.217 431.553 -3.3876 -7.0806 -36.9820][0.792733 -0.594694 0.133842 0.596976 0.801811 0.026819 -0.123265 0.058640 0.990640] 
3d 0 
fr 124715
ts 36657.607026
6d 1 [12 1.000][575.299 -352.217 431.553 -3.3876 -7.0806 -36.9820][0.792733 -0.594694 0.133842 0.596976 0.801811 0.026819 -0.123265 0.058640 0.990640] 
3d 0 
fr 124716
ts 36657.623691
6d 1 [12 1.000][575.258 -352.320 431.557 -3.3876 -7.0798 -36.9822][0.792732 -0.594698 0.133831 0.596980 0.801808 0.026812 -0.123252 0.058640 0.990641] 
3d 0 
fr 124717
ts 36657.640378
6d 1 [12 1.000][575.272 -352.263 431.552 -3.3876 -7.0804 -36.9819][0.792734 -0.594693 0.133840 0.596976 0.801811 0.026817 -0.123262 0.058640 0.990640] 
3d 0 
fr 124718
ts 36657.657046
6d 1 [12 1.000][575.258 -352.285 431.541 -3.3859 -7.0799 -36.9806][0.792749 -0.594679 0.133815 0.596957 0.801824 0.026833 -0.123253 0.058610 0.990643] 
3d 0 
fr 124719
ts 36657.673729
6d 1 [12 1.000][575.275 -352.248 431.548 -3.3890 -7.0784 -36.9809][0.792748 -0.594677 0.133827 0.596963 0.801822 0.026773 -0.123227 0.058665 0.990643] 
3d 0 
fr 124720
ts 36657.690392
6d 1 [12 1.000][575.275 -352.248 431.548 -3.3890 -7.0784 -36.9809][0.792748 -0.594677 0.133827 0.596963 0.801822 0.026773 -0.123227 0.058665 0.990643] 
3d 0 
fr 124721
ts 36657.707067
6d 1 [12 1.000][575.275 -352.248 431.548 -3.3890 -7.0784 -36.9809][0.792748 -0.594677 0.133827 0.596963 0.801822 0.026773 -0.123227 0.058665 0.990643] 
3d 0 
fr 124722
ts 36657.723732
6d 1 [12 1.000][575.275 -352.248 431.548 -3.3890 -7.0784 -36.9809][0.792748 -0.594677 0.133827 0.596963 0.801822 0.026773 -0.123227 0.058665 0.990643] 
3d 0 
fr 124723
ts 36657.740404
6d 1 [12 1.000][575.275 -352.248 431.548 -3.3890 -7.0784 -36.9809][0.792748 -0.594677 0.133827 0.596963 0.801822 0.026773 -0.123227 0.058665 0.990643] 
3d 0 
fr 124724
ts 36657.757066
6d 1 [12 1.000][575.275 -352.248 431.548 -3.3890 -7.0784 -36.9809][0.792748 -0.594677 0.133827 0.596963 0.801822 0.026773 -0.123227 0.058665 0.990643] 
3d 0 
fr 124725
ts 36657.773730
6d 1 [12 1.000][575.316 -352.269 431.579 -3.3878 -7.0769 -36.9804][0.792756 -0.594675 0.133794 0.596959 0.801825 0.026774 -0.123201 0.058644 0.990647] 
3d 0 
fr 124726
ts 36657.790392
6d 1 [12 1.000][575.296 -352.272 431.575 -3.3763 -7.0631 -36.9758][0.792827 -0.594649 0.133485 0.596914 0.801858 0.026782 -0.122962 0.058446 0.990689] 
3d 0 
fr 124727
ts 36657.807050
6d 1 [12 1.000][575.298 -352.176 431.578 -3.3762 -7.0636 -36.9765][0.792819 -0.594657 0.133492 0.596922 0.801852 0.026789 -0.122971 0.058445 0.990688] 
3d 0 
fr 124728
ts 36657.823713
6d 1 [12 1.000][575.295 -352.193 431.582 -3.3756 -7.0627 -36.9780][0.792805 -0.594682 0.133472 0.596945 0.801835 0.026793 -0.122956 0.058434 0.990690] 
3d 0 
fr 124729
ts 36657.840358
6d 1 [12 1.000][575.295 -352.202 431.569 -3.3770 -7.0667 -36.9805][0.792772 -0.594709 0.133541 0.596973 0.801813 0.026820 -0.123025 0.058458 0.990680] 
3d 0 
fr 124730
ts 36657.857026
6d 1 [12 1.000][575.291 -352.340 431.567 -3.3714 -7.0681 -36.9826][0.792748 -0.594750 0.133501 0.597000 0.801789 0.026918 -0.123049 0.058361 0.990683] 
3d 0 
fr 124731
ts 36657.873665
6d 1 [12 1.000][575.290 -352.318 431.558 -3.3687 -7.0724 -36.9840][0.792726 -0.594773 0.133533 0.597014 0.801776 0.027003 -0.123124 0.058314 0.990676] 
3d 0 
fr 124732
ts 36657.890330
6d 1 [12 1.000][575.276 -352.411 431.550 -3.3561 -7.0757 -36.9827][0.792733 -0.594782 0.133447 0.596993 0.801785 0.027211 -0.123180 0.058096 0.990682] 
3d 0 
fr 124733
ts 36657.907018
6d 1 [12 1.000][575.277 -352.281 431.548 -3.3551 -7.0807 -36.9829][0.792723 -0.594783 0.133505 0.596989 0.801786 0.027278 -0.123267 0.058077 0.990673] 
3d 0 
fr 124734
ts 36657.923681
6d 1 [12 1.000][575.280 -352.294 431.550 -3.3470 -7.0815 -36.9839][0.792712 -0.594814 0.133433 0.597001 0.801772 0.027402 -0.123282 0.057938 0.990679] 
3d 0 
fr 124735
ts 36657.940359
6d 1 [12 1.000][575.278 -352.308 431.534 -3.3472 -7.0870 -36.9883][0.792656 -0.594871 0.133509 0.597055 0.801730 0.027467 -0.123377 0.057940 0.990667] 
3d 0 
fr 124736
ts 36657.957025
6d 1 [12 1.000][575.278 -352.308 431.534 -3.3472 -7.0870 -36.9883][0.792656 -0.594871 0.133509 0.597055 0.801730 0.027467 -0.123377 0.057940 0.990667] 
3d 0 
fr 124737
ts 36657.973696
6d 1 [12 1.000][575.283 -352.183 431.541 -3.3549 -7.0876 -36.9893][0.792644 -0.594867 0.133597 0.597069 0.801723 0.027367 -0.123387 0.058074 0.990658] 
3d 0 
fr 124738
ts 36657.990362
6d 1 [12 1.000][575.276 -352.254 431.543 -3.3478 -7.0866 -36.9897][0.792642 -0.594891 0.133508 0.597076 0.801715 0.027457 -0.123369 0.057951 0.990667] 
3d 0 
fr 124739
ts 36658.007030
6d 1 [12 1.000][575.283 -352.215 431.540 -3.3500 -7.0885 -36.9914][0.792621 -0.594907 0.133556 0.597096 0.801700 0.027450 -0.123402 0.057989 0.990661] 
3d 0 
fr 124740
ts 36658.023692
6d 1 [12 1.000][575.277 -352.240 431.531 -3.3494 -7.0878 -36.9941][0.792595 -0.594946 0.133540 0.597134 0.801672 0.027457 -0.123390 0.057979 0.990663] 
3d 0 
fr 124741
ts 36658.040350
6d 1 [12 1.000][575.292 -352.206 431.543 -3.3515 -7.0889 -36.9990][0.792541 -0.595010 0.133573 0.597201 0.801622 0.027451 -0.123409 0.058014 0.990659] 
3d 0 
fr 124742
ts 36658.057015
6d 1 [12 1.000][575.287 -352.248 431.533 -3.3541 -7.0883 -37.0027][0.792503 -0.595057 0.133591 0.597253 0.801584 0.027416 -0.123399 0.058060 0.990657] 
3d 0 
fr 124743
ts 36658.073665
6d 1 [12 1.000][575.287 -352.248 431.533 -3.3541 -7.0883 -37.0027][0.792503 -0.595057 0.133591 0.597253 0.801584 0.027416 -0.123399 0.058060 0.990657] 
3d 0 
fr 124744
ts 36658.090331
6d 1 [12 1.000][575.287 -352.248 431.533 -3.3541 -7.0883 -37.0027][0.792503 -0.595057 0.133591 0.597253 0.801584 0.027416 -0.123399 0.058060 0.990657] 
3d 0 
fr 124745
ts 36658.106975
6d 1 [12 1.000][575.287 -352.248 431.533 -3.3541 -7.0883 -37.0027][0.792503 -0.595057 0.133591 0.597253 0.801584 0.027416 -0.123399 0.058060 0.990657] 
3d 0 
fr 124746
ts 36658.123640
6d 1 [12 1.000][575.279 -352.327 431.540 -3.3535 -7.0884 -37.0022][0.792509 -0.595050 0.133587 0.597245 0.801590 0.027425 -0.123401 0.058049 0.990658] 
3d 0 
fr 124747
ts 36658.140334
6d 1 [12 1.000][575.278 -352.234 431.536 -3.3564 -7.0950 -36.9993][0.792528 -0.594997 0.133709 0.597197 0.801625 0.027446 -0.123515 0.058099 0.990640] 
3d 0 
fr 124748
ts 36658.156996
6d 1 [12 1.000][575.272 -352.246 431.578 -3.3559 -7.0955 -36.9976][0.792545 -0.594974 0.133711 0.597172 0.801643 0.027455 -0.123524 0.058089 0.990640] 
3d 0 
fr 124749
ts 36658.173676
6d 1 [12 1.000][575.274 -352.246 431.558 -3.3558 -7.0980 -36.9894][0.792625 -0.594859 0.133748 0.597057 0.801729 0.027463 -0.123566 0.058088 0.990635] 
3d 0 
fr 124750
ts 36658.190342
6d 1 [12 1.000][575.261 -352.403 431.550 -3.3558 -7.0984 -36.9842][0.792679 -0.594785 0.133756 0.596984 0.801783 0.027456 -0.123574 0.058087 0.990634] 
3d 0 
fr 124751
ts 36658.207022
6d 1 [12 1.000][575.270 -352.264 431.555 -3.3579 -7.1031 -36.9742][0.792775 -0.594636 0.133849 0.596839 0.801891 0.027452 -0.123656 0.058123 0.990621] 
3d 0 
fr 124752
ts 36658.223683
6d 1 [12 1.000][575.270 -352.264 431.555 -3.3579 -7.1031 -36.9742][0.792775 -0.594636 0.133849 0.596839 0.801891 0.027452 -0.123656 0.058123 0.990621] 
3d 0 
fr 124753
ts 36658.240354
6d 1 [12 1.000][575.256 -352.248 431.393 -3.3596 -7.1034 -36.9731][0.792786 -0.594617 0.133870 0.596824 0.801903 0.027428 -0.123660 0.058152 0.990619] 
3d 0 
fr 124754
ts 36658.257017
6d 1 [12 1.000][575.246 -352.263 431.445 -3.3608 -7.1028 -36.9722][0.792796 -0.594602 0.133876 0.596812 0.801913 0.027403 -0.123651 0.058174 0.990619] 
3d 0 
fr 124755
ts 36658.273677
6d 1 [12 1.000][575.238 -352.364 431.443 -3.3614 -7.1056 -36.9694][0.792821 -0.594559 0.133921 0.596769 0.801944 0.027417 -0.123698 0.058183 0.990613] 
3d 0 
fr 124756
ts 36658.290343
6d 1 [12 1.000][575.248 -352.345 431.470 -3.3584 -7.1024 -36.9691][0.792829 -0.594565 0.133846 0.596770 0.801944 0.027424 -0.123643 0.058133 0.990623] 
3d 0 
fr 124757
ts 36658.306997
6d 1 [12 1.000][575.262 -352.280 431.519 -3.3642 -7.1053 -36.9681][0.792835 -0.594534 0.133947 0.596751 0.801959 0.027371 -0.123693 0.058232 0.990610] 
3d 0 
fr 124758
ts 36658.323663
6d 1 [12 1.000][575.253 -352.300 431.553 -3.3611 -7.0997 -36.9673][0.792853 -0.594535 0.133838 0.596748 0.801962 0.027356 -0.123597 0.058178 0.990626] 
3d 0 
fr 124759
ts 36658.340310
6d 1 [12 1.000][575.258 -352.297 431.498 -3.3663 -7.1028 -36.9623][0.792899 -0.594450 0.133938 0.596675 0.802018 0.027303 -0.123651 0.058269 0.990614] 
3d 0 
fr 124760
ts 36658.356973
6d 1 [12 1.000][575.284 -352.301 431.581 -3.3663 -7.0986 -36.9633][0.792896 -0.594468 0.133878 0.596695 0.802005 0.027261 -0.123577 0.058269 0.990623] 
3d 0 
fr 124761
ts 36658.373616
6d 1 [12 1.000][575.305 -352.297 431.567 -3.3668 -7.0989 -36.9644][0.792885 -0.594481 0.133887 0.596709 0.801995 0.027259 -0.123582 0.058278 0.990622] 
3d 0 
fr 124762
ts 36658.390282
6d 1 [12 1.000][575.305 -352.304 431.569 -3.3637 -7.0965 -36.9659][0.792873 -0.594511 0.133821 0.596733 0.801976 0.027281 -0.123541 0.058225 0.990630] 
3d 0 
fr 124763
ts 36658.406971
6d 1 [12 1.000][575.290 -352.253 431.575 -3.3620 -7.0943 -36.9698][0.792836 -0.594573 0.133771 0.596790 0.801933 0.027292 -0.123503 0.058195 0.990636] 
3d 0 
fr 124764
ts 36658.423632
6d 1 [12 1.000][575.283 -352.263 431.579 -3.3577 -7.0894 -36.9748][0.792792 -0.594656 0.133657 0.596866 0.801876 0.027312 -0.123417 0.058122 0.990651] 
3d 0 
fr 124765
ts 36658.440315
6d 1 [12 1.000][575.289 -352.228 431.551 -3.3686 -7.0863 -36.9791][0.792753 -0.594693 0.133725 0.596929 0.801835 0.027139 -0.123365 0.058310 0.990647] 
3d 0 
fr 124766
ts 36658.456977
6d 1 [12 1.000][575.273 -352.279 431.558 -3.3589 -7.0761 -36.9844][0.792715 -0.594799 0.133481 0.597016 0.801769 0.027181 -0.123188 0.058143 0.990679] 
3d 0 
fr 124767
ts 36658.473649
6d 1 [12 1.000][575.286 -352.249 431.563 -3.3595 -7.0755 -36.9856][0.792703 -0.594815 0.133478 0.597033 0.801756 0.027169 -0.123177 0.058154 0.990679] 
3d 0 
fr 124768
ts 36658.490314
6d 1 [12 1.000][575.279 -352.272 431.563 -3.3610 -7.0693 -36.9919][0.792648 -0.594905 0.133405 0.597128 0.801688 0.027098 -0.123070 0.058181 0.990691] 
3d 0 
fr 124769
ts 36658.506982
6d 1 [12 1.000][575.279 -352.272 431.563 -3.3610 -7.0693 -36.9919][0.792648 -0.594905 0.133405 0.597128 0.801688 0.027098 -0.123070 0.058181 0.990691] 
3d 0 
fr 124770
ts 36658.523644
6d 1 [12 1.000][575.279 -352.272 431.563 -3.3610 -7.0693 -36.9919][0.792648 -0.594905 0.133405 0.597128 0.801688 0.027098 -0.123070 0.058181 0.990691] 
3d 0 
fr 124771
ts 36658.540306
6d 1 [12 1.000][575.284 -352.259 431.563 -3.3605 -7.0710 -36.9924][0.792640 -0.594911 0.133423 0.597133 0.801684 0.027123 -0.123099 0.058173 0.990688] 
3d 0 
fr 124772
ts 36658.556967
6d 1 [12 1.000][575.281 -352.344 431.568 -3.3580 -7.0713 -36.9918][0.792647 -0.594908 0.133401 0.597124 0.801689 0.027161 -0.123104 0.058128 0.990690] 
3d 0 
fr 124773
ts 36658.573622
6d 1 [12 1.000][575.284 -352.268 431.568 -3.3558 -7.0776 -36.9953][0.792599 -0.594958 0.133464 0.597165 0.801655 0.027264 -0.123213 0.058091 0.990679] 
3d 0 
fr 124774
ts 36658.590285
6d 1 [12 1.000][575.284 -352.268 431.568 -3.3558 -7.0776 -36.9953][0.792599 -0.594958 0.133464 0.597165 0.801655 0.027264 -0.123213 0.058091 0.990679] 
3d 0 
fr 124775
ts 36658.606932
6d 1 [12 1.000][575.284 -352.268 431.568 -3.3558 -7.0776 -36.9953][0.792599 -0.594958 0.133464 0.597165 0.801655 0.027264 -0.123213 0.058091 0.990679] 
3d 0 
fr 124776
ts 36658.623593
6d 1 [12 1.000][575.284 -352.268 431.568 -3.3558 -7.0776 -36.9953][0.792599 -0.594958 0.133464 0.597165 0.801655 0.027264 -0.123213 0.058091 0.990679] 
3d 0 
fr 124777
ts 36658.640235
6d 1 [12 1.000][575.284 -352.268 431.568 -3.3558 -7.0776 -36.9953][0.792599 -0.594958 0.133464 0.597165 0.801655 0.027264 -0.123213 0.058091 0.990679] 
3d 0 
fr 124778
ts 36658.656896
6d 1 [12 1.000][575.284 -352.268 431.568 -3.3558 -7.0776 -36.9953][0.792599 -0.594958 0.133464 0.597165 0.801655 0.027264 -0.123213 0.058091 0.990679] 
3d 0 
fr 124779
ts 36658.673579
6d 1 [12 1.000][575.284 -352.268 431.568 -3.3558 -7.0776 -36.9953][0.792599 -0.594958 0.133464 0.597165 0.801655 0.027264 -0.123213 0.058091 0.990679] 
3d 0 
fr 124780
ts 36658.690244
6d 1 [12 1.000][575.284 -352.268 431.568 -3.3558 -7.0776 -36.9953][0.792599 -0.594958 0.133464 0.597165 0.801655 0.027264 -0.123213 0.058091 0.990679] 
3d 0 
fr 124781
ts 36658.706922
6d 1 [12 1.000][575.284 -352.268 431.568 -3.3558 -7.0776 -36.9953][0.792599 -0.594958 0.133464 0.597165 0.801655 0.027264 -0.123213 0.058091 0.990679] 
3d 0 
fr 124782
ts 36658.723585
6d 1 [12 1.000][575.284 -352.268 431.568 -3.3558 -7.0776 -36.9953][0.792599 -0.594958 0.133464 0.597165 0.801655 0.027264 -0.123213 0.058091 0.990679] 
3d 0 
fr 124783
ts 36658.740257
6d 1 [12 1.000][575.284 -352.268 431.568 -3.3558 -7.0776 -36.9953][0.792599 -0.594958 0.133464 0.597165 0.801655 0.027264 -0.123213 0.058091 0.990679] 
3d 0 
fr 124784
ts 36658.756917
6d 1 [12 1.000][575.284 -352.268 431.568 -3.3558 -7.0776 -36.9953][0.792599 -0.594958 0.133464 0.597165 0.801655 0.027264 -0.123213 0.058091 0.990679] 
3d 0 
fr 124785
ts 36658.773584
6d 1 [12 1.000][575.284 -352.268 431.568 -3.3558 -7.0776 -36.9953][0.792599 -0.594958 0.133464 0.597165 0.801655 0.027264 -0.123213 0.058091 0.990679] 
3d 0 
fr 124786
ts 36658.790245
6d 1 [12 1.000][575.292 -352.306 431.573 -3.3553 -7.0768 -36.9938][0.792616 -0.594938 0.133448 0.597145 0.801670 0.027260 -0.123199 0.058081 0.990681] 
3d 0 
fr 124787
ts 36658.806904
6d 1 [12 1.000][575.306 -352.270 431.575 -3.3562 -7.0725 -36.9843][0.792723 -0.594806 0.133402 0.597018 0.801767 0.027180 -0.123124 0.058097 0.990689] 
3d 0 
fr 124788
ts 36658.823565
6d 1 [12 1.000][575.306 -352.270 431.575 -3.3562 -7.0725 -36.9843][0.792723 -0.594806 0.133402 0.597018 0.801767 0.027180 -0.123124 0.058097 0.990689] 
3d 0 
fr 124789
ts 36658.840212
6d 1 [12 1.000][575.306 -352.270 431.575 -3.3562 -7.0725 -36.9843][0.792723 -0.594806 0.133402 0.597018 0.801767 0.027180 -0.123124 0.058097 0.990689] 
3d 0 
fr 124790
ts 36658.856878
6d 1 [12 1.000][575.306 -352.270 431.575 -3.3562 -7.0725 -36.9843][0.792723 -0.594806 0.133402 0.597018 0.801767 0.027180 -0.123124 0.058097 0.990689] 
3d 0 
fr 124791
ts 36658.873519
6d 1 [12 1.000][575.295 -352.187 431.567 -3.3557 -7.0741 -36.9851][0.792711 -0.594818 0.133420 0.597028 0.801759 0.027207 -0.123153 0.058088 0.990686] 
3d 0 
fr 124792
ts 36658.890185
6d 1 [12 1.000][575.284 -352.283 431.571 -3.3445 -7.0803 -36.9879][0.792672 -0.594877 0.133387 0.597058 0.801729 0.027433 -0.123260 0.057894 0.990684] 
3d 0 
fr 124793
ts 36658.906870
6d 1 [12 1.000][575.284 -352.283 431.571 -3.3445 -7.0803 -36.9879][0.792672 -0.594877 0.133387 0.597058 0.801729 0.027433 -0.123260 0.057894 0.990684] 
3d 0 
fr 124794
ts 36658.923536
6d 1 [12 1.000][575.278 -352.280 431.530 -3.3452 -7.0809 -36.9876][0.792674 -0.594872 0.133403 0.597053 0.801732 0.027430 -0.123270 0.057906 0.990682] 
3d 0 
fr 124795
ts 36658.940216
6d 1 [12 1.000][575.277 -352.222 431.550 -3.3470 -7.0811 -36.9888][0.792660 -0.594884 0.133425 0.597070 0.801721 0.027409 -0.123275 0.057938 0.990680] 
3d 0 
fr 124796
ts 36658.956880
6d 1 [12 1.000][575.268 -352.256 431.551 -3.3511 -7.0855 -36.9895][0.792646 -0.594880 0.133527 0.597073 0.801719 0.027398 -0.123350 0.058009 0.990666] 
3d 0 
fr 124797
ts 36658.973552
6d 1 [12 1.000][575.268 -352.224 431.541 -3.3519 -7.0860 -36.9897][0.792643 -0.594881 0.133542 0.597076 0.801717 0.027393 -0.123359 0.058021 0.990664] 
3d 0 
fr 124798
ts 36658.990217
6d 1 [12 1.000][575.257 -352.259 431.534 -3.3540 -7.0869 -36.9899][0.792639 -0.594879 0.133577 0.597078 0.801716 0.027374 -0.123375 0.058058 0.990660] 
3d 0 
fr 124799
ts 36659.006887
6d 1 [12 1.000][575.257 -352.259 431.534 -3.3540 -7.0869 -36.9899][0.792639 -0.594879 0.133577 0.597078 0.801716 0.027374 -0.123375 0.058058 0.990660] 
3d 0 
fr 124800
ts 36659.023550
6d 1 [12 1.000][575.241 -352.387 431.535 -3.3531 -7.0867 -36.9892][0.792647 -0.594871 0.133564 0.597068 0.801723 0.027383 -0.123371 0.058042 0.990662] 
3d 0 
fr 124801
ts 36659.040210
6d 1 [12 1.000][575.246 -352.275 431.542 -3.3511 -7.0900 -36.9887][0.792647 -0.594866 0.133590 0.597057 0.801729 0.027444 -0.123428 0.058008 0.990657] 
3d 0 
fr 124802
ts 36659.056872
6d 1 [12 1.000][575.237 -352.293 431.538 -3.3508 -7.0897 -36.9885][0.792649 -0.594863 0.133584 0.597054 0.801731 0.027445 -0.123424 0.058003 0.990657] 
3d 0 
fr 124803
ts 36659.073524
6d 1 [12 1.000][575.253 -352.182 431.536 -3.3526 -7.0899 -36.9886][0.792648 -0.594861 0.133604 0.597056 0.801731 0.027422 -0.123427 0.058033 0.990655] 
3d 0 
fr 124804
ts 36659.090189
6d 1 [12 1.000][575.277 -352.234 431.534 -3.3516 -7.0878 -36.9867][0.792671 -0.594838 0.133566 0.597032 0.801749 0.027410 -0.123391 0.058016 0.990661] 
3d 0 
fr 124805
ts 36659.106832
6d 1 [12 1.000][575.270 -352.366 431.521 -3.3530 -7.0882 -36.9860][0.792678 -0.594825 0.133585 0.597022 0.801757 0.027392 -0.123396 0.058040 0.990659] 
3d 0 
fr 124806
ts 36659.123499
6d 1 [12 1.000][575.257 -352.326 431.543 -3.3554 -7.0870 -36.9847][0.792693 -0.594803 0.133594 0.597006 0.801771 0.027343 -0.123376 0.058082 0.990659] 
3d 0 
fr 124807
ts 36659.140136
6d 1 [12 1.000][575.280 -352.277 431.589 -3.3562 -7.0862 -36.9845][0.792697 -0.594798 0.133593 0.597003 0.801773 0.027324 -0.123363 0.058096 0.990660] 
3d 0 
fr 124808
ts 36659.156801
6d 1 [12 1.000][575.255 -352.313 431.558 -3.3545 -7.0843 -36.9833][0.792712 -0.594787 0.133549 0.596990 0.801783 0.027324 -0.123330 0.058067 0.990665] 
3d 0 
fr 124809
ts 36659.173488
6d 1 [12 1.000][575.268 -352.291 431.554 -3.3561 -7.0823 -36.9801][0.792749 -0.594740 0.133539 0.596948 0.801816 0.027273 -0.123294 0.058096 0.990668] 
3d 0 
fr 124810
ts 36659.190149
6d 1 [12 1.000][575.268 -352.291 431.554 -3.3561 -7.0823 -36.9801][0.792749 -0.594740 0.133539 0.596948 0.801816 0.027273 -0.123294 0.058096 0.990668] 
3d 0 
fr 124811
ts 36659.206829
6d 1 [12 1.000][575.268 -352.291 431.554 -3.3561 -7.0823 -36.9801][0.792749 -0.594740 0.133539 0.596948 0.801816 0.027273 -0.123294 0.058096 0.990668] 
3d 0 
fr 124812
ts 36659.223490
6d 1 [12 1.000][575.268 -352.291 431.554 -3.3561 -7.0823 -36.9801][0.792749 -0.594740 0.133539 0.596948 0.801816 0.027273 -0.123294 0.058096 0.990668] 
3d 0 
fr 124813
ts 36659.240160
6d 1 [12 1.000][575.308 -352.280 431.552 -3.3582 -7.0824 -36.9797][0.792754 -0.594729 0.133562 0.596942 0.801822 0.027244 -0.123296 0.058131 0.990666] 
3d 0 
fr 124814
ts 36659.256825
6d 1 [12 1.000][575.283 -352.287 431.549 -3.3651 -7.0830 -36.9763][0.792788 -0.594665 0.133644 0.596894 0.801861 0.027146 -0.123307 0.058251 0.990657] 
3d 0 
fr 124815
ts 36659.273491
6d 1 [12 1.000][575.296 -352.232 431.553 -3.3654 -7.0836 -36.9768][0.792782 -0.594671 0.133656 0.596900 0.801856 0.027149 -0.123318 0.058256 0.990656] 
3d 0 
fr 124816
ts 36659.290152
6d 1 [12 1.000][575.290 -352.248 431.567 -3.3691 -7.0811 -36.9784][0.792769 -0.594687 0.133658 0.596926 0.801839 0.027076 -0.123274 0.058319 0.990658] 
3d 0 
fr 124817
ts 36659.306811
6d 1 [12 1.000][575.290 -352.248 431.567 -3.3691 -7.0811 -36.9784][0.792769 -0.594687 0.133658 0.596926 0.801839 0.027076 -0.123274 0.058319 0.990658] 
3d 0 
fr 124818
ts 36659.323472
6d 1 [12 1.000][575.290 -352.248 431.567 -3.3691 -7.0811 -36.9784][0.792769 -0.594687 0.133658 0.596926 0.801839 0.027076 -0.123274 0.058319 0.990658] 
3d 0 
fr 124819
ts 36659.340124
6d 1 [12 1.000][575.290 -352.248 431.567 -3.3691 -7.0811 -36.9784][0.792769 -0.594687 0.133658 0.596926 0.801839 0.027076 -0.123274 0.058319 0.990658] 
3d 0 
fr 124820
ts 36659.356785
6d 1 [12 1.000][575.290 -352.248 431.567 -3.3691 -7.0811 -36.9784][0.792769 -0.594687 0.133658 0.596926 0.801839 0.027076 -0.123274 0.058319 0.990658] 
3d 0 
fr 124821
ts 36659.373428
6d 1 [12 1.000][575.300 -352.209 431.578 -3.3699 -7.0795 -36.9789][0.792767 -0.594693 0.133644 0.596934 0.801834 0.027048 -0.123246 0.058334 0.990660] 
3d 0 
fr 124822
ts 36659.390093
6d 1 [12 1.000][575.289 -352.240 431.583 -3.3711 -7.0652 -36.9782][0.792799 -0.594692 0.133460 0.596943 0.801833 0.026881 -0.122998 0.058357 0.990690] 
3d 0 
fr 124823
ts 36659.406783
6d 1 [12 1.000][575.291 -352.223 431.572 -3.3714 -7.0649 -36.9787][0.792794 -0.594699 0.133458 0.596951 0.801828 0.026875 -0.122993 0.058362 0.990690] 
3d 0 
fr 124824
ts 36659.423444
6d 1 [12 1.000][575.290 -352.244 431.544 -3.3699 -7.0626 -36.9822][0.792762 -0.594753 0.133410 0.597002 0.801789 0.026881 -0.122954 0.058336 0.990696] 
3d 0 
fr 124825
ts 36659.440127
6d 1 [12 1.000][575.288 -352.257 431.527 -3.3696 -7.0634 -36.9828][0.792754 -0.594761 0.133417 0.597010 0.801783 0.026894 -0.122967 0.058331 0.990695] 
3d 0 
fr 124826
ts 36659.456790
6d 1 [12 1.000][575.287 -352.371 431.559 -3.3679 -7.0630 -36.9820][0.792762 -0.594755 0.133394 0.597000 0.801790 0.026912 -0.122960 0.058301 0.990698] 
3d 0 
fr 124827
ts 36659.473462
6d 1 [12 1.000][575.295 -352.285 431.558 -3.3700 -7.0639 -36.9826][0.792755 -0.594758 0.133428 0.597007 0.801785 0.026894 -0.122976 0.058337 0.990694] 
3d 0 
fr 124828
ts 36659.490127
6d 1 [12 1.000][575.286 -352.293 431.548 -3.3679 -7.0653 -36.9834][0.792744 -0.594772 0.133425 0.597015 0.801777 0.026939 -0.123000 0.058301 0.990693] 
3d 0 
fr 124829
ts 36659.506794
6d 1 [12 1.000][575.292 -352.265 431.542 -3.3662 -7.0706 -36.9852][0.792716 -0.594798 0.133480 0.597034 0.801761 0.027023 -0.123093 0.058271 0.990683] 
3d 0 
fr 124830
ts 36659.523457
6d 1 [12 1.000][575.271 -352.322 431.534 -3.3661 -7.0714 -36.9851][0.792715 -0.594796 0.133491 0.597032 0.801762 0.027032 -0.123107 0.058270 0.990681] 
3d 0 
fr 124831
ts 36659.540120
6d 1 [12 1.000][575.277 -352.269 431.542 -3.3686 -7.0744 -36.9862][0.792699 -0.594803 0.133558 0.597043 0.801754 0.027031 -0.123158 0.058313 0.990672] 
3d 0 
fr 124832
ts 36659.556780
6d 1 [12 1.000][575.279 -352.290 431.638 -3.3681 -7.0656 -36.9868][0.792708 -0.594820 0.133431 0.597063 0.801742 0.026948 -0.123006 0.058305 0.990692] 
3d 0 
fr 124833
ts 36659.573433
6d 1 [12 1.000][575.290 -352.262 431.582 -3.3700 -7.0696 -36.9901][0.792666 -0.594858 0.133504 0.597103 0.801711 0.026971 -0.123076 0.058337 0.990681] 
3d 0 
fr 124834
ts 36659.590098
6d 1 [12 1.000][575.290 -352.262 431.582 -3.3700 -7.0696 -36.9901][0.792666 -0.594858 0.133504 0.597103 0.801711 0.026971 -0.123076 0.058337 0.990681] 
3d 0 
fr 124835
ts 36659.606742
6d 1 [12 1.000][575.317 -352.106 431.581 -3.3704 -7.0698 -36.9912][0.792655 -0.594873 0.133509 0.597118 0.801700 0.026969 -0.123078 0.058343 0.990681] 
3d 0 
fr 124836
ts 36659.623408
6d 1 [12 1.000][575.294 -352.237 431.603 -3.3678 -7.0687 -36.9918][0.792651 -0.594887 0.133468 0.597127 0.801692 0.026996 -0.123060 0.058299 0.990685] 
3d 0 
fr 124837
ts 36659.640045
6d 1 [12 1.000][575.291 -352.211 431.577 -3.3684 -7.0704 -36.9920][0.792646 -0.594888 0.133498 0.597128 0.801691 0.027005 -0.123089 0.058310 0.990681] 
3d 0 
fr 124838
ts 36659.656711
6d 1 [12 1.000][575.279 -352.227 431.511 -3.3654 -7.0701 -36.9960][0.792605 -0.594950 0.133460 0.597183 0.801648 0.027054 -0.123084 0.058257 0.990685] 
3d 0 
fr 124839
ts 36659.673394
6d 1 [12 1.000][575.279 -352.227 431.511 -3.3654 -7.0701 -36.9960][0.792605 -0.594950 0.133460 0.597183 0.801648 0.027054 -0.123084 0.058257 0.990685] 
3d 0 
fr 124840
ts 36659.690057
6d 1 [12 1.000][575.244 -352.378 431.569 -3.3637 -7.0704 -36.9946][0.792619 -0.594934 0.133448 0.597163 0.801662 0.027078 -0.123090 0.058227 0.990686] 
3d 0 
fr 124841
ts 36659.706740
6d 1 [12 1.000][575.274 -352.270 431.571 -3.3569 -7.0760 -36.9894][0.792663 -0.594873 0.133457 0.597085 0.801716 0.027219 -0.123187 0.058110 0.990681] 
3d 0 
fr 124842
ts 36659.723401
6d 1 [12 1.000][575.270 -352.277 431.569 -3.3555 -7.0757 -36.9892][0.792666 -0.594874 0.133438 0.597083 0.801717 0.027234 -0.123180 0.058086 0.990683] 
3d 0 
fr 124843
ts 36659.740074
6d 1 [12 1.000][575.265 -352.272 431.554 -3.3569 -7.0778 -36.9883][0.792672 -0.594856 0.133483 0.597067 0.801729 0.027235 -0.123218 0.058110 0.990677] 
3d 0 
fr 124844
ts 36659.756736
6d 1 [12 1.000][575.259 -352.299 431.549 -3.3558 -7.0778 -36.9859][0.792697 -0.594826 0.133471 0.597034 0.801753 0.027244 -0.123217 0.058090 0.990678] 
3d 0 
fr 124845
ts 36659.773397
6d 1 [12 1.000][575.271 -352.149 431.554 -3.3699 -7.0792 -36.9842][0.792713 -0.594767 0.133638 0.597008 0.801779 0.027057 -0.123241 0.058334 0.990661] 
3d 0 
fr 124846
ts 36659.790064
6d 1 [12 1.000][575.272 -352.256 431.544 -3.3582 -7.0807 -36.9802][0.792751 -0.594738 0.133539 0.596951 0.801815 0.027227 -0.123267 0.058132 0.990669] 
3d 0 
fr 124847
ts 36659.806718
6d 1 [12 1.000][575.272 -352.256 431.544 -3.3582 -7.0807 -36.9802][0.792751 -0.594738 0.133539 0.596951 0.801815 0.027227 -0.123267 0.058132 0.990669] 
3d 0 
fr 124848
ts 36659.823384
6d 1 [12 1.000][575.272 -352.256 431.544 -3.3582 -7.0807 -36.9802][0.792751 -0.594738 0.133539 0.596951 0.801815 0.027227 -0.123267 0.058132 0.990669] 
3d 0 
fr 124849
ts 36659.840035
6d 1 [12 1.000][575.272 -352.256 431.544 -3.3582 -7.0807 -36.9802][0.792751 -0.594738 0.133539 0.596951 0.801815 0.027227 -0.123267 0.058132 0.990669] 
3d 0 
fr 124850
ts 36659.856698
6d 1 [12 1.000][575.272 -352.256 431.544 -3.3582 -7.0807 -36.9802][0.792751 -0.594738 0.133539 0.596951 0.801815 0.027227 -0.123267 0.058132 0.990669] 
3d 0 
fr 124851
ts 36659.873340
6d 1 [12 1.000][575.272 -352.256 431.544 -3.3582 -7.0807 -36.9802][0.792751 -0.594738 0.133539 0.596951 0.801815 0.027227 -0.123267 0.058132 0.990669] 
3d 0 
fr 124852
ts 36659.890006
6d 1 [12 1.000][575.272 -352.256 431.544 -3.3582 -7.0807 -36.9802][0.792751 -0.594738 0.133539 0.596951 0.801815 0.027227 -0.123267 0.058132 0.990669] 
3d 0 
fr 124853
ts 36659.906691
6d 1 [12 1.000][575.272 -352.256 431.544 -3.3582 -7.0807 -36.9802][0.792751 -0.594738 0.133539 0.596951 0.801815 0.027227 -0.123267 0.058132 0.990669] 
3d 0 
fr 124854
ts 36659.923357
6d 1 [12 1.000][575.272 -352.256 431.544 -3.3582 -7.0807 -36.9802][0.792751 -0.594738 0.133539 0.596951 0.801815 0.027227 -0.123267 0.058132 0.990669] 
3d 0 
fr 124855
ts 36659.940040
6d 1 [12 1.000][575.272 -352.256 431.544 -3.3582 -7.0807 -36.9802][0.792751 -0.594738 0.133539 0.596951 0.801815 0.027227 -0.123267 0.058132 0.990669] 
3d 0 
fr 124856
ts 36659.956702
6d 1 [12 1.000][575.267 -352.251 431.574 -3.3583 -7.0797 -36.9796][0.792759 -0.594730 0.133526 0.596944 0.801821 0.027215 -0.123249 0.058133 0.990672] 
3d 0 
fr 124857
ts 36659.973368
6d 1 [12 1.000][575.275 -352.247 431.611 -3.3607 -7.0783 -36.9792][0.792766 -0.594720 0.133532 0.596941 0.801825 0.027165 -0.123225 0.058175 0.990672] 
3d 0 
fr 124858
ts 36659.990040
6d 1 [12 1.000][575.270 -352.232 431.558 -3.3635 -7.0960 -36.9751][0.792778 -0.594642 0.133808 0.596861 0.801880 0.027301 -0.123532 0.058221 0.990631] 
3d 0 
fr 124859
ts 36660.006709
6d 1 [12 1.000][575.270 -352.232 431.558 -3.3635 -7.0960 -36.9751][0.792778 -0.594642 0.133808 0.596861 0.801880 0.027301 -0.123532 0.058221 0.990631] 
3d 0 
fr 124860
ts 36660.023370
6d 1 [12 1.000][575.269 -352.330 431.568 -3.3643 -7.0917 -36.9758][0.792778 -0.594653 0.133757 0.596876 0.801870 0.027246 -0.123458 0.058236 0.990640] 
3d 0 
fr 124861
ts 36660.040033
6d 1 [12 1.000][575.277 -352.240 431.558 -3.3724 -7.0828 -36.9832][0.792717 -0.594744 0.133715 0.596989 0.801793 0.027059 -0.123304 0.058376 0.990650] 
3d 0 
fr 124862
ts 36660.056695
6d 1 [12 1.000][575.277 -352.240 431.558 -3.3724 -7.0828 -36.9832][0.792717 -0.594744 0.133715 0.596989 0.801793 0.027059 -0.123304 0.058376 0.990650] 
3d 0 
fr 124863
ts 36660.073349
6d 1 [12 1.000][575.277 -352.240 431.558 -3.3724 -7.0828 -36.9832][0.792717 -0.594744 0.133715 0.596989 0.801793 0.027059 -0.123304 0.058376 0.990650] 
3d 0 
fr 124864
ts 36660.090014
6d 1 [12 1.000][575.267 -352.277 431.551 -3.3728 -7.0807 -36.9838][0.792714 -0.594754 0.133689 0.597001 0.801785 0.027032 -0.123267 0.058384 0.990655] 
3d 0 
fr 124865
ts 36660.106656
6d 1 [12 1.000][575.267 -352.288 431.554 -3.3756 -7.0732 -36.9878][0.792685 -0.594810 0.133613 0.597066 0.801740 0.026924 -0.123137 0.058434 0.990668] 
3d 0 
fr 124866
ts 36660.123320
6d 1 [12 1.000][575.267 -352.288 431.554 -3.3756 -7.0732 -36.9878][0.792685 -0.594810 0.133613 0.597066 0.801740 0.026924 -0.123137 0.058434 0.990668] 
3d 0 
fr 124867
ts 36660.139965
6d 1 [12 1.000][575.267 -352.288 431.554 -3.3756 -7.0732 -36.9878][0.792685 -0.594810 0.133613 0.597066 0.801740 0.026924 -0.123137 0.058434 0.990668] 
3d 0 
fr 124868
ts 36660.156626
6d 1 [12 1.000][575.267 -352.288 431.554 -3.3756 -7.0732 -36.9878][0.792685 -0.594810 0.133613 0.597066 0.801740 0.026924 -0.123137 0.058434 0.990668] 
3d 0 
fr 124869
ts 36660.173313
6d 1 [12 1.000][575.259 -352.267 431.539 -3.3743 -7.0766 -36.9870][0.792687 -0.594799 0.133647 0.597051 0.801750 0.026975 -0.123196 0.058411 0.990662] 
3d 0 
fr 124870
ts 36660.189975
6d 1 [12 1.000][575.265 -352.268 431.552 -3.3644 -7.0828 -36.9784][0.792766 -0.594697 0.133633 0.596924 0.801838 0.027159 -0.123303 0.058238 0.990659] 
3d 0 
fr 124871
ts 36660.206645
6d 1 [12 1.000][575.299 -352.163 431.553 -3.3638 -7.0832 -36.9793][0.792756 -0.594711 0.133633 0.596936 0.801828 0.027174 -0.123311 0.058228 0.990658] 
3d 0 
fr 124872
ts 36660.223318
6d 1 [12 1.000][575.278 -352.256 431.592 -3.3602 -7.0826 -36.9803][0.792747 -0.594733 0.133586 0.596950 0.801816 0.027220 -0.123300 0.058165 0.990663] 
3d 0 
fr 124873
ts 36660.239986
6d 1 [12 1.000][575.277 -352.318 431.563 -3.3542 -7.0855 -36.9834][0.792710 -0.594788 0.133562 0.596989 0.801783 0.027341 -0.123351 0.058062 0.990663] 
3d 0 
fr 124874
ts 36660.256651
6d 1 [12 1.000][575.277 -352.318 431.563 -3.3542 -7.0855 -36.9834][0.792710 -0.594788 0.133562 0.596989 0.801783 0.027341 -0.123351 0.058062 0.990663] 
3d 0 
fr 124875
ts 36660.273317
6d 1 [12 1.000][575.275 -352.140 431.556 -3.3535 -7.0868 -36.9828][0.792714 -0.594780 0.133574 0.596979 0.801790 0.027362 -0.123373 0.058050 0.990661] 
3d 0 
fr 124876
ts 36660.289978
6d 1 [12 1.000][575.281 -352.249 431.568 -3.3437 -7.0900 -36.9791][0.792747 -0.594749 0.133517 0.596924 0.801825 0.027525 -0.123428 0.057879 0.990664] 
3d 0 
fr 124877
ts 36660.306639
