fr 504527
ts 64326.894044
6d 1 [12 1.000][564.046 353.441 1219.308 -5.2154 5.2117 150.6559][-0.868088 0.495223 0.034307 -0.488028 -0.864037 0.123567 0.090835 0.090525 0.991743] 
3d 2 [9608 1.000][179.930 2802.352 583.157] [9650 1.000][1116.935 -282.162 1455.591] 
fr 504528
ts 64326.910706
6d 1 [12 1.000][564.306 354.329 1219.134 -5.2954 5.2924 150.5629][-0.867183 0.496783 0.034629 -0.489372 -0.862995 0.125515 0.092238 0.091898 0.991487] 
3d 2 [9608 1.000][180.120 2803.072 582.945] [9650 1.000][1117.073 -281.204 1455.194] 
fr 504529
ts 64326.927379
6d 1 [12 1.000][564.642 355.429 1219.119 -5.4171 5.3294 150.5162][-0.866732 0.497613 0.034028 -0.490050 -0.862291 0.127690 0.092882 0.093998 0.991230] 
3d 2 [9608 1.000][179.873 2803.411 582.824] [9650 1.000][1117.252 -280.478 1454.898] 
fr 504530
ts 64326.944042
6d 1 [12 1.000][564.555 355.944 1219.198 -5.6788 5.4477 150.3004][-0.864711 0.501181 0.033035 -0.493215 -0.859717 0.132758 0.094937 0.098504 0.990598] 
3d 2 [9608 1.000][180.118 2803.061 582.901] [9650 1.000][1117.230 -279.816 1454.721] 
fr 504531
ts 64326.960707
6d 1 [12 1.000][564.425 356.492 1219.309 -5.9475 5.4750 150.2315][-0.864078 0.502406 0.030929 -0.494232 -0.858458 0.137060 0.095411 0.103145 0.990080] 
3d 2 [9608 1.000][179.680 2802.917 582.917] [9650 1.000][1117.251 -279.164 1454.617] 
fr 504532
ts 64326.977370
6d 1 [12 1.000][564.536 357.396 1219.476 -6.1455 5.4968 150.2078][-0.863842 0.502900 0.029461 -0.494571 -0.857751 0.140225 0.095790 0.106562 0.989681] 
3d 2 [9608 1.000][180.120 2803.072 582.945] [9650 1.000][1117.295 -278.219 1454.399] 
fr 504533
ts 64326.994029
6d 1 [12 1.000][564.561 357.994 1219.694 -6.3479 5.5410 150.1606][-0.863370 0.503781 0.028229 -0.495246 -0.856793 0.143657 0.096558 0.110049 0.989225] 
3d 2 [9608 1.000][180.068 2803.176 582.862] [9650 1.000][1117.393 -278.000 1454.349] 
fr 504534
ts 64327.010691
6d 1 [12 1.000][564.523 358.476 1219.913 -6.4388 5.5552 150.1387][-0.863160 0.504176 0.027587 -0.495564 -0.856358 0.145149 0.096805 0.111616 0.989025] 
3d 2 [9608 1.000][179.971 2803.416 582.828] [9650 1.000][1117.419 -277.689 1454.398] 
fr 504535
ts 64327.027343
6d 1 [12 1.000][564.403 358.767 1220.101 -6.4481 5.5038 150.2138][-0.863884 0.502970 0.026926 -0.494474 -0.857045 0.144810 0.095912 0.111785 0.989093] 
3d 2 [9608 1.000][179.783 2802.461 583.114] [9650 1.000][1117.449 -277.716 1454.562] 
fr 504536
ts 64327.044004
6d 1 [12 1.000][564.316 358.845 1220.192 -6.3538 5.4631 150.2054][-0.863870 0.502983 0.027122 -0.494635 -0.857246 0.143055 0.095205 0.110166 0.989343] 
3d 2 [9608 1.000][179.964 2803.385 582.694] [9650 1.000][1117.400 -277.779 1454.681] 
fr 504537
ts 64327.060650
6d 1 [12 1.000][564.149 358.634 1220.231 -6.2935 5.4344 150.1573][-0.863496 0.503627 0.027102 -0.495384 -0.857001 0.141928 0.094705 0.109129 0.989506] 
3d 2 [9608 1.000][179.971 2803.416 582.828] [9650 1.000][1117.403 -277.766 1454.640] 
fr 504538
ts 64327.077312
6d 1 [12 1.000][564.073 358.225 1220.201 -6.1834 5.4466 150.1201][-0.863157 0.504150 0.028162 -0.495934 -0.856934 0.140405 0.094918 0.107225 0.989694] 
3d 2 [9608 1.000][180.176 2802.988 583.119] [9650 1.000][1117.369 -278.169 1454.901] 
fr 504539
ts 64327.093999
6d 1 [12 1.000][564.177 358.033 1220.013 -6.0853 5.4310 150.2746][-0.864513 0.501763 0.029165 -0.493618 -0.858543 0.138726 0.094647 0.105534 0.989901] 
3d 2 [9608 1.000][179.875 2803.175 582.898] [9650 1.000][1117.377 -278.387 1454.879] 
fr 504540
ts 64327.110665
6d 1 [12 1.000][564.221 357.672 1219.796 -5.8714 5.3945 150.2729][-0.864551 0.501620 0.030486 -0.493673 -0.859073 0.135207 0.094012 0.101843 0.990348] 
3d 2 [9608 1.000][180.114 2803.286 582.782] [9650 1.000][1117.374 -278.345 1454.730] 
fr 504541
ts 64327.127344
6d 1 [12 1.000][564.313 357.458 1219.435 -5.6605 5.3946 150.3010][-0.864793 0.501083 0.032399 -0.493249 -0.859810 0.132029 0.094014 0.098197 0.990716] 
3d 2 [9608 1.000][180.170 2802.957 582.984] [9650 1.000][1117.318 -278.175 1454.548] 
fr 504542
ts 64327.144010
6d 1 [12 1.000][564.529 357.181 1219.010 -5.5203 5.4763 150.2382][-0.864135 0.502062 0.034710 -0.494129 -0.859514 0.130663 0.095435 0.095760 0.990819] 
3d 2 [9608 1.000][180.017 2803.527 582.749] [9650 1.000][1117.382 -277.996 1454.321] 
fr 504543
ts 64327.160683
6d 1 [12 1.000][564.769 356.909 1218.599 -5.5036 5.5715 150.2185][-0.863826 0.502485 0.036239 -0.494347 -0.859300 0.131242 0.097087 0.095456 0.990688] 
3d 2 [9608 1.000][180.215 2802.821 582.934] [9650 1.000][1117.476 -277.680 1453.932] 
fr 504544
ts 64327.177349
6d 1 [12 1.000][565.002 356.754 1218.259 -5.5763 5.7156 150.0619][-0.862257 0.505088 0.037399 -0.496583 -0.857635 0.133672 0.099591 0.096688 0.990320] 
3d 2 [9608 1.000][180.012 2803.506 582.660] [9650 1.000][1117.502 -277.406 1453.566] 
fr 504545
ts 64327.194016
6d 1 [12 1.000][565.390 356.950 1217.891 -5.6029 5.8430 149.9824][-0.861373 0.506483 0.038884 -0.497667 -0.856762 0.135223 0.101803 0.097126 0.990052] 
3d 2 [9608 1.000][179.332 2802.747 582.804] [9650 1.000][1117.579 -276.962 1453.228] 
fr 504546
ts 64327.210679
6d 1 [12 1.000][565.748 357.059 1217.599 -5.6966 6.0049 149.8433][-0.859910 0.508864 0.040143 -0.499610 -0.855168 0.138121 0.104614 0.098716 0.989602] 
3d 2 [9608 1.000][180.068 2803.176 582.862] [9650 1.000][1117.634 -276.510 1452.834] 
fr 504547
ts 64327.227343
6d 1 [12 1.000][565.985 357.250 1217.343 -5.6785 6.0872 149.7843][-0.859264 0.509855 0.041389 -0.500420 -0.854616 0.138608 0.106041 0.098389 0.989482] 
3d 1 [9608 1.000][180.071 2803.433 582.878] 
fr 504548
ts 64327.244005
6d 1 [12 1.000][566.240 357.586 1217.181 -5.6568 6.1582 149.6686][-0.858138 0.511669 0.042361 -0.502087 -0.853576 0.138986 0.107273 0.098000 0.989388] 
3d 1 [9608 1.000][180.174 2802.977 583.074] 
fr 504549
ts 64327.260660
6d 1 [12 1.000][566.389 357.871 1217.262 -5.9674 6.3413 149.5427][-0.856733 0.514048 0.041995 -0.503795 -0.851515 0.145300 0.110451 0.103326 0.988496] 
3d 1 [9608 1.000][180.073 2803.197 582.951] 
fr 504550
ts 64327.277323
6d 1 [12 1.000][566.482 358.261 1217.353 -6.1426 6.4809 149.3634][-0.854918 0.517057 0.042031 -0.506335 -0.849322 0.149256 0.112872 0.106320 0.987905] 
3d 1 [9608 1.000][180.069 2803.422 582.833] 
fr 504551
ts 64327.293972
6d 1 [12 1.000][566.546 358.793 1217.446 -6.2002 6.4891 149.3971][-0.855202 0.516613 0.041722 -0.505824 -0.849467 0.150158 0.113015 0.107312 0.987781] 
3d 1 [9608 1.000][180.082 2802.510 583.261] 
fr 504552
ts 64327.310636
6d 1 [12 1.000][566.580 359.223 1217.552 -6.2181 6.4781 149.4121][-0.855353 0.516385 0.041436 -0.505610 -0.849567 0.150315 0.112823 0.107621 0.987770] 
3d 1 [9608 1.000][179.969 2803.406 582.784] 
fr 504553
ts 64327.327277
6d 1 [12 1.000][566.558 359.445 1217.646 -6.1582 6.4393 149.3978][-0.855292 0.516492 0.041363 -0.505863 -0.849631 0.149097 0.112151 0.106597 0.987957] 
3d 1 [9608 1.000][180.120 2803.072 582.945] 
fr 504554
ts 64327.343938
6d 1 [12 1.000][566.690 359.909 1217.613 -6.3226 6.4911 149.5329][-0.856395 0.514691 0.041008 -0.503793 -0.850365 0.151892 0.113049 0.109420 0.987546] 
3d 1 [9608 1.000][180.019 2803.537 582.794] 
fr 504555
ts 64327.360626
6d 1 [12 1.000][566.604 359.951 1217.491 -6.3323 6.4856 149.6363][-0.857312 0.513153 0.041114 -0.502252 -0.851272 0.151914 0.112954 0.109589 0.987538] 
3d 1 [9608 1.000][179.328 2802.726 582.715] 
fr 504556
ts 64327.377290
6d 1 [12 1.000][566.495 359.808 1217.285 -6.3618 6.5687 149.6582][-0.857362 0.512986 0.042142 -0.501841 -0.851310 0.153060 0.114394 0.110079 0.987318] 
3d 1 [9608 1.000][180.122 2803.082 582.990] 
fr 504557
ts 64327.393968
6d 1 [12 1.000][566.503 359.925 1217.040 -6.2479 6.5262 149.7388][-0.858140 0.511634 0.042744 -0.500678 -0.852373 0.150937 0.113658 0.108124 0.987619] 
3d 1 [9608 1.000][180.018 2803.291 582.823] 
fr 504558
ts 64327.410627
6d 1 [12 1.000][566.403 359.874 1216.888 -6.1330 6.4726 149.7346][-0.858194 0.511524 0.042959 -0.500794 -0.852686 0.148765 0.112728 0.106156 0.987939] 
3d 1 [9608 1.000][180.022 2802.819 582.970] 
fr 504559
ts 64327.427304
6d 1 [12 1.000][566.355 359.907 1216.700 -6.0837 6.4225 149.8643][-0.859411 0.509475 0.042988 -0.498899 -0.854016 0.147500 0.111860 0.105316 0.988127] 
3d 1 [9608 1.000][179.834 2802.111 583.226] 
fr 504560
ts 64327.443965
6d 1 [12 1.000][566.439 360.233 1216.603 -6.0205 6.3551 149.9253][-0.860055 0.508412 0.042699 -0.498050 -0.854782 0.145927 0.110689 0.104239 0.988373] 
3d 1 [9608 1.000][179.917 2803.511 582.700] 
fr 504561
ts 64327.460632
6d 1 [12 1.000][566.417 360.538 1216.556 -6.1075 6.3809 149.9255][-0.860014 0.508513 0.042313 -0.498020 -0.854537 0.147449 0.111138 0.105736 0.988164] 
3d 1 [9608 1.000][180.170 2802.957 582.984] 
fr 504562
ts 64327.477293
6d 1 [12 1.000][566.516 360.974 1216.591 -6.1190 6.3538 149.8839][-0.859697 0.509099 0.041699 -0.498671 -0.854164 0.147416 0.110667 0.105939 0.988195] 
3d 1 [9608 1.000][180.120 2803.072 582.945] 
fr 504563
ts 64327.493954
6d 1 [12 1.000][566.816 361.676 1216.446 -6.2636 6.4598 149.9427][-0.860030 0.508499 0.042149 -0.497685 -0.854210 0.150446 0.112506 0.108411 0.987719] 
3d 1 [9608 1.000][179.825 2803.290 582.859] 
fr 504564
ts 64327.510615
6d 1 [12 1.000][566.910 362.043 1216.500 -6.2817 6.4505 149.8750][-0.859457 0.509507 0.041672 -0.498711 -0.853570 0.150684 0.112344 0.108724 0.987703] 
3d 1 [9608 1.000][179.958 2803.600 582.531] 
fr 504565
ts 64327.527265
6d 1 [12 1.000][566.764 361.942 1216.546 -6.2718 6.4315 149.7461][-0.858365 0.511387 0.041139 -0.500661 -0.852466 0.150465 0.112016 0.108557 0.987759] 
3d 1 [9608 1.000][179.827 2803.054 582.932] 
fr 504566
ts 64327.543929
6d 1 [12 1.000][566.983 362.174 1216.507 -6.2833 6.4372 149.7598][-0.858475 0.511201 0.041157 -0.500451 -0.852552 0.150677 0.112115 0.108755 0.987726] 
3d 1 [9608 1.000][179.975 2803.437 582.918] 
fr 504567
ts 64327.560572
6d 1 [12 1.000][567.110 362.316 1216.334 -6.3332 6.4945 149.8899][-0.859512 0.509395 0.041910 -0.498443 -0.853525 0.151821 0.113108 0.109602 0.987519] 
3d 1 [9608 1.000][180.016 2803.281 582.778] 
fr 504568
ts 64327.577237
6d 1 [12 1.000][567.334 362.459 1216.280 -6.3061 6.4795 149.8940][-0.859573 0.509289 0.041937 -0.498397 -0.853647 0.151284 0.112847 0.109138 0.987600] 
3d 1 [9608 1.000][180.068 2803.176 582.862] 
fr 504569
ts 64327.593929
6d 1 [12 1.000][567.392 362.203 1216.170 -6.2053 6.5911 149.7604][-0.858217 0.511385 0.044147 -0.500288 -0.852617 0.150851 0.114784 0.107377 0.987570] 
3d 1 [9608 1.000][180.026 2802.840 583.059] 
fr 504570
ts 64327.610590
6d 1 [12 1.000][567.463 362.176 1216.154 -6.1866 6.6131 149.8292][-0.858779 0.510382 0.044822 -0.499235 -0.853259 0.150710 0.115164 0.107050 0.987561] 
3d 1 [9608 1.000][180.070 2803.186 582.906] 
fr 504571
ts 64327.627272
6d 1 [12 1.000][567.506 362.208 1216.097 -6.2351 6.6260 149.9529][-0.859832 0.508597 0.044909 -0.497367 -0.854219 0.151448 0.115388 0.107884 0.987445] 
3d 1 [9608 1.000][180.066 2803.412 582.788] 
fr 504572
ts 64327.643936
6d 1 [12 1.000][567.322 362.043 1216.052 -6.2776 6.6567 150.0726][-0.860816 0.506896 0.045308 -0.495539 -0.855138 0.152251 0.115920 0.108608 0.987303] 
3d 1 [9608 1.000][180.224 2802.862 583.113] 
fr 504573
ts 64327.660614
6d 1 [12 1.000][567.291 362.100 1216.158 -6.2784 6.6530 150.1304][-0.861322 0.506028 0.045400 -0.494674 -0.855650 0.152185 0.115856 0.108622 0.987309] 
3d 1 [9608 1.000][180.023 2803.312 582.912] 
fr 504574
ts 64327.677275
6d 1 [12 1.000][567.198 362.194 1216.219 -6.2959 6.6482 150.1641][-0.861621 0.505531 0.045262 -0.494173 -0.855905 0.152379 0.115772 0.108925 0.987285] 
3d 1 [9608 1.000][179.917 2803.511 582.700] 
fr 504575
ts 64327.693945
6d 1 [12 1.000][566.904 361.916 1216.319 -6.3151 6.6521 150.0800][-0.860888 0.506807 0.044928 -0.495432 -0.855108 0.152765 0.115841 0.109255 0.987241] 
3d 1 [9608 1.000][179.731 2802.566 583.030] 
fr 504576
ts 64327.710607
6d 1 [12 1.000][566.704 361.860 1216.368 -6.4011 6.6181 150.1723][-0.861744 0.505440 0.043907 -0.494079 -0.855726 0.153687 0.115251 0.110745 0.987144] 
3d 1 [9608 1.000][180.122 2803.082 582.990] 
fr 504577
ts 64327.727269
6d 1 [12 1.000][566.527 361.708 1216.335 -6.3717 6.5780 150.1647][-0.861749 0.505463 0.043546 -0.494233 -0.855776 0.152910 0.114556 0.110248 0.987280] 
3d 1 [9608 1.000][180.022 2802.819 582.970] 
fr 504578
ts 64327.743934
6d 1 [12 1.000][566.274 361.333 1216.317 -6.3863 6.6143 150.0689][-0.860858 0.506965 0.043703 -0.495637 -0.854856 0.153511 0.115185 0.110491 0.987180] 
3d 1 [9608 1.000][180.172 2802.967 583.029] 
fr 504579
ts 64327.760585
6d 1 [12 1.000][566.383 361.358 1216.248 -6.2639 6.5354 150.0553][-0.860877 0.506944 0.043572 -0.495920 -0.855136 0.151016 0.113817 0.108398 0.987571] 
3d 1 [9608 1.000][179.973 2803.181 582.902] 
fr 504580
ts 64327.777250
6d 1 [12 1.000][566.453 361.387 1216.059 -6.2639 6.6011 150.0550][-0.860760 0.507057 0.044552 -0.495860 -0.855071 0.151582 0.114956 0.108385 0.987440] 
3d 1 [9608 1.000][180.070 2803.186 582.906] 
fr 504581
ts 64327.793900
6d 1 [12 1.000][566.692 361.649 1215.965 -6.2700 6.5997 150.1259][-0.861376 0.506000 0.044664 -0.494795 -0.855683 0.151606 0.114931 0.108490 0.987431] 
3d 1 [9608 1.000][180.112 2803.276 582.738] 
fr 504582
ts 64327.810561
6d 1 [12 1.000][566.690 361.526 1215.910 -6.2733 6.6264 150.0982][-0.861090 0.506461 0.044961 -0.495185 -0.855404 0.151906 0.115395 0.108541 0.987372] 
3d 1 [9608 1.000][179.921 2803.285 582.818] 
fr 504583
ts 64327.827200
6d 1 [12 1.000][566.918 361.777 1215.986 -6.2645 6.6317 150.1238][-0.861302 0.506080 0.045187 -0.494794 -0.855649 0.151801 0.115487 0.108389 0.987378] 
3d 1 [9608 1.000][179.633 2802.314 583.054] 
fr 504584
ts 64327.843866
6d 1 [12 1.000][567.033 361.955 1215.970 -6.2761 6.6376 150.2413][-0.862305 0.504343 0.045483 -0.493021 -0.856649 0.151930 0.115588 0.108586 0.987344] 
3d 1 [9608 1.000][179.857 2803.820 582.408] 
fr 504585
ts 64327.860550
6d 1 [12 1.000][567.044 361.900 1216.040 -6.3115 6.6524 150.1956][-0.861885 0.505078 0.045273 -0.493693 -0.856138 0.152623 0.115846 0.109193 0.987247] 
3d 1 [9608 1.000][179.825 2803.290 582.859] 
fr 504586
ts 64327.877212
6d 1 [12 1.000][567.234 362.092 1216.104 -6.3873 6.6664 150.2093][-0.861979 0.504957 0.044849 -0.493474 -0.856043 0.153865 0.116088 0.110497 0.987073] 
3d 1 [9608 1.000][180.130 2802.631 583.227] 
fr 504587
ts 64327.893896
6d 1 [12 1.000][567.404 362.148 1216.096 -6.3213 6.6722 150.2235][-0.862091 0.504702 0.045556 -0.493254 -0.856339 0.152917 0.116188 0.109358 0.987189] 
3d 1 [9608 1.000][179.585 2803.167 582.929] 
fr 504588
ts 64327.910557
6d 1 [12 1.000][567.333 361.870 1216.053 -6.3253 6.6812 150.3112][-0.862828 0.503410 0.045889 -0.491926 -0.857091 0.152984 0.116344 0.109425 0.987163] 
3d 1 [9608 1.000][180.068 2803.176 582.862] 
fr 504589
ts 64327.927232
6d 1 [12 1.000][567.493 361.884 1215.924 -6.3204 6.6950 150.3733][-0.863337 0.502499 0.046304 -0.490976 -0.857637 0.152978 0.116584 0.109337 0.987144] 
3d 1 [9608 1.000][179.879 2802.949 583.016] 
fr 504590
ts 64327.943893
6d 1 [12 1.000][567.604 361.774 1215.798 -6.2540 6.7097 150.4054][-0.863586 0.501988 0.047193 -0.490477 -0.858081 0.152083 0.116839 0.108190 0.987240] 
3d 1 [9608 1.000][179.719 2803.488 582.646] 
fr 504591
ts 64327.960557
6d 1 [12 1.000][567.629 361.504 1215.673 -6.2812 6.7675 150.3851][-0.863309 0.502411 0.047766 -0.490725 -0.857776 0.153000 0.117841 0.108646 0.987071] 
3d 1 [9608 1.000][180.122 2803.082 582.990] 
fr 504592
ts 64327.977222
6d 1 [12 1.000][567.706 361.418 1215.583 -6.2577 6.7765 150.4798][-0.864103 0.500987 0.048360 -0.489288 -0.858660 0.152644 0.117997 0.108238 0.987097] 
3d 1 [9608 1.000][179.969 2803.406 582.784] 
fr 504593
ts 64327.993881
6d 1 [12 1.000][567.822 361.399 1215.482 -6.1901 6.7788 150.5352][-0.864572 0.500102 0.049131 -0.488450 -0.859321 0.151604 0.118036 0.107074 0.987220] 
3d 1 [9608 1.000][179.426 2803.224 582.662] 
fr 504594
ts 64328.010542
6d 1 [12 1.000][567.741 361.199 1215.530 -6.2209 6.7831 150.5149][-0.864391 0.500440 0.048874 -0.488752 -0.859059 0.152119 0.118112 0.107603 0.987153] 
3d 1 [9608 1.000][180.070 2803.186 582.906] 
fr 504595
ts 64328.027198
6d 1 [12 1.000][567.819 361.261 1215.598 -6.2011 6.7875 150.5377][-0.864577 0.500089 0.049173 -0.488404 -0.859306 0.151840 0.118188 0.107261 0.987181] 
3d 1 [9608 1.000][179.922 2803.778 582.761] 
fr 504596
ts 64328.043858
6d 1 [12 1.000][567.796 361.176 1215.633 -6.1889 6.7401 150.5975][-0.865171 0.499104 0.048724 -0.487549 -0.859903 0.151205 0.117365 0.107062 0.987301] 
3d 1 [9608 1.000][180.226 2802.873 583.158] 
fr 504597
ts 64328.060504
6d 1 [12 1.000][567.734 360.880 1215.666 -6.1764 6.7954 150.6037][-0.865125 0.499089 0.049681 -0.487399 -0.859940 0.151478 0.118324 0.106833 0.987211] 
3d 1 [9608 1.000][180.165 2802.936 582.895] 
fr 504598
ts 64328.077167
6d 1 [12 1.000][567.873 360.845 1215.706 -6.1389 6.7676 150.6380][-0.865467 0.498497 0.049681 -0.486909 -0.860363 0.150652 0.117843 0.106194 0.987338] 
3d 1 [9608 1.000][180.023 2803.312 582.912] 
fr 504599
ts 64328.093858
6d 1 [12 1.000][568.030 360.608 1215.655 -6.0121 6.7733 150.6918][-0.865913 0.497586 0.051010 -0.486090 -0.861157 0.148747 0.117942 0.104007 0.987559] 
3d 1 [9608 1.000][180.278 2802.768 583.241] 
fr 504600
ts 64328.110519
6d 1 [12 1.000][568.037 360.100 1215.607 -6.0144 6.8096 150.7308][-0.866179 0.497060 0.051636 -0.485464 -0.861457 0.149054 0.118571 0.104040 0.987480] 
3d 1 [9608 1.000][179.922 2803.778 582.761] 
fr 504601
ts 64328.127204
6d 1 [12 1.000][568.319 359.877 1215.461 -5.9723 6.8877 150.7972][-0.866599 0.496146 0.053348 -0.484381 -0.862073 0.149016 0.119924 0.103296 0.987395] 
3d 1 [9608 1.000][180.116 2803.297 582.827] 
fr 504602
ts 64328.143865
6d 1 [12 1.000][568.465 359.542 1215.274 -5.9747 6.9767 150.9045][-0.867341 0.494673 0.054947 -0.482666 -0.862916 0.149698 0.121466 0.103318 0.987204] 
3d 1 [9608 1.000][180.069 2803.422 582.833] 
fr 504603
ts 64328.160540
6d 1 [12 1.000][568.659 359.125 1215.101 -5.9318 7.0388 151.0604][-0.868535 0.492379 0.056659 -0.480240 -0.864317 0.149420 0.122542 0.102566 0.987149] 
3d 1 [9608 1.000][179.568 2803.823 582.485] 
fr 504604
ts 64328.177206
6d 1 [12 1.000][568.962 358.911 1214.949 -5.6995 6.9227 151.4964][-0.872380 0.485374 0.058004 -0.473735 -0.868730 0.144509 0.120531 0.098588 0.987802] 
3d 1 [9608 1.000][180.070 2803.186 582.906] 
fr 504605
ts 64328.193876
6d 1 [12 1.000][569.423 358.830 1214.775 -5.4633 6.8580 151.9202][-0.875980 0.478594 0.060060 -0.467334 -0.872933 0.139952 0.119409 0.094527 0.988335] 
3d 1 [9608 1.000][179.969 2803.406 582.784] 
fr 504606
ts 64328.210537
6d 1 [12 1.000][569.755 358.863 1214.697 -5.4539 6.8630 152.4279][-0.880077 0.470837 0.061452 -0.459548 -0.877159 0.139310 0.119496 0.094364 0.988340] 
3d 1 [9608 1.000][179.867 2803.379 582.690] 
fr 504607
ts 64328.227197
6d 1 [12 1.000][570.520 359.673 1215.405 -5.3053 6.4726 153.2735][-0.887470 0.457116 0.058669 -0.446866 -0.884649 0.133064 0.112727 0.091873 0.989369] 
3d 1 [9608 1.000][180.178 2802.752 583.192] 
fr 504608
ts 64328.243863
6d 1 [12 1.000][571.152 360.215 1215.507 -4.9549 6.2286 154.2119][-0.895094 0.441855 0.059750 -0.432475 -0.892968 0.124793 0.108495 0.085861 0.990382] 
3d 1 [9608 1.000][179.830 2803.310 582.948] 
fr 504609
ts 64328.260519
6d 1 [12 1.000][571.549 360.895 1215.571 -4.7588 6.0709 155.1857][-0.902583 0.426195 0.060846 -0.417325 -0.900862 0.119533 0.105758 0.082496 0.990964] 
3d 1 [9608 1.000][180.172 2802.967 583.029] 
fr 504610
ts 64328.277181
6d 1 [12 1.000][572.091 361.977 1215.599 -4.5217 5.9272 156.4602][-0.911882 0.405607 0.062891 -0.397251 -0.910678 0.113391 0.103265 0.078416 0.991558] 
3d 1 [9608 1.000][180.073 2803.197 582.951] 
fr 504611
ts 64328.293826
6d 1 [12 1.000][572.114 362.604 1215.843 -4.4108 5.7613 157.6057][-0.919914 0.386988 0.063240 -0.379053 -0.918905 0.109238 0.100385 0.076518 0.992002] 
3d 1 [9608 1.000][179.924 2803.542 582.834] 
fr 504612
ts 64328.310492
6d 1 [12 1.000][572.430 364.284 1216.161 -4.1314 5.5217 159.0898][-0.929807 0.362452 0.063938 -0.355248 -0.929240 0.101552 0.096222 0.071710 0.992773] 
3d 1 [9608 1.000][180.073 2803.197 582.951] 
fr 504613
ts 64328.327135
6d 1 [12 1.000][572.427 366.011 1216.598 -3.9741 5.2492 160.5596][-0.939033 0.338006 0.062998 -0.331431 -0.938610 0.095730 0.091488 0.069014 0.993412] 
3d 1 [9608 1.000][179.682 2803.173 582.933] 
fr 504614
ts 64328.343798
6d 1 [12 1.000][571.893 367.042 1217.256 -3.3197 4.7055 161.9303][-0.947475 0.314170 0.059896 -0.309129 -0.947611 0.080454 0.082034 0.057713 0.994957] 
3d 1 [9608 1.000][180.070 2803.186 582.906] 
fr 504615
ts 64328.360481
6d 1 [12 1.000][571.088 368.328 1217.875 -3.2002 4.3148 163.3209][-0.955212 0.290587 0.055937 -0.286198 -0.955228 0.075036 0.075237 0.055666 0.995611] 
3d 1 [9608 1.000][180.070 2803.186 582.906] 
fr 504616
ts 64328.377148
6d 1 [12 1.000][569.827 369.298 1218.647 -3.0357 3.9052 164.6327][-0.962008 0.268112 0.051544 -0.264390 -0.961938 0.069089 0.068106 0.052836 0.996278] 
3d 1 [9608 1.000][180.021 2803.548 582.839] 
fr 504617
ts 64328.393824
6d 1 [12 1.000][568.351 370.196 1219.539 -2.9626 3.4136 165.8164][-0.967795 0.247686 0.044987 -0.244595 -0.967466 0.064679 0.059544 0.051592 0.996892] 
3d 1 [9608 1.000][180.174 2802.977 583.074] 
fr 504618
ts 64328.410489
6d 1 [12 1.000][566.886 371.329 1220.302 -2.8240 2.9851 166.9938][-0.973024 0.227284 0.039591 -0.224751 -0.972585 0.059710 0.052077 0.049202 0.997430] 
3d 1 [9608 1.000][180.019 2803.537 582.794] 
fr 504619
ts 64328.427164
6d 1 [12 1.000][565.376 372.638 1221.138 -2.6534 2.4873 168.0123][-0.977271 0.209443 0.032791 -0.207505 -0.976726 0.054288 0.043399 0.046250 0.997987] 
3d 1 [9608 1.000][180.018 2803.291 582.823] 
fr 504620
ts 64328.443826
6d 1 [12 1.000][563.396 373.549 1221.902 -2.4128 1.9824 168.9158][-0.980758 0.193510 0.025823 -0.192137 -0.980196 0.047958 0.034592 0.042073 0.998516] 
3d 1 [9608 1.000][180.079 2802.982 583.114] 
fr 504621
ts 64328.460493
6d 1 [12 1.000][561.633 374.481 1222.785 -2.2730 1.5288 169.6772][-0.983464 0.180094 0.019121 -0.179130 -0.982850 0.043795 0.026680 0.039646 0.998858] 
3d 1 [9608 1.000][180.017 2803.527 582.749] 
fr 504622
ts 64328.477153
6d 1 [12 1.000][559.392 374.770 1223.738 -2.2177 1.0359 170.2598][-0.985424 0.169745 0.011258 -0.169154 -0.984728 0.041195 0.018079 0.038690 0.999088] 
3d 1 [9608 1.000][180.019 2803.537 582.794] 
fr 504623
ts 64328.493810
6d 1 [12 1.000][557.363 375.275 1224.654 -2.1311 0.5259 170.8042][-0.987106 0.160035 0.003112 -0.159801 -0.986411 0.038174 0.009179 0.037185 0.999266] 
3d 2 [9608 1.000][180.170 2802.957 582.984] [9651 1.000][2421.994 -2493.039 2456.936] 
fr 504624
ts 64328.510477
6d 1 [12 1.000][555.417 376.220 1225.440 -2.2050 0.1177 171.3013][-0.988495 0.151205 -0.003789 -0.151238 -0.987753 0.038344 0.002055 0.038476 0.999257] 
3d 2 [9608 1.000][179.923 2803.296 582.863] [9651 1.000][2422.068 -2500.223 2458.199] 
fr 504625
ts 64328.527130
6d 1 [12 1.000][553.399 376.989 1226.142 -2.1693 -0.3044 171.7582][-0.989658 0.143049 -0.010680 -0.143348 -0.988992 0.036701 -0.005312 0.037853 0.999269] 
3d 2 [9608 1.000][180.066 2803.166 582.817] [9651 1.000][2422.221 -2509.053 2459.601] 
fr 504626
ts 64328.543791
6d 1 [12 1.000][551.053 377.344 1226.984 -2.1044 -0.7638 172.1468][-0.990533 0.136058 -0.018214 -0.136623 -0.990020 0.034556 -0.013330 0.036717 0.999237] 
3d 2 [9608 1.000][180.120 2803.072 582.945] [9651 1.000][2422.274 -2515.483 2460.769] 
fr 504627
ts 64328.560438
6d 1 [12 1.000][548.701 377.354 1227.930 -2.1885 -1.2193 172.3333][-0.990837 0.132507 -0.026167 -0.133380 -0.990446 0.035009 -0.021279 0.038179 0.999044] 
3d 2 [9608 1.000][179.432 2802.517 582.882] [9651 1.000][2422.371 -2522.374 2461.925] 
fr 504628
ts 64328.577101
6d 1 [12 1.000][546.612 377.584 1228.842 -2.2339 -1.6189 172.5445][-0.991150 0.128566 -0.033050 -0.129704 -0.990935 0.034986 -0.028252 0.038963 0.998841] 
3d 2 [9608 1.000][180.123 2803.328 582.961] [9651 1.000][2422.421 -2528.443 2463.007] 
fr 504629
ts 64328.593791
6d 1 [12 1.000][544.715 377.966 1229.601 -2.2453 -2.0080 172.7470][-0.991389 0.124792 -0.039679 -0.126173 -0.991410 0.034444 -0.035039 0.039154 0.998619] 
3d 2 [9608 1.000][180.070 2803.186 582.906] [9651 1.000][2422.356 -2533.563 2464.224] 
fr 504630
ts 64328.610453
6d 1 [12 1.000][543.036 378.726 1230.141 -2.2893 -2.3366 172.9428][-0.991599 0.121145 -0.045337 -0.122757 -0.991832 0.034637 -0.040770 0.039912 0.998371] 
3d 2 [9608 1.000][180.070 2803.186 582.906] [9651 1.000][2422.510 -2539.648 2465.039] 
fr 504631
ts 64328.627133
6d 1 [12 1.000][541.451 379.158 1230.798 -2.2960 -2.6611 173.1189][-0.991726 0.117866 -0.050857 -0.119680 -0.992223 0.034215 -0.046429 0.040019 0.998120] 
3d 2 [9608 1.000][180.073 2803.197 582.951] [9651 1.000][2422.592 -2544.673 2465.866] 
fr 504632
ts 64328.643800
6d 1 [12 1.000][539.864 379.031 1231.285 -2.3093 -2.9314 173.1697][-0.991603 0.116787 -0.055528 -0.118774 -0.992341 0.033930 -0.051141 0.040241 0.997880] 
3d 2 [9608 1.000][179.973 2803.427 582.873] [9651 1.000][2422.527 -2548.502 2466.823] 
fr 504633
ts 64328.660477
6d 1 [12 1.000][538.522 379.152 1231.652 -2.2917 -3.1621 173.2930][-0.991644 0.114509 -0.059410 -0.116615 -0.992620 0.033277 -0.055161 0.039927 0.997679] 
3d 2 [9608 1.000][180.120 2803.072 582.945] [9651 1.000][2422.588 -2551.617 2467.302] 
fr 504634
ts 64328.677138
6d 1 [12 1.000][537.406 379.583 1231.800 -2.3544 -3.2839 173.5389][-0.992017 0.110096 -0.061494 -0.112345 -0.993074 0.034379 -0.057283 0.041014 0.997515] 
3d 2 [9608 1.000][180.070 2803.186 582.906] [9651 1.000][2422.646 -2554.547 2467.755] 
fr 504635
ts 64328.693809
6d 1 [12 1.000][536.715 380.027 1231.876 -2.4027 -3.3632 173.6844][-0.992219 0.107464 -0.062869 -0.109815 -0.993328 0.035221 -0.058665 0.041851 0.997400] 
3d 2 [9608 1.000][180.070 2803.186 582.906] [9651 1.000][2422.701 -2556.711 2468.020] 
fr 504636
ts 64328.710471
6d 1 [12 1.000][536.159 380.427 1231.999 -2.4768 -3.4430 173.8147][-0.992384 0.105064 -0.064305 -0.107551 -0.993529 0.036498 -0.060055 0.043137 0.997263] 
3d 2 [9608 1.000][179.872 2803.646 582.750] [9651 1.000][2422.723 -2558.070 2468.252] 
fr 504637
ts 64328.727131
6d 1 [12 1.000][535.809 380.716 1232.052 -2.4591 -3.4894 173.8792][-0.992456 0.103930 -0.065037 -0.106427 -0.993662 0.036179 -0.060865 0.042827 0.997227] 
3d 2 [9608 1.000][179.976 2802.709 583.049] [9651 1.000][2422.739 -2558.852 2468.354] 
fr 504638
ts 64328.743796
6d 1 [12 1.000][535.604 381.238 1232.114 -2.4921 -3.5146 174.0209][-0.992689 0.101415 -0.065441 -0.103969 -0.993897 0.036866 -0.061303 0.043400 0.997175] 
3d 2 [9608 1.000][180.070 2803.186 582.906] [9651 1.000][2422.679 -2559.310 2468.617] 
fr 504639
ts 64328.760454
6d 1 [12 1.000][535.614 381.844 1232.063 -2.5439 -3.4798 174.0905][-0.992852 0.100176 -0.064884 -0.102767 -0.993983 0.037906 -0.060696 0.044303 0.997173] 
3d 2 [9608 1.000][180.170 2802.957 582.984] [9651 1.000][2422.666 -2559.470 2468.704] 
fr 504640
ts 64328.777116
6d 1 [12 1.000][535.427 382.116 1232.055 -2.6380 -3.4712 174.1374][-0.992945 0.099263 -0.064867 -0.101956 -0.994000 0.039607 -0.060546 0.045941 0.997108] 
3d 2 [9608 1.000][179.979 2802.719 583.094] [9651 1.000][2422.587 -2558.764 2468.781] 
fr 504641
ts 64328.793760
6d 1 [12 1.000][535.458 382.566 1232.031 -2.7459 -3.4454 174.1796][-0.993046 0.098430 -0.064578 -0.101228 -0.993994 0.041572 -0.060098 0.047820 0.997046] 
3d 2 [9608 1.000][180.122 2803.082 582.990] [9651 1.000][2422.524 -2558.086 2468.802] 
fr 504642
ts 64328.810427
6d 1 [12 1.000][535.689 383.183 1231.908 -2.7937 -3.3860 174.2277][-0.993193 0.097592 -0.063594 -0.100400 -0.994036 0.042559 -0.059062 0.048655 0.997068] 
3d 2 [9608 1.000][180.016 2803.281 582.778] [9651 1.000][2422.482 -2557.256 2468.734] 
fr 504643
ts 64328.827070
6d 1 [12 1.000][535.806 383.574 1231.678 -2.8144 -3.2929 174.2670][-0.993355 0.096965 -0.061989 -0.099727 -0.994080 0.043124 -0.057441 0.049019 0.997145] 
3d 2 [9608 1.000][180.069 2803.422 582.833] [9651 1.000][2422.346 -2555.875 2468.821] 
fr 504644
ts 64328.843731
6d 1 [12 1.000][535.820 383.750 1231.585 -2.8639 -3.2232 174.2254][-0.993351 0.097694 -0.060898 -0.100456 -0.993965 0.044061 -0.056226 0.049885 0.997171] 
3d 2 [9608 1.000][179.923 2803.049 582.892] [9651 1.000][2423.288 -2555.150 2468.735] 
fr 504645
ts 64328.860420
6d 1 [12 1.000][535.949 384.170 1231.507 -2.9853 -3.1488 174.1876][-0.993357 0.098289 -0.059847 -0.101119 -0.993798 0.046257 -0.054929 0.052002 0.997135] 
3d 2 [9608 1.000][180.018 2803.291 582.823] [9651 1.000][2424.697 -2555.408 2469.180] 
fr 504646
ts 64328.877081
6d 1 [12 1.000][536.249 384.934 1231.316 -3.1063 -3.0639 174.1667][-0.993400 0.098603 -0.058602 -0.101489 -0.993655 0.048483 -0.053449 0.054111 0.997103] 
3d 2 [9608 1.000][179.971 2803.416 582.828] [9651 1.000][2424.591 -2553.346 2468.971] 
fr 504647
ts 64328.893763
6d 1 [12 1.000][536.641 385.698 1231.192 -3.2161 -2.9934 174.0988][-0.993344 0.099737 -0.057630 -0.102673 -0.993435 0.050444 -0.052221 0.056025 0.997063] 
3d 2 [9608 1.000][179.783 2802.461 583.114] [9651 1.000][2424.514 -2551.708 2468.798] 
fr 504648
ts 64328.910424
6d 1 [12 1.000][536.950 386.392 1231.050 -3.3443 -2.9174 174.0147][-0.993260 0.101143 -0.056615 -0.104138 -0.993165 0.052721 -0.050895 0.058261 0.997003] 
3d 2 [9608 1.000][180.070 2803.186 582.906] [9651 1.000][2424.317 -2549.480 2468.769] 
fr 504649
ts 64328.927099
6d 1 [12 1.000][537.075 386.825 1231.026 -3.5630 -2.8594 173.8543][-0.993015 0.103768 -0.056156 -0.106924 -0.992663 0.056459 -0.049885 0.062069 0.996824] 
3d 2 [9608 1.000][180.021 2803.301 582.867] [9651 1.000][2424.042 -2547.102 2468.923] 
fr 504650
ts 64328.943762
6d 1 [12 1.000][537.149 387.056 1230.918 -3.7198 -2.7821 173.6948][-0.992780 0.106463 -0.055267 -0.109695 -0.992203 0.059165 -0.048537 0.064800 0.996717] 
3d 2 [9608 1.000][180.127 2803.103 583.080] [9651 1.000][2423.274 -2544.372 2469.448] 
fr 504651
ts 64328.960423
6d 1 [12 1.000][537.257 387.459 1230.680 -3.8292 -2.6776 173.6756][-0.992829 0.106810 -0.053684 -0.110037 -0.992039 0.061242 -0.046715 0.066710 0.996678] 
3d 2 [9608 1.000][179.775 2803.158 582.848] [9651 1.000][2423.119 -2541.845 2469.297] 
fr 504652
ts 64328.977090
6d 1 [12 1.000][537.551 387.955 1230.444 -4.0708 -2.5531 173.5553][-0.992694 0.108818 -0.052120 -0.112132 -0.991529 0.065554 -0.044545 0.070919 0.996487] 
3d 2 [9608 1.000][180.122 2803.082 582.990] [9651 1.000][2422.975 -2539.344 2469.095] 
fr 504653
ts 64328.993750
6d 1 [12 1.000][537.852 388.270 1230.240 -4.2265 -2.4384 173.3981][-0.992470 0.111542 -0.050621 -0.114865 -0.991028 0.068333 -0.042545 0.073633 0.996377] 
3d 2 [9608 1.000][180.014 2803.516 582.704] [9651 1.000][2422.879 -2537.301 2468.882] 
fr 504654
ts 64329.010411
6d 1 [12 1.000][538.025 388.193 1230.075 -4.3091 -2.3494 173.1917][-0.992114 0.115155 -0.049497 -0.118449 -0.990506 0.069762 -0.040994 0.075075 0.996335] 
3d 1 [9608 1.000][179.921 2803.285 582.818] 
fr 504655
ts 64329.027066
6d 1 [12 1.000][538.115 388.055 1229.957 -4.4516 -2.2681 172.9758][-0.991717 0.118871 -0.048652 -0.122193 -0.989876 0.072210 -0.039576 0.077556 0.996202] 
3d 1 [9608 1.000][180.226 2802.873 583.158] 
fr 504656
ts 64329.043728
6d 1 [12 1.000][538.317 388.051 1229.766 -4.4972 -2.1667 172.8672][-0.991552 0.120845 -0.047136 -0.124080 -0.989574 0.073124 -0.037808 0.078354 0.996208] 
3d 1 [9608 1.000][179.973 2803.427 582.873] 
fr 504657
ts 64329.060370
6d 1 [12 1.000][538.722 388.220 1229.557 -4.5846 -2.0657 172.7746][-0.991414 0.122512 -0.045698 -0.125691 -0.989247 0.074777 -0.036045 0.079879 0.996153] 
3d 1 [9608 1.000][180.025 2803.076 582.986] 
fr 504658
ts 64329.077035
6d 1 [12 1.000][538.946 387.969 1229.437 -4.6372 -1.9751 172.5790][-0.991035 0.125973 -0.044506 -0.129083 -0.988738 0.075733 -0.034465 0.080799 0.996134] 
3d 1 [9608 1.000][180.068 2803.176 582.862] 
fr 504659
ts 64329.093727
6d 1 [12 1.000][539.148 387.766 1229.417 -4.6935 -1.9010 172.4343][-0.990749 0.128531 -0.043548 -0.131591 -0.988328 0.076760 -0.033173 0.081781 0.996098] 
3d 1 [9608 1.000][179.927 2803.070 582.981] 
fr 504660
ts 64329.110389
6d 1 [12 1.000][539.501 387.770 1229.275 -4.7394 -1.8232 172.3373][-0.990569 0.130280 -0.042440 -0.133273 -0.988032 0.077658 -0.031815 0.082582 0.996076] 
3d 1 [9608 1.000][180.127 2803.103 583.080] 
fr 504661
ts 64329.127073
6d 1 [12 1.000][539.919 387.813 1229.068 -4.7438 -1.7360 172.3573][-0.990662 0.130056 -0.040922 -0.132933 -0.988055 0.077951 -0.030295 0.082663 0.996117] 
3d 1 [9608 1.000][179.877 2802.939 582.971] 
fr 504662
ts 64329.143735
6d 1 [12 1.000][540.298 387.774 1228.916 -4.7402 -1.6558 172.3185][-0.990613 0.130843 -0.039584 -0.133611 -0.987956 0.078046 -0.028895 0.082602 0.996164] 
3d 1 [9608 1.000][179.975 2803.191 582.947] 
fr 504663
ts 64329.160413
6d 1 [12 1.000][540.429 387.468 1228.800 -4.7229 -1.5773 172.2762][-0.990552 0.131695 -0.038249 -0.134347 -0.987867 0.077903 -0.027525 0.082305 0.996227] 
3d 1 [9608 1.000][180.066 2803.166 582.817] 
fr 504664
ts 64329.177076
6d 1 [12 1.000][540.521 387.039 1228.749 -4.7266 -1.5188 172.2224][-0.990453 0.132704 -0.037323 -0.135281 -0.987727 0.078068 -0.026505 0.082372 0.996249] 
3d 1 [9608 1.000][179.825 2803.290 582.859] 
fr 504665
ts 64329.193746
6d 1 [12 1.000][540.663 386.865 1228.651 -4.6022 -1.5364 172.2667][-0.990549 0.131996 -0.037279 -0.134513 -0.988000 0.075911 -0.026811 0.080208 0.996417] 
3d 1 [9608 1.000][180.128 2802.867 583.153] 
fr 504666
ts 64329.210408
6d 1 [12 1.000][540.958 386.827 1228.490 -4.6224 -1.4643 172.2638][-0.990575 0.132134 -0.036087 -0.134568 -0.987953 0.076426 -0.025554 0.080562 0.996422] 
3d 1 [9608 1.000][180.016 2803.281 582.778] 
fr 504667
ts 64329.227072
6d 1 [12 1.000][541.240 386.831 1228.407 -4.6051 -1.4110 172.2857][-0.990649 0.131841 -0.035100 -0.134193 -0.988016 0.076266 -0.024624 0.080263 0.996470] 
3d 1 [9608 1.000][179.875 2803.175 582.898] 
fr 504668
ts 64329.243733
6d 1 [12 1.000][541.471 386.843 1228.353 -4.5804 -1.3842 172.3050][-0.990706 0.131561 -0.034555 -0.133861 -0.988088 0.075915 -0.024156 0.079835 0.996515] 
3d 1 [9608 1.000][180.037 2802.400 583.341] 
fr 504669
ts 64329.260386
6d 1 [12 1.000][541.458 386.433 1228.368 -4.5592 -1.3748 172.2509][-0.990583 0.132520 -0.034416 -0.134797 -0.987990 0.075539 -0.023992 0.079467 0.996549] 
3d 1 [9608 1.000][180.069 2803.422 582.833] 
fr 504670
ts 64329.277054
6d 1 [12 1.000][541.645 386.391 1228.297 -4.5484 -1.3558 172.2672][-0.990629 0.132270 -0.034042 -0.134515 -0.988038 0.075406 -0.023661 0.079279 0.996572] 
3d 1 [9608 1.000][180.018 2803.291 582.823] 
fr 504671
ts 64329.293702
6d 1 [12 1.000][541.888 386.483 1228.196 -4.5458 -1.3156 172.3294][-0.990791 0.131254 -0.033261 -0.133442 -0.988177 0.075491 -0.022959 0.079234 0.996592] 
3d 1 [9608 1.000][180.269 2802.727 583.062] 
fr 504672
ts 64329.310363
6d 1 [12 1.000][541.911 386.195 1228.174 -4.5005 -1.3218 172.2855][-0.990686 0.132030 -0.033322 -0.134202 -0.988137 0.074671 -0.023068 0.078447 0.996651] 
3d 1 [9608 1.000][179.873 2803.411 582.824] 
fr 504673
ts 64329.327007
6d 1 [12 1.000][542.024 386.115 1228.170 -4.4845 -1.3104 172.3027][-0.990730 0.131757 -0.033066 -0.133904 -0.988195 0.074431 -0.022869 0.078169 0.996678] 
3d 1 [9608 1.000][180.118 2803.307 582.872] 
fr 504674
ts 64329.343668
6d 1 [12 1.000][542.123 385.871 1228.138 -4.4949 -1.2707 172.2544][-0.990633 0.132638 -0.032468 -0.134741 -0.988063 0.074675 -0.022176 0.078351 0.996679] 
3d 1 [9608 1.000][179.923 2803.296 582.863] 
fr 504675
ts 64329.360355
6d 1 [12 1.000][542.252 385.883 1228.093 -4.4853 -1.2672 172.2659][-0.990661 0.132450 -0.032371 -0.134543 -0.988101 0.074525 -0.022115 0.078185 0.996694] 
3d 1 [9608 1.000][179.925 2803.060 582.937] 
fr 504676
ts 64329.377019
6d 1 [12 1.000][542.483 385.922 1228.039 -4.4718 -1.2367 172.2811][-0.990708 0.132237 -0.031794 -0.134282 -0.988148 0.074371 -0.021583 0.077950 0.996724] 
3d 1 [9608 1.000][180.018 2803.291 582.823] 
fr 504677
ts 64329.393697
6d 1 [12 1.000][542.480 385.667 1228.066 -4.4441 -1.2336 172.2747][-0.990694 0.132367 -0.031686 -0.134393 -0.988169 0.073897 -0.021529 0.077468 0.996762] 
3d 1 [9608 1.000][179.924 2803.542 582.834] 
fr 504678
ts 64329.410362
6d 1 [12 1.000][542.666 385.584 1228.020 -4.4126 -1.2258 172.2776][-0.990704 0.132344 -0.031474 -0.134343 -0.988215 0.073374 -0.021392 0.076920 0.996808] 
3d 1 [9608 1.000][180.127 2803.103 583.080] 
fr 504679
ts 64329.427037
6d 1 [12 1.000][542.717 385.174 1228.028 -4.3752 -1.2220 172.2389][-0.990614 0.133037 -0.031372 -0.135012 -0.988172 0.072717 -0.021327 0.076270 0.996859] 
3d 1 [9608 1.000][180.120 2803.072 582.945] 
fr 504680
ts 64329.443699
6d 1 [12 1.000][542.939 385.280 1228.009 -4.3499 -1.2130 172.2338][-0.990606 0.133151 -0.031164 -0.135101 -0.988191 0.072299 -0.021169 0.075830 0.996896] 
3d 1 [9608 1.000][180.017 2803.527 582.749] 
fr 504681
ts 64329.460362
6d 1 [12 1.000][543.212 385.231 1227.964 -4.3157 -1.2019 172.2554][-0.990661 0.132812 -0.030865 -0.134728 -0.988282 0.071747 -0.020975 0.075235 0.996945] 
3d 1 [9608 1.000][180.023 2803.312 582.912] 
fr 504682
ts 64329.477028
6d 1 [12 1.000][543.465 385.247 1227.911 -4.2900 -1.1791 172.2734][-0.990711 0.132545 -0.030391 -0.134419 -0.988351 0.071366 -0.020578 0.074788 0.996987] 
3d 1 [9608 1.000][180.017 2803.527 582.749] 
fr 504683
ts 64329.493685
6d 1 [12 1.000][543.700 385.199 1227.900 -4.2563 -1.1737 172.2905][-0.990753 0.132274 -0.030199 -0.134122 -0.988432 0.070807 -0.020484 0.074202 0.997033] 
3d 1 [9608 1.000][180.070 2803.186 582.906] 
fr 504684
ts 64329.510350
6d 1 [12 1.000][543.757 384.858 1227.883 -4.2305 -1.1593 172.2939][-0.990766 0.132248 -0.029886 -0.134064 -0.988469 0.070397 -0.020232 0.073753 0.997071] 
3d 1 [9608 1.000][180.069 2803.422 582.833] 
fr 504685
ts 64329.527004
6d 1 [12 1.000][543.904 384.594 1227.961 -4.1928 -1.1631 172.2543][-0.990672 0.132946 -0.029913 -0.134749 -0.988424 0.069717 -0.020298 0.073097 0.997118] 
3d 1 [9608 1.000][180.118 2803.307 582.872] 
fr 504686
ts 64329.543665
6d 1 [12 1.000][543.787 383.897 1227.911 -4.1586 -1.1610 172.1293][-0.990376 0.135122 -0.029949 -0.136910 -0.988173 0.069068 -0.020262 0.072503 0.997162] 
3d 1 [9608 1.000][180.021 2803.301 582.867] 
fr 504687
ts 64329.560312
6d 1 [12 1.000][543.870 383.611 1227.871 -4.0024 -1.1633 172.1342][-0.990387 0.135116 -0.029613 -0.136825 -0.988369 0.066371 -0.020301 0.069784 0.997355] 
3d 1 [9608 1.000][180.071 2803.433 582.878] 
fr 504688
ts 64329.576974
6d 1 [12 1.000][544.072 383.534 1227.839 -3.9869 -1.1557 172.1298][-0.990379 0.135209 -0.029452 -0.136901 -0.988376 0.066119 -0.020169 0.069515 0.997377] 
3d 1 [9608 1.000][180.120 2803.072 582.945] 
fr 504689
ts 64329.593662
6d 1 [12 1.000][544.149 383.310 1227.758 -3.9647 -1.1474 172.0995][-0.990310 0.135752 -0.029291 -0.137425 -0.988328 0.065739 -0.020025 0.069127 0.997407] 
3d 1 [9608 1.000][180.023 2803.312 582.912] 
fr 504690
ts 64329.610328
6d 1 [12 1.000][544.459 383.490 1227.711 -3.9289 -1.1332 172.1119][-0.990344 0.135573 -0.028948 -0.137211 -0.988396 0.065163 -0.019778 0.068505 0.997455] 
3d 1 [9608 1.000][180.018 2803.291 582.823] 
fr 504691
ts 64329.627013
6d 1 [12 1.000][544.530 383.359 1227.705 -3.9162 -1.1196 172.0971][-0.990313 0.135852 -0.028699 -0.137469 -0.988373 0.064968 -0.019540 0.068283 0.997475] 
3d 1 [9608 1.000][180.217 2802.831 582.979] 
fr 504692
ts 64329.643676
6d 1 [12 1.000][544.410 382.746 1227.689 -3.9365 -1.0853 171.9689][-0.990015 0.138093 -0.028302 -0.139685 -0.988038 0.065338 -0.018941 0.068639 0.997462] 
