fr 194891
ts 59167.017437
6d 1 [12 1.000][482.088 -651.724 1310.492 -7.8664 -3.9464 -166.7521][-0.971080 -0.236176 -0.034997 0.228621 -0.962069 0.148845 -0.068823 0.136539 0.988241] 
3d 0 
fr 194892
ts 59167.034103
6d 1 [12 1.000][482.180 -652.011 1310.586 -7.8399 -3.9459 -166.7863][-0.971217 -0.235585 -0.035186 0.228042 -0.962279 0.148377 -0.068814 0.136083 0.988305] 
3d 0 
fr 194893
ts 59167.050782
6d 1 [12 1.000][482.277 -652.200 1310.661 -7.8247 -3.9466 -166.7818][-0.971198 -0.235654 -0.035249 0.228118 -0.962300 0.148126 -0.068826 0.135819 0.988340] 
3d 0 
fr 194894
ts 59167.067443
6d 1 [12 1.000][482.217 -652.780 1310.711 -7.9455 -3.9540 -166.8201][-0.971341 -0.235102 -0.034977 0.227467 -0.962138 0.150161 -0.068956 0.137901 0.988043] 
3d 0 
fr 194895
ts 59167.084115
6d 1 [12 1.000][482.352 -653.221 1310.709 -7.9524 -3.9529 -166.9268][-0.971765 -0.233310 -0.035210 0.225657 -0.962557 0.150208 -0.068937 0.138021 0.988027] 
3d 0 
fr 194896
ts 59167.100774
6d 1 [12 1.000][482.623 -653.676 1310.753 -7.8641 -3.9441 -167.0274][-0.972169 -0.231546 -0.035682 0.223954 -0.963200 0.148627 -0.068783 0.136500 0.988249] 
3d 0 
fr 194897
ts 59167.117442
6d 1 [12 1.000][483.019 -653.485 1310.682 -7.9122 -3.9097 -166.9831][-0.972036 -0.232238 -0.034794 0.224714 -0.962914 0.149331 -0.068184 0.137336 0.988175] 
3d 0 
fr 194898
ts 59167.134103
6d 1 [12 1.000][483.445 -653.467 1310.671 -7.8693 -3.8780 -166.9699][-0.972021 -0.232361 -0.034401 0.224947 -0.962990 0.148493 -0.067632 0.136600 0.988315] 
3d 0 
fr 194899
ts 59167.150762
6d 1 [12 1.000][483.733 -653.796 1310.653 -7.8575 -3.8006 -167.0270][-0.972333 -0.231214 -0.033296 0.223998 -0.963292 0.147962 -0.066285 0.136410 0.988432] 
3d 0 
fr 194900
ts 59167.167424
6d 1 [12 1.000][484.011 -653.933 1310.650 -7.8510 -3.7793 -167.0375][-0.972398 -0.230984 -0.032991 0.223825 -0.963363 0.147764 -0.065913 0.136301 0.988472] 
3d 0 
fr 194901
ts 59167.184074
6d 1 [12 1.000][484.225 -654.272 1310.691 -7.8274 -3.7552 -167.0648][-0.972531 -0.230457 -0.032752 0.223369 -0.963546 0.147258 -0.065494 0.135897 0.988556] 
3d 0 
fr 194902
ts 59167.200735
6d 1 [12 1.000][484.686 -654.215 1310.554 -7.7956 -3.6814 -167.0707][-0.972636 -0.230170 -0.031653 0.223287 -0.963691 0.146435 -0.064208 0.135360 0.988714] 
3d 0 
fr 194903
ts 59167.217376
6d 1 [12 1.000][485.077 -654.026 1310.463 -7.7840 -3.6358 -167.0447][-0.972584 -0.230495 -0.030867 0.223739 -0.963640 0.146078 -0.063415 0.135167 0.988791] 
3d 0 
fr 194904
ts 59167.234042
6d 1 [12 1.000][485.289 -654.241 1310.509 -7.7661 -3.6325 -167.0291][-0.972526 -0.230740 -0.030844 0.224005 -0.963625 0.145772 -0.063357 0.134858 0.988837] 
3d 0 
fr 194905
ts 59167.250721
6d 1 [12 1.000][485.520 -654.327 1310.478 -7.7646 -3.6110 -167.0649][-0.972689 -0.230088 -0.030579 0.223403 -0.963784 0.145644 -0.062982 0.134835 0.988864] 
3d 0 
fr 194906
ts 59167.267392
6d 1 [12 1.000][485.704 -654.402 1310.409 -7.8071 -3.5952 -167.0531][-0.972660 -0.230273 -0.030113 0.223607 -0.963636 0.146305 -0.062708 0.135571 0.988781] 
3d 0 
fr 194907
ts 59167.284074
6d 1 [12 1.000][486.021 -654.386 1310.361 -7.7641 -3.5705 -167.0715][-0.972758 -0.229883 -0.029917 0.223300 -0.963833 0.145476 -0.062277 0.134832 0.988909] 
3d 0 
fr 194908
ts 59167.300736
6d 1 [12 1.000][486.303 -654.215 1310.285 -7.7618 -3.5457 -167.0814][-0.972823 -0.229659 -0.029533 0.223138 -0.963892 0.145336 -0.061845 0.134796 0.988941] 
3d 0 
fr 194909
ts 59167.317413
6d 1 [12 1.000][486.477 -654.258 1310.247 -7.7815 -3.5289 -167.0611][-0.972761 -0.229973 -0.029120 0.223488 -0.963769 0.145613 -0.061552 0.135139 0.988913] 
3d 0 
fr 194910
ts 59167.334073
6d 1 [12 1.000][486.642 -654.438 1310.262 -7.7822 -3.5038 -167.1007][-0.972942 -0.229249 -0.028796 0.222822 -0.963939 0.145508 -0.061115 0.135155 0.988938] 
3d 0 
fr 194911
ts 59167.350740
6d 1 [12 1.000][486.800 -654.537 1310.294 -7.7935 -3.4813 -167.1160][-0.973025 -0.228944 -0.028411 0.222566 -0.963983 0.145604 -0.060723 0.135353 0.988935] 
3d 0 
fr 194912
ts 59167.367405
6d 1 [12 1.000][487.021 -654.519 1310.225 -7.8057 -3.4602 -167.1353][-0.973121 -0.228577 -0.028057 0.222243 -0.964041 0.145718 -0.060356 0.135566 0.988928] 
3d 0 
fr 194913
ts 59167.384066
6d 1 [12 1.000][487.304 -654.295 1310.213 -7.8084 -3.4414 -167.1502][-0.973198 -0.228285 -0.027766 0.221995 -0.964103 0.145684 -0.060027 0.135615 0.988941] 
3d 0 
fr 194914
ts 59167.400727
6d 1 [12 1.000][487.544 -654.043 1310.173 -7.8053 -3.4463 -167.1494][-0.973190 -0.228309 -0.027860 0.222008 -0.964105 0.145651 -0.060113 0.135561 0.988944] 
3d 0 
fr 194915
ts 59167.417382
6d 1 [12 1.000][487.704 -654.139 1310.182 -7.7920 -3.4342 -167.1661][-0.973267 -0.227993 -0.027752 0.221726 -0.964212 0.145373 -0.059903 0.135333 0.988988] 
3d 0 
fr 194916
ts 59167.434045
6d 1 [12 1.000][487.892 -654.038 1310.243 -7.8038 -3.4299 -167.1844][-0.973342 -0.227681 -0.027679 0.221417 -0.964257 0.145546 -0.059828 0.135538 0.988964] 
3d 0 
fr 194917
ts 59167.450691
6d 1 [12 1.000][488.101 -653.786 1310.238 -7.8378 -3.4224 -167.2001][-0.973411 -0.227415 -0.027457 0.221151 -0.964236 0.146083 -0.059696 0.136126 0.988891] 
3d 0 
fr 194918
ts 59167.467353
6d 1 [12 1.000][488.128 -653.828 1310.245 -7.8661 -3.4234 -167.2228][-0.973497 -0.227049 -0.027420 0.220766 -0.964254 0.146552 -0.059714 0.136615 0.988823] 
3d 0 
fr 194919
ts 59167.483989
6d 1 [12 1.000][488.165 -653.891 1310.205 -7.8935 -3.4211 -167.2791][-0.973716 -0.226109 -0.027416 0.219809 -0.964408 0.146976 -0.059673 0.137087 0.988760] 
3d 0 
fr 194920
ts 59167.500655
6d 1 [12 1.000][488.397 -653.414 1310.182 -7.9162 -3.4128 -167.2628][-0.973662 -0.226376 -0.027146 0.220089 -0.964289 0.147335 -0.059529 0.137480 0.988714] 
3d 0 
fr 194921
ts 59167.517338
6d 1 [12 1.000][488.541 -653.323 1310.095 -7.9354 -3.3965 -167.2756][-0.973728 -0.226130 -0.026829 0.219874 -0.964299 0.147591 -0.059246 0.137814 0.988685] 
3d 0 
fr 194922
ts 59167.534003
6d 1 [12 1.000][488.734 -653.022 1310.119 -7.9409 -3.3952 -167.2844][-0.973762 -0.225983 -0.026808 0.219726 -0.964320 0.147674 -0.059223 0.137909 0.988673] 
3d 0 
fr 194923
ts 59167.550678
6d 1 [12 1.000][488.867 -652.790 1310.059 -7.9406 -3.3828 -167.2858][-0.973780 -0.225929 -0.026604 0.219704 -0.964333 0.147621 -0.059007 0.137905 0.988686] 
3d 0 
fr 194924
ts 59167.567345
6d 1 [12 1.000][488.870 -652.840 1310.040 -7.9426 -3.3802 -167.3009][-0.973841 -0.225670 -0.026590 0.219449 -0.964389 0.147638 -0.058961 0.137941 0.988684] 
3d 0 
fr 194925
ts 59167.584016
6d 1 [12 1.000][488.961 -652.794 1310.014 -7.9577 -3.3550 -167.3208][-0.973942 -0.225283 -0.026160 0.219116 -0.964441 0.147787 -0.058523 0.138204 0.988673] 
3d 0 
fr 194926
ts 59167.600678
6d 1 [12 1.000][489.133 -652.438 1309.956 -7.9691 -3.3508 -167.3333][-0.973994 -0.225067 -0.026075 0.218904 -0.964463 0.147958 -0.058449 0.138402 0.988650] 
3d 0 
fr 194927
ts 59167.617343
6d 1 [12 1.000][489.435 -651.988 1309.865 -7.9802 -3.3417 -167.3406][-0.974031 -0.224929 -0.025898 0.218782 -0.964468 0.148108 -0.058291 0.138596 0.988632] 
3d 0 
fr 194928
ts 59167.634006
6d 1 [12 1.000][489.594 -651.899 1309.872 -7.9871 -3.3361 -167.3627][-0.974121 -0.224546 -0.025834 0.218407 -0.964540 0.148192 -0.058194 0.138714 0.988621] 
3d 0 
fr 194929
ts 59167.650659
6d 1 [12 1.000][489.745 -651.783 1309.765 -8.0053 -3.3230 -167.3854][-0.974220 -0.224141 -0.025599 0.218024 -0.964589 0.148439 -0.057964 0.139031 0.988590] 
3d 0 
fr 194930
ts 59167.667325
6d 1 [12 1.000][489.857 -651.756 1309.759 -8.0277 -3.3129 -167.4882][-0.974620 -0.222397 -0.025609 0.216279 -0.964936 0.148732 -0.057789 0.139419 0.988546] 
3d 0 
fr 194931
ts 59167.683976
6d 1 [12 1.000][490.136 -651.471 1309.651 -8.0316 -3.2972 -167.4718][-0.974573 -0.222638 -0.025287 0.216562 -0.964871 0.148746 -0.057515 0.139488 0.988552] 
3d 0 
fr 194932
ts 59167.700638
6d 1 [12 1.000][490.334 -651.225 1309.634 -8.0558 -3.2904 -167.4915][-0.974654 -0.222300 -0.025130 0.216228 -0.964888 0.149120 -0.057397 0.139907 0.988500] 
3d 0 
fr 194933
ts 59167.717282
6d 1 [12 1.000][490.453 -651.127 1309.533 -8.0764 -3.2777 -167.5141][-0.974752 -0.221897 -0.024894 0.215845 -0.964929 0.149410 -0.057175 0.140264 0.988462] 
3d 0 
fr 194934
ts 59167.733943
6d 1 [12 1.000][490.589 -651.218 1309.502 -8.0929 -3.2664 -167.5584][-0.974930 -0.221131 -0.024757 0.215094 -0.965063 0.149626 -0.056979 0.140550 0.988433] 
3d 0 
fr 194935
ts 59167.750634
6d 1 [12 1.000][490.630 -651.209 1309.408 -8.1171 -3.2538 -167.5878][-0.975052 -0.220617 -0.024528 0.214597 -0.965120 0.149974 -0.056760 0.140969 0.988386] 
3d 0 
fr 194936
ts 59167.767295
6d 1 [12 1.000][490.693 -651.111 1309.279 -8.1318 -3.2351 -167.5805][-0.975043 -0.220700 -0.024136 0.214724 -0.965063 0.150155 -0.056432 0.141224 0.988368] 
3d 0 
fr 194937
ts 59167.783974
6d 1 [12 1.000][490.877 -650.728 1309.278 -8.1431 -3.2250 -167.5255][-0.974846 -0.221608 -0.023778 0.215663 -0.964826 0.150332 -0.056257 0.141422 0.988350] 
3d 0 
fr 194938
ts 59167.800638
6d 1 [12 1.000][490.821 -650.706 1309.291 -8.1658 -3.2173 -167.5199][-0.974832 -0.221693 -0.023546 0.215761 -0.964749 0.150687 -0.056122 0.141814 0.988301] 
3d 0 
fr 194939
ts 59167.817315
6d 1 [12 1.000][490.683 -650.988 1309.284 -8.1831 -3.2092 -167.5696][-0.975027 -0.220843 -0.023474 0.214916 -0.964900 0.150928 -0.055981 0.142114 0.988266] 
3d 0 
fr 194940
ts 59167.833976
6d 1 [12 1.000][490.584 -651.140 1309.263 -8.2039 -3.2038 -167.5845][-0.975088 -0.220588 -0.023342 0.214663 -0.964905 0.151252 -0.055887 0.142474 0.988220] 
3d 0 
fr 194941
ts 59167.850646
6d 1 [12 1.000][490.590 -650.947 1309.308 -8.2144 -3.2039 -167.5332][-0.974895 -0.221455 -0.023168 0.215536 -0.964680 0.151449 -0.055889 0.142654 0.988193] 
3d 0 
fr 194942
ts 59167.867304
6d 1 [12 1.000][490.628 -650.663 1309.338 -8.0986 -3.2284 -167.4470][-0.974546 -0.222920 -0.023804 0.216998 -0.964636 0.149628 -0.056317 0.140654 0.988456] 
3d 0 
fr 194943
ts 59167.883969
6d 1 [12 1.000][490.486 -650.842 1309.403 -8.1288 -3.2475 -167.4541][-0.974555 -0.222859 -0.024026 0.216873 -0.964575 0.150205 -0.056649 0.141172 0.988363] 
3d 0 
fr 194944
ts 59167.900630
6d 1 [12 1.000][490.404 -650.905 1309.420 -8.1454 -3.2625 -167.4459][-0.974509 -0.223039 -0.024192 0.217009 -0.964491 0.150544 -0.056910 0.141456 0.988307] 
3d 0 
fr 194945
ts 59167.917281
6d 1 [12 1.000][490.162 -651.238 1309.474 -8.1331 -3.2864 -167.4679][-0.974569 -0.222721 -0.024700 0.216630 -0.964597 0.150417 -0.057326 0.141241 0.988314] 
3d 0 
fr 194946
ts 59167.933947
6d 1 [12 1.000][490.086 -651.499 1309.404 -8.1236 -3.2908 -167.4615][-0.974541 -0.222836 -0.024795 0.216738 -0.964594 0.150275 -0.057404 0.141075 0.988333] 
3d 0 
fr 194947
ts 59167.950596
6d 1 [12 1.000][490.164 -651.312 1309.468 -8.1043 -3.3041 -167.4307][-0.974411 -0.223378 -0.025013 0.217259 -0.964518 0.150015 -0.057635 0.140742 0.988367] 
3d 0 
fr 194948
ts 59167.967257
6d 1 [12 1.000][490.197 -651.313 1309.470 -8.0743 -3.3079 -167.4089][-0.974325 -0.223740 -0.025137 0.217628 -0.964509 0.149533 -0.057701 0.140223 0.988437] 
3d 0 
fr 194949
ts 59167.983896
6d 1 [12 1.000][490.007 -651.680 1309.502 -8.0539 -3.3131 -167.4123][-0.974332 -0.223687 -0.025313 0.217570 -0.964573 0.149207 -0.057791 0.139870 0.988482] 
3d 0 
fr 194950
ts 59168.000560
6d 1 [12 1.000][489.955 -651.950 1309.516 -8.0289 -3.2954 -167.4726][-0.974578 -0.222618 -0.025268 0.216548 -0.964882 0.148694 -0.057483 0.139442 0.988560] 
3d 0 
fr 194951
ts 59168.017246
6d 1 [12 1.000][489.880 -652.097 1309.446 -8.0457 -3.3001 -167.4381][-0.974443 -0.223217 -0.025193 0.217133 -0.964702 0.149010 -0.057565 0.139731 0.988515] 
3d 0 
fr 194952
ts 59168.033909
6d 1 [12 1.000][489.799 -652.256 1309.451 -8.0763 -3.3010 -167.5046][-0.974693 -0.222114 -0.025264 0.216003 -0.964880 0.149498 -0.057582 0.140258 0.988439] 
3d 0 
fr 194953
ts 59168.050587
6d 1 [12 1.000][489.779 -652.170 1309.473 -8.0330 -3.2992 -167.4741][-0.974580 -0.222604 -0.025321 0.216522 -0.964875 0.148776 -0.057550 0.139511 0.988547] 
3d 0 
fr 194954
ts 59168.067249
6d 1 [12 1.000][489.749 -652.245 1309.476 -8.0478 -3.3032 -167.4732][-0.974573 -0.222636 -0.025329 0.216537 -0.964831 0.149040 -0.057620 0.139766 0.988507] 
3d 0 
fr 194955
ts 59168.083922
6d 1 [12 1.000][489.539 -652.485 1309.489 -8.0406 -3.3053 -167.4872][-0.974623 -0.222402 -0.025429 0.216298 -0.964903 0.148921 -0.057656 0.139642 0.988522] 
3d 0 
fr 194956
ts 59168.100584
6d 1 [12 1.000][489.503 -652.323 1309.488 -8.0352 -3.3059 -167.4641][-0.974536 -0.222789 -0.025399 0.216691 -0.964827 0.148842 -0.057666 0.139548 0.988535] 
3d 0 
fr 194957
ts 59168.117249
6d 1 [12 1.000][489.421 -652.298 1309.510 -8.0200 -3.3155 -167.4311][-0.974401 -0.223360 -0.025535 0.217249 -0.964733 0.148638 -0.057834 0.139286 0.988562] 
3d 0 
fr 194958
ts 59168.133910
6d 1 [12 1.000][489.282 -652.242 1309.518 -7.9992 -3.3199 -167.3329][-0.974023 -0.225015 -0.025437 0.218917 -0.964400 0.148347 -0.057912 0.138925 0.988608] 
3d 0 
fr 194959
ts 59168.150569
6d 1 [12 1.000][489.197 -652.220 1309.543 -7.9837 -3.3284 -167.3081][-0.973920 -0.225446 -0.025575 0.219338 -0.964338 0.148129 -0.058058 0.138656 0.988637] 
3d 0 
fr 194960
ts 59168.167231
6d 1 [12 1.000][489.047 -652.347 1309.611 -7.9766 -3.3410 -167.3247][-0.973971 -0.225193 -0.025859 0.219053 -0.964415 0.148050 -0.058279 0.138532 0.988642] 
3d 0 
fr 194961
ts 59168.183879
6d 1 [12 1.000][488.864 -652.538 1309.574 -7.9710 -3.3457 -167.3279][-0.973979 -0.225147 -0.025967 0.218997 -0.964440 0.147973 -0.058360 0.138436 0.988650] 
3d 0 
fr 194962
ts 59168.200545
6d 1 [12 1.000][488.792 -652.443 1309.561 -7.9618 -3.3498 -167.3100][-0.973906 -0.225454 -0.026027 0.219300 -0.964391 0.147842 -0.058432 0.138277 0.988668] 
3d 0 
fr 194963
ts 59168.217189
6d 1 [12 1.000][488.758 -651.959 1309.476 -7.9514 -3.3489 -167.2551][-0.973696 -0.226371 -0.025912 0.220234 -0.964202 0.147688 -0.058416 0.138096 0.988695] 
3d 0 
fr 194964
ts 59168.233851
6d 1 [12 1.000][488.615 -651.977 1309.469 -7.9431 -3.3496 -167.2286][-0.973594 -0.226815 -0.025888 0.220684 -0.964118 0.147563 -0.058429 0.137954 0.988714] 
3d 0 
fr 194965
ts 59168.250537
6d 1 [12 1.000][488.443 -652.020 1309.486 -7.9443 -3.3537 -167.2230][-0.973568 -0.226920 -0.025937 0.220779 -0.964091 0.147601 -0.058499 0.137973 0.988707] 
3d 0 
fr 194966
ts 59168.267203
6d 1 [12 1.000][488.216 -652.134 1309.513 -7.9419 -3.3640 -167.2407][-0.973626 -0.226645 -0.026165 0.220476 -0.964161 0.147592 -0.058678 0.137931 0.988702] 
3d 0 
fr 194967
ts 59168.283886
6d 1 [12 1.000][488.129 -651.773 1309.490 -7.9798 -3.3743 -167.2249][-0.973555 -0.226952 -0.026148 0.220741 -0.963996 0.148277 -0.058858 0.138584 0.988600] 
3d 0 
fr 194968
ts 59168.300548
6d 1 [12 1.000][488.055 -651.551 1309.477 -7.9371 -3.3783 -167.2078][-0.973485 -0.227230 -0.026341 0.221031 -0.964036 0.147581 -0.058928 0.137845 0.988699] 
3d 0 
fr 194969
ts 59168.317222
6d 1 [12 1.000][487.753 -651.563 1309.507 -7.9709 -3.3962 -167.1993][-0.973434 -0.227431 -0.026486 0.221172 -0.963905 0.148223 -0.059241 0.138427 0.988599] 
3d 0 
fr 194970
ts 59168.333884
6d 1 [12 1.000][487.509 -651.550 1309.519 -7.9885 -3.4332 -167.2170][-0.973465 -0.227229 -0.027085 0.220862 -0.963910 0.148652 -0.059885 0.138725 0.988519] 
3d 0 
fr 194971
ts 59168.350552
6d 1 [12 1.000][487.181 -651.648 1309.539 -7.9990 -3.4707 -167.2368][-0.973503 -0.226989 -0.027724 0.220517 -0.963941 0.148962 -0.060537 0.138901 0.988454] 
3d 0 
fr 194972
ts 59168.367217
6d 1 [12 1.000][487.117 -651.403 1309.584 -8.0047 -3.4993 -167.2381][-0.973478 -0.227037 -0.028188 0.220488 -0.963916 0.149167 -0.061037 0.138995 0.988410] 
3d 0 
fr 194973
ts 59168.383874
6d 1 [12 1.000][486.962 -650.992 1309.535 -8.0107 -3.5198 -167.2014][-0.973315 -0.227706 -0.028413 0.221107 -0.963744 0.149363 -0.061394 0.139095 0.988374] 
3d 0 
fr 194974
ts 59168.400539
6d 1 [12 1.000][486.736 -650.952 1309.538 -8.0417 -3.5561 -167.1926][-0.973243 -0.227955 -0.028877 0.221247 -0.963609 0.150027 -0.062025 0.139624 0.988260] 
3d 0 
fr 194975
ts 59168.417191
6d 1 [12 1.000][486.507 -650.871 1309.523 -8.1414 -3.5857 -167.1915][-0.973208 -0.228095 -0.028976 0.221259 -0.963325 0.151818 -0.062542 0.141339 0.987984] 
3d 0 
fr 194976
ts 59168.433856
6d 1 [12 1.000][486.376 -650.702 1309.383 -8.1675 -3.6009 -167.1786][-0.973142 -0.228361 -0.029093 0.221474 -0.963196 0.152322 -0.062807 0.141787 0.987903] 
3d 0 
fr 194977
ts 59168.450501
6d 1 [12 1.000][486.344 -650.613 1309.372 -8.1679 -3.6095 -167.2161][-0.973277 -0.227752 -0.029334 0.220835 -0.963340 0.152342 -0.062955 0.141793 0.987892] 
3d 0 
fr 194978
ts 59168.467166
6d 1 [12 1.000][486.295 -650.233 1309.300 -8.1684 -3.6064 -167.1918][-0.973187 -0.228154 -0.029216 0.221249 -0.963243 0.152351 -0.062901 0.141802 0.987895] 
3d 0 
fr 194979
ts 59168.483808
6d 1 [12 1.000][486.174 -650.121 1309.243 -8.1812 -3.6002 -167.1706][-0.973111 -0.228501 -0.029006 0.221610 -0.963129 0.152553 -0.062795 0.142023 0.987870] 
3d 0 
fr 194980
ts 59168.500469
6d 1 [12 1.000][486.036 -650.166 1309.187 -8.1969 -3.5659 -167.1732][-0.973158 -0.228382 -0.028372 0.221574 -0.963116 0.152684 -0.062196 0.142299 0.987868] 
3d 0 
fr 194981
ts 59168.517152
6d 1 [12 1.000][485.946 -650.099 1309.156 -8.2271 -3.5728 -167.1789][-0.973173 -0.228319 -0.028384 0.221476 -0.963054 0.153215 -0.062317 0.142818 0.987785] 
3d 0 
fr 194982
ts 59168.533819
6d 1 [12 1.000][485.705 -650.281 1309.155 -8.2297 -3.5906 -167.2223][-0.973321 -0.227633 -0.028788 0.220734 -0.963210 0.153305 -0.062626 0.142861 0.987759] 
3d 0 
fr 194983
ts 59168.550498
6d 1 [12 1.000][485.775 -649.853 1309.088 -8.2508 -3.5846 -167.2150][-0.973299 -0.227753 -0.028583 0.220861 -0.963128 0.153642 -0.062522 0.143226 0.987713] 
3d 0 
fr 194984
ts 59168.567159
6d 1 [12 1.000][485.853 -649.272 1309.051 -8.2613 -3.5859 -167.1175][-0.972921 -0.229400 -0.028303 0.222516 -0.962710 0.153870 -0.062546 0.143406 0.987686] 
3d 0 
fr 194985
ts 59168.583829
6d 1 [12 1.000][485.654 -649.294 1309.004 -8.2794 -3.5878 -167.1263][-0.972953 -0.229266 -0.028285 0.222366 -0.962695 0.154177 -0.062578 0.143718 0.987638] 
3d 0 
fr 194986
ts 59168.600493
6d 1 [12 1.000][485.605 -649.158 1308.986 -8.2923 -3.5935 -167.1559][-0.973062 -0.228788 -0.028409 0.221861 -0.962776 0.154402 -0.062677 0.143940 0.987600] 
3d 0 
fr 194987
ts 59168.617160
6d 1 [12 1.000][485.535 -649.092 1309.018 -8.3086 -3.6000 -167.1400][-0.972993 -0.229079 -0.028411 0.222130 -0.962665 0.154709 -0.062791 0.144220 0.987551] 
3d 0 
fr 194988
ts 59168.633822
6d 1 [12 1.000][485.389 -649.181 1308.938 -8.3222 -3.5971 -167.1578][-0.973065 -0.228780 -0.028356 0.221829 -0.962701 0.154917 -0.062741 0.144454 0.987520] 
3d 0 
fr 194989
ts 59168.650479
6d 1 [12 1.000][485.327 -649.218 1308.897 -8.3318 -3.5911 -167.2245][-0.973329 -0.227650 -0.028397 0.220698 -0.962944 0.155023 -0.062636 0.144621 0.987503] 
3d 0 
fr 194990
ts 59168.667143
6d 1 [12 1.000][485.264 -649.149 1308.861 -8.3425 -3.5871 -167.2472][-0.973421 -0.227263 -0.028349 0.220313 -0.963007 0.155176 -0.062566 0.144806 0.987480] 
3d 0 
fr 194991
ts 59168.683794
6d 1 [12 1.000][485.196 -649.082 1308.823 -8.3544 -3.5864 -167.2648][-0.973489 -0.226972 -0.028338 0.220014 -0.963045 0.155365 -0.062554 0.145012 0.987451] 
3d 0 
fr 194992
ts 59168.700455
6d 1 [12 1.000][485.243 -648.863 1308.796 -8.3661 -3.6044 -167.2585][-0.973446 -0.227128 -0.028577 0.220117 -0.962978 0.155634 -0.062867 0.145211 0.987401] 
3d 0 
fr 194993
ts 59168.717101
6d 1 [12 1.000][485.314 -648.635 1308.745 -8.3870 -3.5979 -167.2569][-0.973446 -0.227149 -0.028380 0.220146 -0.962919 0.155959 -0.062754 0.145570 0.987356] 
3d 0 
fr 194994
ts 59168.733762
6d 1 [12 1.000][485.475 -648.247 1308.708 -8.4054 -3.5942 -167.2503][-0.973425 -0.227260 -0.028227 0.220258 -0.962845 0.156259 -0.062690 0.145889 0.987313] 
3d 0 
fr 194995
ts 59168.750449
6d 1 [12 1.000][485.578 -647.912 1308.670 -8.4139 -3.5900 -167.2234][-0.973326 -0.227705 -0.028049 0.220716 -0.962717 0.156398 -0.062616 0.146036 0.987296] 
3d 0 
fr 194996
ts 59168.767115
6d 1 [12 1.000][485.564 -647.975 1308.637 -8.4316 -3.5863 -167.2272][-0.973344 -0.227642 -0.027927 0.220653 -0.962685 0.156681 -0.062552 0.146342 0.987254] 
3d 0 
fr 194997
ts 59168.783797
6d 1 [12 1.000][485.582 -647.998 1308.607 -8.4450 -3.5794 -167.2310][-0.973367 -0.227566 -0.027769 0.220590 -0.962668 0.156877 -0.062432 0.146573 0.987228] 
3d 0 
fr 194998
ts 59168.800459
6d 1 [12 1.000][485.533 -648.210 1308.677 -8.4524 -3.5757 -167.2485][-0.973438 -0.227266 -0.027725 0.220293 -0.962719 0.156978 -0.062367 0.146701 0.987213] 
3d 0 
fr 194999
ts 59168.817136
6d 1 [12 1.000][485.629 -648.052 1308.601 -8.4592 -3.5684 -167.2543][-0.973468 -0.227155 -0.027591 0.220197 -0.962728 0.157063 -0.062240 0.146820 0.987203] 
3d 0 
fr 195000
ts 59168.833796
6d 1 [12 1.000][485.698 -647.842 1308.571 -8.4334 -3.5588 -167.2442][-0.973439 -0.227287 -0.027505 0.220370 -0.962764 0.156597 -0.062073 0.146376 0.987280] 
3d 0 
