fr 144585
ts 36988.727155
6d 1 [12 1.000][574.649 -353.526 430.800 -2.9416 -7.3082 -36.9846][0.792308 -0.595593 0.132351 0.596713 0.801672 0.035434 -0.127206 0.050901 0.990569] 
3d 0 
fr 144586
ts 36988.743822
6d 1 [12 1.000][574.651 -353.555 430.733 -2.9424 -7.3084 -36.9825][0.792329 -0.595562 0.132364 0.596684 0.801694 0.035420 -0.127210 0.050916 0.990568] 
3d 0 
fr 144587
ts 36988.760478
6d 1 [12 1.000][574.645 -353.597 430.752 -2.9503 -7.3112 -36.9678][0.792477 -0.595336 0.132495 0.596477 0.801853 0.035304 -0.127259 0.051052 0.990555] 
3d 0 
fr 144588
ts 36988.777141
6d 1 [12 1.000][574.645 -353.597 430.752 -2.9503 -7.3112 -36.9678][0.792477 -0.595336 0.132495 0.596477 0.801853 0.035304 -0.127259 0.051052 0.990555] 
3d 0 
fr 144589
ts 36988.793790
6d 1 [12 1.000][574.637 -353.566 430.774 -2.9495 -7.3121 -36.9667][0.792487 -0.595322 0.132498 0.596461 0.801865 0.035323 -0.127274 0.051037 0.990554] 
3d 0 
fr 144590
ts 36988.810452
6d 1 [12 1.000][574.638 -353.567 430.777 -2.9462 -7.3146 -36.9601][0.792552 -0.595235 0.132502 0.596365 0.801933 0.035379 -0.127317 0.050980 0.990551] 
3d 0 
fr 144591
ts 36988.827095
6d 1 [12 1.000][574.638 -353.567 430.777 -2.9462 -7.3146 -36.9601][0.792552 -0.595235 0.132502 0.596365 0.801933 0.035379 -0.127317 0.050980 0.990551] 
3d 0 
fr 144592
ts 36988.843756
6d 1 [12 1.000][574.638 -353.567 430.777 -2.9462 -7.3146 -36.9601][0.792552 -0.595235 0.132502 0.596365 0.801933 0.035379 -0.127317 0.050980 0.990551] 
3d 0 
fr 144593
ts 36988.860445
6d 1 [12 1.000][574.638 -353.567 430.777 -2.9462 -7.3146 -36.9601][0.792552 -0.595235 0.132502 0.596365 0.801933 0.035379 -0.127317 0.050980 0.990551] 
3d 0 
fr 144594
ts 36988.877108
6d 1 [12 1.000][574.638 -353.567 430.777 -2.9462 -7.3146 -36.9601][0.792552 -0.595235 0.132502 0.596365 0.801933 0.035379 -0.127317 0.050980 0.990551] 
3d 0 
fr 144595
ts 36988.893784
6d 1 [12 1.000][574.638 -353.567 430.777 -2.9462 -7.3146 -36.9601][0.792552 -0.595235 0.132502 0.596365 0.801933 0.035379 -0.127317 0.050980 0.990551] 
3d 0 
fr 144596
ts 36988.910450
6d 1 [12 1.000][574.638 -353.567 430.777 -2.9462 -7.3146 -36.9601][0.792552 -0.595235 0.132502 0.596365 0.801933 0.035379 -0.127317 0.050980 0.990551] 
3d 0 
fr 144597
ts 36988.927124
6d 1 [12 1.000][574.638 -353.567 430.777 -2.9462 -7.3146 -36.9601][0.792552 -0.595235 0.132502 0.596365 0.801933 0.035379 -0.127317 0.050980 0.990551] 
3d 0 
fr 144598
ts 36988.943783
6d 1 [12 1.000][574.638 -353.567 430.777 -2.9462 -7.3146 -36.9601][0.792552 -0.595235 0.132502 0.596365 0.801933 0.035379 -0.127317 0.050980 0.990551] 
3d 0 
fr 144599
ts 36988.960448
6d 1 [12 1.000][574.638 -353.567 430.777 -2.9462 -7.3146 -36.9601][0.792552 -0.595235 0.132502 0.596365 0.801933 0.035379 -0.127317 0.050980 0.990551] 
3d 0 
fr 144600
ts 36988.977114
6d 1 [12 1.000][574.638 -353.567 430.777 -2.9462 -7.3146 -36.9601][0.792552 -0.595235 0.132502 0.596365 0.801933 0.035379 -0.127317 0.050980 0.990551] 
3d 0 
fr 144601
ts 36988.993775
6d 1 [12 1.000][574.638 -353.567 430.777 -2.9462 -7.3146 -36.9601][0.792552 -0.595235 0.132502 0.596365 0.801933 0.035379 -0.127317 0.050980 0.990551] 
3d 0 
fr 144602
ts 36989.010438
6d 1 [12 1.000][574.638 -353.567 430.777 -2.9462 -7.3146 -36.9601][0.792552 -0.595235 0.132502 0.596365 0.801933 0.035379 -0.127317 0.050980 0.990551] 
3d 0 
fr 144603
ts 36989.027089
6d 1 [12 1.000][574.643 -353.545 430.803 -2.9449 -7.3140 -36.9613][0.792541 -0.595255 0.132480 0.596382 0.801920 0.035395 -0.127308 0.050957 0.990553] 
3d 0 
fr 144604
ts 36989.043752
6d 1 [12 1.000][574.640 -353.535 430.834 -2.9412 -7.3117 -36.9629][0.792528 -0.595288 0.132409 0.596408 0.801899 0.035427 -0.127268 0.050893 0.990562] 
3d 0 
fr 144605
ts 36989.060399
6d 1 [12 1.000][574.639 -353.536 430.804 -2.9383 -7.3169 -36.9634][0.792513 -0.595298 0.132451 0.596409 0.801894 0.035522 -0.127358 0.050843 0.990553] 
3d 0 
fr 144606
ts 36989.077059
6d 1 [12 1.000][574.631 -353.568 430.797 -2.9230 -7.3110 -36.9708][0.792446 -0.595441 0.132206 0.596519 0.801805 0.035692 -0.127256 0.050579 0.990579] 
3d 0 
fr 144607
ts 36989.093752
6d 1 [12 1.000][574.647 -353.516 430.813 -2.9237 -7.3111 -36.9708][0.792447 -0.595439 0.132215 0.596518 0.801806 0.035683 -0.127257 0.050591 0.990579] 
3d 0 
fr 144608
ts 36989.110413
6d 1 [12 1.000][574.642 -353.554 430.807 -2.9233 -7.3104 -36.9705][0.792451 -0.595436 0.132200 0.596515 0.801809 0.035680 -0.127244 0.050584 0.990581] 
3d 0 
fr 144609
ts 36989.127099
6d 1 [12 1.000][574.639 -353.544 430.777 -2.9286 -7.3092 -36.9702][0.792456 -0.595421 0.132239 0.596513 0.801814 0.035592 -0.127223 0.050677 0.990579] 
3d 0 
fr 144610
ts 36989.143762
6d 1 [12 1.000][574.641 -353.547 430.808 -2.9275 -7.3019 -36.9711][0.792460 -0.595441 0.132126 0.596535 0.801800 0.035534 -0.127097 0.050658 0.990596] 
3d 0 
fr 144611
ts 36989.160433
6d 1 [12 1.000][574.647 -353.545 430.817 -2.9394 -7.2965 -36.9710][0.792471 -0.595416 0.132176 0.596540 0.801806 0.035312 -0.127004 0.050864 0.990597] 
3d 0 
fr 144612
ts 36989.177099
6d 1 [12 1.000][574.647 -353.545 430.817 -2.9394 -7.2965 -36.9710][0.792471 -0.595416 0.132176 0.596540 0.801806 0.035312 -0.127004 0.050864 0.990597] 
3d 0 
fr 144613
ts 36989.193766
6d 1 [12 1.000][574.640 -353.443 430.749 -2.9406 -7.2971 -36.9715][0.792464 -0.595421 0.132196 0.596547 0.801801 0.035302 -0.127014 0.050885 0.990595] 
3d 0 
fr 144614
ts 36989.210432
6d 1 [12 1.000][574.631 -353.493 430.796 -2.9447 -7.2924 -36.9756][0.792430 -0.595471 0.132171 0.596610 0.801759 0.035205 -0.126933 0.050957 0.990602] 
3d 0 
fr 144615
ts 36989.227093
6d 1 [12 1.000][574.639 -353.636 430.786 -2.9444 -7.2960 -36.9757][0.792423 -0.595470 0.132217 0.596606 0.801760 0.035247 -0.126995 0.050951 0.990594] 
3d 0 
fr 144616
ts 36989.243758
6d 1 [12 1.000][574.623 -353.616 430.762 -2.9432 -7.2951 -36.9759][0.792422 -0.595476 0.132192 0.596610 0.801757 0.035255 -0.126980 0.050930 0.990597] 
3d 0 
fr 144617
ts 36989.260410
6d 1 [12 1.000][574.625 -353.537 430.770 -2.9432 -7.3064 -36.9782][0.792377 -0.595502 0.132348 0.596627 0.801738 0.035379 -0.127176 0.050929 0.990572] 
3d 0 
fr 144618
ts 36989.277075
6d 1 [12 1.000][574.617 -353.611 430.759 -2.9432 -7.3071 -36.9780][0.792378 -0.595498 0.132357 0.596624 0.801741 0.035385 -0.127187 0.050929 0.990570] 
3d 0 
fr 144619
ts 36989.293727
6d 1 [12 1.000][574.620 -353.549 430.727 -2.9460 -7.3089 -36.9788][0.792367 -0.595502 0.132410 0.596632 0.801735 0.035366 -0.127218 0.050977 0.990564] 
3d 0 
fr 144620
ts 36989.310387
6d 1 [12 1.000][574.625 -353.552 430.754 -2.9458 -7.3132 -36.9796][0.792351 -0.595510 0.132468 0.596637 0.801729 0.035416 -0.127294 0.050973 0.990554] 
3d 0 
fr 144621
ts 36989.327032
6d 1 [12 1.000][574.625 -353.552 430.754 -2.9458 -7.3132 -36.9796][0.792351 -0.595510 0.132468 0.596637 0.801729 0.035416 -0.127294 0.050973 0.990554] 
3d 0 
fr 144622
ts 36989.343694
6d 1 [12 1.000][574.625 -353.552 430.754 -2.9458 -7.3132 -36.9796][0.792351 -0.595510 0.132468 0.596637 0.801729 0.035416 -0.127294 0.050973 0.990554] 
3d 0 
fr 144623
ts 36989.360379
6d 1 [12 1.000][574.614 -353.549 430.792 -2.9457 -7.3130 -36.9798][0.792350 -0.595513 0.132464 0.596640 0.801727 0.035415 -0.127290 0.050972 0.990555] 
3d 0 
fr 144624
ts 36989.377040
6d 1 [12 1.000][574.621 -353.562 430.804 -2.9439 -7.3116 -36.9796][0.792354 -0.595516 0.132426 0.596640 0.801727 0.035425 -0.127266 0.050941 0.990560] 
3d 0 
fr 144625
ts 36989.393725
6d 1 [12 1.000][574.625 -353.559 430.820 -2.9432 -7.3120 -36.9798][0.792351 -0.595520 0.132424 0.596642 0.801725 0.035440 -0.127273 0.050929 0.990559] 
3d 0 
fr 144626
ts 36989.410386
6d 1 [12 1.000][574.637 -353.561 430.803 -2.9415 -7.3099 -36.9808][0.792344 -0.595539 0.132377 0.596658 0.801712 0.035444 -0.127237 0.050900 0.990565] 
3d 0 
fr 144627
ts 36989.427061
6d 1 [12 1.000][574.680 -353.518 430.797 -2.9427 -7.3127 -36.9842][0.792305 -0.595581 0.132426 0.596701 0.801680 0.035464 -0.127285 0.050920 0.990558] 
3d 0 
fr 144628
ts 36989.443724
6d 1 [12 1.000][574.669 -353.522 430.801 -2.9397 -7.3084 -36.9852][0.792302 -0.595606 0.132334 0.596721 0.801665 0.035463 -0.127210 0.050869 0.990571] 
3d 0 
fr 144629
ts 36989.460390
6d 1 [12 1.000][574.655 -353.542 430.794 -2.9379 -7.3094 -36.9860][0.792291 -0.595621 0.132328 0.596731 0.801655 0.035502 -0.127227 0.050837 0.990570] 
3d 0 
fr 144630
ts 36989.477052
6d 1 [12 1.000][574.655 -353.542 430.794 -2.9379 -7.3094 -36.9860][0.792291 -0.595621 0.132328 0.596731 0.801655 0.035502 -0.127227 0.050837 0.990570] 
3d 0 
fr 144631
ts 36989.493712
6d 1 [12 1.000][574.655 -353.542 430.794 -2.9379 -7.3094 -36.9860][0.792291 -0.595621 0.132328 0.596731 0.801655 0.035502 -0.127227 0.050837 0.990570] 
3d 0 
fr 144632
ts 36989.510374
6d 1 [12 1.000][574.655 -353.542 430.794 -2.9379 -7.3094 -36.9860][0.792291 -0.595621 0.132328 0.596731 0.801655 0.035502 -0.127227 0.050837 0.990570] 
3d 0 
fr 144633
ts 36989.527028
6d 1 [12 1.000][574.655 -353.542 430.794 -2.9379 -7.3094 -36.9860][0.792291 -0.595621 0.132328 0.596731 0.801655 0.035502 -0.127227 0.050837 0.990570] 
3d 0 
fr 144634
ts 36989.543689
6d 1 [12 1.000][574.655 -353.542 430.794 -2.9379 -7.3094 -36.9860][0.792291 -0.595621 0.132328 0.596731 0.801655 0.035502 -0.127227 0.050837 0.990570] 
3d 0 
fr 144635
ts 36989.560333
6d 1 [12 1.000][574.655 -353.542 430.794 -2.9379 -7.3094 -36.9860][0.792291 -0.595621 0.132328 0.596731 0.801655 0.035502 -0.127227 0.050837 0.990570] 
3d 0 
fr 144636
ts 36989.576998
6d 1 [12 1.000][574.634 -353.604 430.803 -2.9371 -7.3093 -36.9843][0.792309 -0.595599 0.132320 0.596708 0.801673 0.035508 -0.127226 0.050823 0.990571] 
3d 0 
fr 144637
ts 36989.593689
6d 1 [12 1.000][574.640 -353.555 430.804 -2.9376 -7.3105 -36.9734][0.792421 -0.595444 0.132349 0.596555 0.801787 0.035488 -0.127247 0.050832 0.990568] 
3d 0 
fr 144638
ts 36989.610352
6d 1 [12 1.000][574.640 -353.555 430.804 -2.9376 -7.3105 -36.9734][0.792421 -0.595444 0.132349 0.596555 0.801787 0.035488 -0.127247 0.050832 0.990568] 
3d 0 
fr 144639
ts 36989.627037
6d 1 [12 1.000][574.640 -353.555 430.804 -2.9376 -7.3105 -36.9734][0.792421 -0.595444 0.132349 0.596555 0.801787 0.035488 -0.127247 0.050832 0.990568] 
3d 0 
fr 144640
ts 36989.643698
6d 1 [12 1.000][574.640 -353.555 430.804 -2.9376 -7.3105 -36.9734][0.792421 -0.595444 0.132349 0.596555 0.801787 0.035488 -0.127247 0.050832 0.990568] 
3d 0 
fr 144641
ts 36989.660377
6d 1 [12 1.000][574.640 -353.555 430.804 -2.9376 -7.3105 -36.9734][0.792421 -0.595444 0.132349 0.596555 0.801787 0.035488 -0.127247 0.050832 0.990568] 
3d 0 
fr 144642
ts 36989.677039
6d 1 [12 1.000][574.640 -353.555 430.804 -2.9376 -7.3105 -36.9734][0.792421 -0.595444 0.132349 0.596555 0.801787 0.035488 -0.127247 0.050832 0.990568] 
3d 0 
fr 144643
ts 36989.693708
6d 1 [12 1.000][574.640 -353.555 430.804 -2.9376 -7.3105 -36.9734][0.792421 -0.595444 0.132349 0.596555 0.801787 0.035488 -0.127247 0.050832 0.990568] 
3d 0 
fr 144644
ts 36989.710371
6d 1 [12 1.000][574.640 -353.555 430.804 -2.9376 -7.3105 -36.9734][0.792421 -0.595444 0.132349 0.596555 0.801787 0.035488 -0.127247 0.050832 0.990568] 
3d 0 
fr 144645
ts 36989.727035
6d 1 [12 1.000][574.640 -353.555 430.804 -2.9376 -7.3105 -36.9734][0.792421 -0.595444 0.132349 0.596555 0.801787 0.035488 -0.127247 0.050832 0.990568] 
3d 0 
fr 144646
ts 36989.743697
6d 1 [12 1.000][574.619 -353.603 430.827 -2.9353 -7.3098 -36.9730][0.792426 -0.595445 0.132315 0.596551 0.801789 0.035511 -0.127234 0.050792 0.990571] 
3d 0 
fr 144647
ts 36989.760351
6d 1 [12 1.000][574.649 -353.528 430.833 -2.9228 -7.3010 -36.9692][0.792481 -0.595427 0.132065 0.596510 0.801816 0.035587 -0.127081 0.050577 0.990602] 
3d 0 
fr 144648
ts 36989.777017
6d 1 [12 1.000][574.649 -353.528 430.833 -2.9228 -7.3010 -36.9692][0.792481 -0.595427 0.132065 0.596510 0.801816 0.035587 -0.127081 0.050577 0.990602] 
3d 0 
fr 144649
ts 36989.793666
6d 1 [12 1.000][574.639 -353.564 430.728 -2.9226 -7.3019 -36.9692][0.792480 -0.595426 0.132076 0.596508 0.801817 0.035598 -0.127097 0.050574 0.990600] 
3d 0 
fr 144650
ts 36989.810328
6d 1 [12 1.000][574.638 -353.579 430.775 -2.9217 -7.3020 -36.9686][0.792486 -0.595419 0.132068 0.596499 0.801823 0.035611 -0.127099 0.050557 0.990601] 
3d 0 
fr 144651
ts 36989.826970
6d 1 [12 1.000][574.633 -353.568 430.771 -2.9217 -7.3056 -36.9675][0.792491 -0.595401 0.132120 0.596479 0.801836 0.035646 -0.127162 0.050558 0.990593] 
3d 0 
fr 144652
ts 36989.843633
6d 1 [12 1.000][574.634 -353.576 430.785 -2.9201 -7.3055 -36.9675][0.792491 -0.595405 0.132101 0.596480 0.801835 0.035668 -0.127160 0.050529 0.990594] 
3d 0 
fr 144653
ts 36989.860317
6d 1 [12 1.000][574.626 -353.574 430.764 -2.9202 -7.3126 -36.9652][0.792502 -0.595368 0.132202 0.596439 0.801863 0.035734 -0.127283 0.050531 0.990579] 
3d 0 
fr 144654
ts 36989.876984
6d 1 [12 1.000][574.617 -353.564 430.779 -2.9173 -7.3160 -36.9637][0.792512 -0.595351 0.132220 0.596413 0.801878 0.035807 -0.127342 0.050480 0.990573] 
3d 0 
fr 144655
ts 36989.893665
6d 1 [12 1.000][574.617 -353.564 430.779 -2.9173 -7.3160 -36.9637][0.792512 -0.595351 0.132220 0.596413 0.801878 0.035807 -0.127342 0.050480 0.990573] 
3d 0 
fr 144656
ts 36989.910327
6d 1 [12 1.000][574.617 -353.564 430.779 -2.9173 -7.3160 -36.9637][0.792512 -0.595351 0.132220 0.596413 0.801878 0.035807 -0.127342 0.050480 0.990573] 
3d 0 
fr 144657
ts 36989.927001
6d 1 [12 1.000][574.617 -353.564 430.779 -2.9173 -7.3160 -36.9637][0.792512 -0.595351 0.132220 0.596413 0.801878 0.035807 -0.127342 0.050480 0.990573] 
3d 0 
fr 144658
ts 36989.943663
6d 1 [12 1.000][574.617 -353.564 430.779 -2.9173 -7.3160 -36.9637][0.792512 -0.595351 0.132220 0.596413 0.801878 0.035807 -0.127342 0.050480 0.990573] 
3d 0 
fr 144659
ts 36989.960326
6d 1 [12 1.000][574.617 -353.564 430.779 -2.9173 -7.3160 -36.9637][0.792512 -0.595351 0.132220 0.596413 0.801878 0.035807 -0.127342 0.050480 0.990573] 
3d 0 
fr 144660
ts 36989.976993
6d 1 [12 1.000][574.617 -353.564 430.779 -2.9173 -7.3160 -36.9637][0.792512 -0.595351 0.132220 0.596413 0.801878 0.035807 -0.127342 0.050480 0.990573] 
3d 0 
fr 144661
ts 36989.993650
6d 1 [12 1.000][574.617 -353.564 430.779 -2.9173 -7.3160 -36.9637][0.792512 -0.595351 0.132220 0.596413 0.801878 0.035807 -0.127342 0.050480 0.990573] 
3d 0 
fr 144662
ts 36990.010315
6d 1 [12 1.000][574.617 -353.564 430.779 -2.9173 -7.3160 -36.9637][0.792512 -0.595351 0.132220 0.596413 0.801878 0.035807 -0.127342 0.050480 0.990573] 
3d 0 
fr 144663
ts 36990.026968
6d 1 [12 1.000][574.622 -353.638 430.770 -2.9191 -7.3162 -36.9639][0.792510 -0.595349 0.132240 0.596416 0.801878 0.035784 -0.127344 0.050510 0.990572] 
3d 0 
fr 144664
ts 36990.043630
6d 1 [12 1.000][574.622 -353.578 430.774 -2.9189 -7.3147 -36.9646][0.792505 -0.595360 0.132218 0.596427 0.801870 0.035773 -0.127320 0.050508 0.990575] 
3d 0 
fr 144665
ts 36990.060277
6d 1 [12 1.000][574.624 -353.621 430.767 -2.9191 -7.3172 -36.9635][0.792511 -0.595344 0.132255 0.596410 0.801882 0.035793 -0.127362 0.050512 0.990569] 
3d 0 
fr 144666
ts 36990.076939
6d 1 [12 1.000][574.629 -353.627 430.775 -2.9174 -7.3151 -36.9647][0.792503 -0.595365 0.132207 0.596428 0.801868 0.035798 -0.127326 0.050482 0.990575] 
3d 0 
fr 144667
ts 36990.093632
6d 1 [12 1.000][574.633 -353.600 430.780 -2.9252 -7.3154 -36.9652][0.792497 -0.595355 0.132292 0.596436 0.801867 0.035693 -0.127331 0.050617 0.990568] 
3d 0 
fr 144668
ts 36990.110293
6d 1 [12 1.000][574.633 -353.600 430.780 -2.9252 -7.3154 -36.9652][0.792497 -0.595355 0.132292 0.596436 0.801867 0.035693 -0.127331 0.050617 0.990568] 
3d 0 
fr 144669
ts 36990.126979
6d 1 [12 1.000][574.633 -353.600 430.780 -2.9252 -7.3154 -36.9652][0.792497 -0.595355 0.132292 0.596436 0.801867 0.035693 -0.127331 0.050617 0.990568] 
3d 0 
fr 144670
ts 36990.143640
6d 1 [12 1.000][574.633 -353.600 430.780 -2.9252 -7.3154 -36.9652][0.792497 -0.595355 0.132292 0.596436 0.801867 0.035693 -0.127331 0.050617 0.990568] 
3d 0 
fr 144671
ts 36990.160317
6d 1 [12 1.000][574.594 -353.520 430.778 -2.9261 -7.3154 -36.9646][0.792503 -0.595344 0.132302 0.596427 0.801874 0.035679 -0.127331 0.050633 0.990567] 
3d 0 
fr 144672
ts 36990.176981
6d 1 [12 1.000][574.605 -353.559 430.745 -2.9262 -7.3155 -36.9646][0.792503 -0.595344 0.132304 0.596427 0.801874 0.035679 -0.127332 0.050634 0.990567] 
3d 0 
fr 144673
ts 36990.193651
6d 1 [12 1.000][574.610 -353.583 430.773 -2.9293 -7.3147 -36.9607][0.792546 -0.595282 0.132328 0.596373 0.801917 0.035618 -0.127318 0.050688 0.990566] 
3d 0 
fr 144674
ts 36990.210314
6d 1 [12 1.000][574.610 -353.561 430.774 -2.9283 -7.3158 -36.9612][0.792539 -0.595290 0.132333 0.596379 0.801911 0.035644 -0.127338 0.050671 0.990564] 
3d 0 
fr 144675
ts 36990.226977
6d 1 [12 1.000][574.618 -353.532 430.774 -2.9287 -7.3183 -36.9631][0.792514 -0.595315 0.132369 0.596402 0.801893 0.035670 -0.127381 0.050676 0.990558] 
3d 0 
fr 144676
ts 36990.243639
6d 1 [12 1.000][574.621 -353.561 430.787 -2.9246 -7.3248 -36.9668][0.792464 -0.595371 0.132416 0.596445 0.801855 0.035803 -0.127494 0.050606 0.990547] 
3d 0 
fr 144677
ts 36990.260296
6d 1 [12 1.000][574.621 -353.561 430.787 -2.9246 -7.3248 -36.9668][0.792464 -0.595371 0.132416 0.596445 0.801855 0.035803 -0.127494 0.050606 0.990547] 
3d 0 
fr 144678
ts 36990.276958
6d 1 [12 1.000][574.621 -353.561 430.787 -2.9246 -7.3248 -36.9668][0.792464 -0.595371 0.132416 0.596445 0.801855 0.035803 -0.127494 0.050606 0.990547] 
3d 0 
fr 144679
ts 36990.293609
6d 1 [12 1.000][574.621 -353.561 430.787 -2.9246 -7.3248 -36.9668][0.792464 -0.595371 0.132416 0.596445 0.801855 0.035803 -0.127494 0.050606 0.990547] 
3d 0 
fr 144680
ts 36990.310265
6d 1 [12 1.000][574.621 -353.561 430.787 -2.9246 -7.3248 -36.9668][0.792464 -0.595371 0.132416 0.596445 0.801855 0.035803 -0.127494 0.050606 0.990547] 
3d 0 
fr 144681
ts 36990.326914
6d 1 [12 1.000][574.621 -353.561 430.787 -2.9246 -7.3248 -36.9668][0.792464 -0.595371 0.132416 0.596445 0.801855 0.035803 -0.127494 0.050606 0.990547] 
3d 0 
fr 144682
ts 36990.343575
6d 1 [12 1.000][574.621 -353.561 430.787 -2.9246 -7.3248 -36.9668][0.792464 -0.595371 0.132416 0.596445 0.801855 0.035803 -0.127494 0.050606 0.990547] 
3d 0 
fr 144683
ts 36990.360262
6d 1 [12 1.000][574.635 -353.454 430.807 -2.9258 -7.3231 -36.9681][0.792454 -0.595387 0.132404 0.596464 0.801842 0.035771 -0.127465 0.050627 0.990550] 
3d 0 
fr 144684
ts 36990.376923
6d 1 [12 1.000][574.627 -353.529 430.841 -2.9357 -7.3062 -36.9742][0.792420 -0.595463 0.132269 0.596572 0.801775 0.035473 -0.127172 0.050799 0.990579] 
3d 0 
fr 144685
ts 36990.393607
6d 1 [12 1.000][574.627 -353.529 430.841 -2.9357 -7.3062 -36.9742][0.792420 -0.595463 0.132269 0.596572 0.801775 0.035473 -0.127172 0.050799 0.990579] 
3d 0 
fr 144686
ts 36990.410270
6d 1 [12 1.000][574.627 -353.529 430.841 -2.9357 -7.3062 -36.9742][0.792420 -0.595463 0.132269 0.596572 0.801775 0.035473 -0.127172 0.050799 0.990579] 
3d 0 
fr 144687
ts 36990.426945
6d 1 [12 1.000][574.627 -353.529 430.841 -2.9357 -7.3062 -36.9742][0.792420 -0.595463 0.132269 0.596572 0.801775 0.035473 -0.127172 0.050799 0.990579] 
3d 0 
fr 144688
ts 36990.443606
6d 1 [12 1.000][574.615 -353.665 430.790 -2.9362 -7.3053 -36.9742][0.792422 -0.595462 0.132261 0.596573 0.801775 0.035456 -0.127156 0.050808 0.990581] 
3d 0 
fr 144689
ts 36990.460274
6d 1 [12 1.000][574.620 -353.605 430.813 -2.9370 -7.3042 -36.9737][0.792428 -0.595455 0.132254 0.596568 0.801780 0.035432 -0.127137 0.050821 0.990582] 
3d 0 
fr 144690
ts 36990.476936
6d 1 [12 1.000][574.613 -353.587 430.813 -2.9376 -7.3006 -36.9738][0.792434 -0.595457 0.132212 0.596574 0.801777 0.035386 -0.127075 0.050833 0.990590] 
3d 0 
fr 144691
ts 36990.493597
6d 1 [12 1.000][574.625 -353.477 430.815 -2.9385 -7.3012 -36.9748][0.792422 -0.595469 0.132229 0.596587 0.801768 0.035382 -0.127086 0.050848 0.990588] 
3d 0 
fr 144692
ts 36990.510259
6d 1 [12 1.000][574.620 -353.534 430.810 -2.9409 -7.2934 -36.9740][0.792445 -0.595457 0.132146 0.596586 0.801774 0.035266 -0.126950 0.050890 0.990603] 
3d 0 
fr 144693
ts 36990.526913
6d 1 [12 1.000][574.620 -353.534 430.810 -2.9409 -7.2934 -36.9740][0.792445 -0.595457 0.132146 0.596586 0.801774 0.035266 -0.126950 0.050890 0.990603] 
3d 0 
fr 144694
ts 36990.543576
6d 1 [12 1.000][574.620 -353.534 430.810 -2.9409 -7.2934 -36.9740][0.792445 -0.595457 0.132146 0.596586 0.801774 0.035266 -0.126950 0.050890 0.990603] 
3d 0 
fr 144695
ts 36990.560222
6d 1 [12 1.000][574.620 -353.534 430.810 -2.9409 -7.2934 -36.9740][0.792445 -0.595457 0.132146 0.596586 0.801774 0.035266 -0.126950 0.050890 0.990603] 
3d 0 
fr 144696
ts 36990.576882
6d 1 [12 1.000][574.620 -353.534 430.810 -2.9409 -7.2934 -36.9740][0.792445 -0.595457 0.132146 0.596586 0.801774 0.035266 -0.126950 0.050890 0.990603] 
3d 0 
fr 144697
ts 36990.593576
6d 1 [12 1.000][574.620 -353.534 430.810 -2.9409 -7.2934 -36.9740][0.792445 -0.595457 0.132146 0.596586 0.801774 0.035266 -0.126950 0.050890 0.990603] 
3d 0 
fr 144698
ts 36990.610237
6d 1 [12 1.000][574.620 -353.534 430.810 -2.9409 -7.2934 -36.9740][0.792445 -0.595457 0.132146 0.596586 0.801774 0.035266 -0.126950 0.050890 0.990603] 
3d 0 
fr 144699
ts 36990.626921
6d 1 [12 1.000][574.640 -353.478 430.810 -2.9404 -7.2942 -36.9745][0.792438 -0.595465 0.132152 0.596592 0.801768 0.035282 -0.126964 0.050882 0.990601] 
3d 0 
fr 144700
ts 36990.643584
6d 1 [12 1.000][574.643 -353.439 430.836 -2.9381 -7.2935 -36.9768][0.792415 -0.595503 0.132117 0.596626 0.801743 0.035312 -0.126952 0.050843 0.990605] 
3d 0 
fr 144701
ts 36990.660258
6d 1 [12 1.000][574.647 -353.418 430.802 -2.9397 -7.2970 -36.9791][0.792385 -0.595529 0.132180 0.596653 0.801722 0.035331 -0.127013 0.050870 0.990596] 
3d 0 
fr 144702
ts 36990.676923
6d 1 [12 1.000][574.645 -353.609 430.803 -2.9362 -7.2942 -36.9809][0.792371 -0.595564 0.132104 0.596681 0.801699 0.035356 -0.126964 0.050809 0.990605] 
3d 0 
fr 144703
ts 36990.693596
6d 1 [12 1.000][574.616 -353.600 430.794 -2.9334 -7.3030 -36.9792][0.792374 -0.595540 0.132198 0.596645 0.801721 0.035482 -0.127117 0.050760 0.990588] 
3d 0 
fr 144704
ts 36990.710257
6d 1 [12 1.000][574.638 -353.504 430.796 -2.9293 -7.3028 -36.9889][0.792273 -0.595685 0.132146 0.596780 0.801617 0.035559 -0.127113 0.050690 0.990592] 
3d 0 
fr 144705
ts 36990.726917
6d 1 [12 1.000][574.644 -353.444 430.792 -2.9301 -7.3036 -36.9888][0.792272 -0.595682 0.132166 0.596778 0.801619 0.035556 -0.127127 0.050703 0.990590] 
3d 0 
fr 144706
ts 36990.743583
6d 1 [12 1.000][574.643 -353.622 430.792 -2.9290 -7.3035 -36.9881][0.792280 -0.595674 0.132153 0.596768 0.801625 0.035569 -0.127125 0.050684 0.990591] 
3d 0 
fr 144707
ts 36990.760238
6d 1 [12 1.000][574.638 -353.619 430.780 -2.9309 -7.3061 -36.9851][0.792307 -0.595626 0.132210 0.596723 0.801659 0.035563 -0.127170 0.050716 0.990584] 
3d 0 
fr 144708
ts 36990.776904
6d 1 [12 1.000][574.633 -353.544 430.783 -2.9321 -7.3090 -36.9823][0.792330 -0.595583 0.132265 0.596681 0.801690 0.035571 -0.127221 0.050736 0.990576] 
3d 0 
fr 144709
ts 36990.793549
6d 1 [12 1.000][574.633 -353.544 430.783 -2.9321 -7.3090 -36.9823][0.792330 -0.595583 0.132265 0.596681 0.801690 0.035571 -0.127221 0.050736 0.990576] 
3d 0 
fr 144710
ts 36990.810215
6d 1 [12 1.000][574.628 -353.586 430.783 -2.9322 -7.3092 -36.9814][0.792340 -0.595569 0.132269 0.596667 0.801700 0.035568 -0.127224 0.050739 0.990575] 
3d 0 
fr 144711
ts 36990.826860
6d 1 [12 1.000][574.630 -353.587 430.781 -2.9354 -7.3136 -36.9740][0.792409 -0.595455 0.132368 0.596559 0.801781 0.035553 -0.127300 0.050793 0.990563] 
3d 0 
fr 144712
ts 36990.843521
6d 1 [12 1.000][574.630 -353.587 430.781 -2.9354 -7.3136 -36.9740][0.792409 -0.595455 0.132368 0.596559 0.801781 0.035553 -0.127300 0.050793 0.990563] 
3d 0 
fr 144713
ts 36990.860207
6d 1 [12 1.000][574.630 -353.587 430.781 -2.9354 -7.3136 -36.9740][0.792409 -0.595455 0.132368 0.596559 0.801781 0.035553 -0.127300 0.050793 0.990563] 
3d 0 
fr 144714
ts 36990.876872
6d 1 [12 1.000][574.630 -353.587 430.781 -2.9354 -7.3136 -36.9740][0.792409 -0.595455 0.132368 0.596559 0.801781 0.035553 -0.127300 0.050793 0.990563] 
3d 0 
fr 144715
ts 36990.893549
6d 1 [12 1.000][574.630 -353.587 430.781 -2.9354 -7.3136 -36.9740][0.792409 -0.595455 0.132368 0.596559 0.801781 0.035553 -0.127300 0.050793 0.990563] 
3d 0 
fr 144716
ts 36990.910215
6d 1 [12 1.000][574.618 -353.495 430.780 -2.9346 -7.3141 -36.9738][0.792410 -0.595454 0.132367 0.596556 0.801783 0.035569 -0.127309 0.050779 0.990562] 
3d 0 
fr 144717
ts 36990.926886
6d 1 [12 1.000][574.624 -353.534 430.784 -2.9356 -7.3145 -36.9740][0.792407 -0.595454 0.132382 0.596558 0.801782 0.035558 -0.127315 0.050797 0.990561] 
3d 0 
fr 144718
ts 36990.943552
6d 1 [12 1.000][574.629 -353.530 430.787 -2.9363 -7.3059 -36.9750][0.792412 -0.595473 0.132270 0.596583 0.801767 0.035463 -0.127167 0.050809 0.990579] 
3d 0 
fr 144719
ts 36990.960220
6d 1 [12 1.000][574.622 -353.542 430.780 -2.9379 -7.3132 -36.9731][0.792419 -0.595437 0.132389 0.596547 0.801792 0.035511 -0.127293 0.050836 0.990562] 
3d 0 
fr 144720
ts 36990.976883
6d 1 [12 1.000][574.617 -353.543 430.786 -2.9346 -7.3081 -36.9733][0.792426 -0.595452 0.132284 0.596558 0.801785 0.035504 -0.127204 0.050781 0.990576] 
3d 0 
fr 144721
ts 36990.993543
6d 1 [12 1.000][574.618 -353.559 430.778 -2.9394 -7.3085 -36.9734][0.792425 -0.595441 0.132340 0.596557 0.801788 0.035441 -0.127212 0.050864 0.990571] 
3d 0 
fr 144722
ts 36991.010205
6d 1 [12 1.000][574.621 -353.636 430.793 -2.9398 -7.3070 -36.9730][0.792431 -0.595436 0.132323 0.596554 0.801791 0.035419 -0.127185 0.050871 0.990574] 
3d 0 
fr 144723
ts 36991.026859
6d 1 [12 1.000][574.627 -353.556 430.792 -2.9425 -7.3035 -36.9715][0.792453 -0.595411 0.132303 0.596538 0.801806 0.035342 -0.127125 0.050916 0.990579] 
3d 0 
fr 144724
ts 36991.043521
6d 1 [12 1.000][574.627 -353.556 430.792 -2.9425 -7.3035 -36.9715][0.792453 -0.595411 0.132303 0.596538 0.801806 0.035342 -0.127125 0.050916 0.990579] 
3d 0 
fr 144725
ts 36991.060169
6d 1 [12 1.000][574.632 -353.441 430.789 -2.9427 -7.3043 -36.9726][0.792440 -0.595425 0.132317 0.596552 0.801795 0.035351 -0.127140 0.050921 0.990577] 
3d 0 
fr 144726
ts 36991.076830
6d 1 [12 1.000][574.638 -353.538 430.802 -2.9419 -7.3036 -36.9768][0.792397 -0.595487 0.132297 0.596612 0.801750 0.035364 -0.127128 0.050907 0.990579] 
3d 0 
fr 144727
ts 36991.093522
6d 1 [12 1.000][574.636 -353.524 430.795 -2.9423 -7.3042 -36.9775][0.792389 -0.595495 0.132307 0.596620 0.801744 0.035366 -0.127137 0.050913 0.990578] 
3d 0 
fr 144728
ts 36991.110184
6d 1 [12 1.000][574.626 -353.536 430.791 -2.9410 -7.3068 -36.9814][0.792343 -0.595551 0.132328 0.596671 0.801704 0.035421 -0.127182 0.050891 0.990573] 
3d 0 
fr 144729
ts 36991.126870
6d 1 [12 1.000][574.626 -353.536 430.791 -2.9410 -7.3068 -36.9814][0.792343 -0.595551 0.132328 0.596671 0.801704 0.035421 -0.127182 0.050891 0.990573] 
3d 0 
fr 144730
ts 36991.143531
6d 1 [12 1.000][574.626 -353.634 430.782 -2.9414 -7.3073 -36.9806][0.792351 -0.595539 0.132339 0.596659 0.801713 0.035418 -0.127191 0.050898 0.990572] 
3d 0 
fr 144731
ts 36991.160210
6d 1 [12 1.000][574.625 -353.576 430.778 -2.9458 -7.3118 -36.9778][0.792372 -0.595486 0.132449 0.596615 0.801747 0.035397 -0.127269 0.050974 0.990558] 
3d 0 
fr 144732
ts 36991.176869
6d 1 [12 1.000][574.612 -353.612 430.775 -2.9450 -7.3119 -36.9769][0.792382 -0.595474 0.132443 0.596601 0.801756 0.035406 -0.127270 0.050960 0.990558] 
3d 0 
fr 144733
ts 36991.193539
6d 1 [12 1.000][574.616 -353.569 430.768 -2.9446 -7.3162 -36.9720][0.792425 -0.595404 0.132501 0.596528 0.801809 0.035446 -0.127345 0.050952 0.990549] 
3d 0 
fr 144734
ts 36991.210205
6d 1 [12 1.000][574.614 -353.606 430.765 -2.9438 -7.3165 -36.9714][0.792431 -0.595397 0.132498 0.596519 0.801815 0.035459 -0.127351 0.050938 0.990549] 
3d 0 
fr 144735
ts 36991.226870
6d 1 [12 1.000][574.617 -353.578 430.777 -2.9408 -7.3187 -36.9667][0.792476 -0.595337 0.132500 0.596452 0.801863 0.035513 -0.127389 0.050886 0.990547] 
3d 0 
fr 144736
ts 36991.243531
6d 1 [12 1.000][574.617 -353.578 430.777 -2.9408 -7.3187 -36.9667][0.792476 -0.595337 0.132500 0.596452 0.801863 0.035513 -0.127389 0.050886 0.990547] 
3d 0 
fr 144737
ts 36991.260189
6d 1 [12 1.000][574.617 -353.578 430.777 -2.9408 -7.3187 -36.9667][0.792476 -0.595337 0.132500 0.596452 0.801863 0.035513 -0.127389 0.050886 0.990547] 
3d 0 
fr 144738
ts 36991.276851
6d 1 [12 1.000][574.617 -353.578 430.777 -2.9408 -7.3187 -36.9667][0.792476 -0.595337 0.132500 0.596452 0.801863 0.035513 -0.127389 0.050886 0.990547] 
3d 0 
fr 144739
ts 36991.293502
6d 1 [12 1.000][574.617 -353.578 430.777 -2.9408 -7.3187 -36.9667][0.792476 -0.595337 0.132500 0.596452 0.801863 0.035513 -0.127389 0.050886 0.990547] 
3d 0 
fr 144740
ts 36991.310165
6d 1 [12 1.000][574.617 -353.578 430.777 -2.9408 -7.3187 -36.9667][0.792476 -0.595337 0.132500 0.596452 0.801863 0.035513 -0.127389 0.050886 0.990547] 
3d 0 
fr 144741
ts 36991.326803
6d 1 [12 1.000][574.608 -353.529 430.784 -2.9400 -7.3190 -36.9674][0.792468 -0.595348 0.132495 0.596460 0.801856 0.035528 -0.127393 0.050873 0.990547] 
3d 0 
fr 144742
ts 36991.343469
6d 1 [12 1.000][574.612 -353.541 430.786 -2.9381 -7.3182 -36.9685][0.792458 -0.595368 0.132464 0.596476 0.801843 0.035549 -0.127380 0.050840 0.990550] 
3d 0 
fr 144743
ts 36991.360157
6d 1 [12 1.000][574.605 -353.511 430.772 -2.9395 -7.3216 -36.9697][0.792439 -0.595380 0.132523 0.596489 0.801832 0.035569 -0.127438 0.050863 0.990541] 
3d 0 
fr 144744
ts 36991.376821
6d 1 [12 1.000][574.598 -353.554 430.768 -2.9303 -7.3210 -36.9732][0.792404 -0.595451 0.132418 0.596539 0.801790 0.035699 -0.127428 0.050704 0.990551] 
3d 0 
fr 144745
ts 36991.393498
6d 1 [12 1.000][574.598 -353.554 430.768 -2.9303 -7.3210 -36.9732][0.792404 -0.595451 0.132418 0.596539 0.801790 0.035699 -0.127428 0.050704 0.990551] 
3d 0 
fr 144746
ts 36991.410165
6d 1 [12 1.000][574.598 -353.554 430.768 -2.9303 -7.3210 -36.9732][0.792404 -0.595451 0.132418 0.596539 0.801790 0.035699 -0.127428 0.050704 0.990551] 
3d 0 
fr 144747
ts 36991.426838
6d 1 [12 1.000][574.598 -353.554 430.768 -2.9303 -7.3210 -36.9732][0.792404 -0.595451 0.132418 0.596539 0.801790 0.035699 -0.127428 0.050704 0.990551] 
3d 0 
fr 144748
ts 36991.443500
6d 1 [12 1.000][574.598 -353.554 430.768 -2.9303 -7.3210 -36.9732][0.792404 -0.595451 0.132418 0.596539 0.801790 0.035699 -0.127428 0.050704 0.990551] 
3d 0 
fr 144749
ts 36991.460169
6d 1 [12 1.000][574.598 -353.554 430.768 -2.9303 -7.3210 -36.9732][0.792404 -0.595451 0.132418 0.596539 0.801790 0.035699 -0.127428 0.050704 0.990551] 
3d 0 
fr 144750
ts 36991.476830
6d 1 [12 1.000][574.598 -353.554 430.768 -2.9303 -7.3210 -36.9732][0.792404 -0.595451 0.132418 0.596539 0.801790 0.035699 -0.127428 0.050704 0.990551] 
3d 0 
fr 144751
ts 36991.493492
6d 1 [12 1.000][574.598 -353.554 430.768 -2.9303 -7.3210 -36.9732][0.792404 -0.595451 0.132418 0.596539 0.801790 0.035699 -0.127428 0.050704 0.990551] 
3d 0 
fr 144752
ts 36991.510153
6d 1 [12 1.000][574.598 -353.554 430.768 -2.9303 -7.3210 -36.9732][0.792404 -0.595451 0.132418 0.596539 0.801790 0.035699 -0.127428 0.050704 0.990551] 
3d 0 
fr 144753
ts 36991.526805
6d 1 [12 1.000][574.599 -353.600 430.828 -2.9305 -7.3218 -36.9712][0.792423 -0.595422 0.132432 0.596510 0.801811 0.035699 -0.127442 0.050709 0.990549] 
3d 0 
fr 144754
ts 36991.543469
6d 1 [12 1.000][574.606 -353.569 430.771 -2.9358 -7.3224 -36.9601][0.792538 -0.595254 0.132503 0.596355 0.801931 0.035606 -0.127453 0.050800 0.990543] 
3d 0 
fr 144755
ts 36991.560113
6d 1 [12 1.000][574.606 -353.569 430.771 -2.9358 -7.3224 -36.9601][0.792538 -0.595254 0.132503 0.596355 0.801931 0.035606 -0.127453 0.050800 0.990543] 
3d 0 
fr 144756
ts 36991.576779
6d 1 [12 1.000][574.606 -353.569 430.771 -2.9358 -7.3224 -36.9601][0.792538 -0.595254 0.132503 0.596355 0.801931 0.035606 -0.127453 0.050800 0.990543] 
3d 0 
fr 144757
ts 36991.593468
6d 1 [12 1.000][574.614 -353.637 430.777 -2.9343 -7.3227 -36.9603][0.792535 -0.595260 0.132491 0.596358 0.801927 0.035631 -0.127457 0.050773 0.990544] 
3d 0 
fr 144758
ts 36991.610135
6d 1 [12 1.000][574.620 -353.589 430.789 -2.9214 -7.3222 -36.9651][0.792486 -0.595357 0.132348 0.596425 0.801869 0.035818 -0.127450 0.050550 0.990556] 
3d 0 
fr 144759
ts 36991.626819
6d 1 [12 1.000][574.626 -353.477 430.792 -2.9208 -7.3224 -36.9658][0.792478 -0.595369 0.132343 0.596434 0.801862 0.035830 -0.127453 0.050539 0.990556] 
3d 0 
fr 144760
ts 36991.643481
6d 1 [12 1.000][574.630 -353.534 430.792 -2.9154 -7.3219 -36.9679][0.792458 -0.595410 0.132278 0.596464 0.801837 0.035904 -0.127443 0.050447 0.990562] 
3d 0 
fr 144761
ts 36991.660159
6d 1 [12 1.000][574.633 -353.498 430.791 -2.9161 -7.3222 -36.9685][0.792450 -0.595417 0.132290 0.596472 0.801831 0.035900 -0.127450 0.050458 0.990561] 
3d 0 
fr 144762
ts 36991.676821
6d 1 [12 1.000][574.633 -353.513 430.786 -2.9156 -7.3209 -36.9703][0.792434 -0.595445 0.132266 0.596499 0.801811 0.035897 -0.127427 0.050451 0.990564] 
3d 0 
fr 144763
ts 36991.693494
6d 1 [12 1.000][574.626 -353.500 430.783 -2.9177 -7.3227 -36.9718][0.792415 -0.595459 0.132311 0.596517 0.801798 0.035890 -0.127458 0.050486 0.990558] 
3d 0 
fr 144764
ts 36991.710154
6d 1 [12 1.000][574.595 -353.526 430.786 -2.9183 -7.3210 -36.9779][0.792355 -0.595545 0.132290 0.596604 0.801733 0.035878 -0.127429 0.050497 0.990561] 
3d 0 
fr 144765
ts 36991.726816
6d 1 [12 1.000][574.615 -353.606 430.774 -2.9193 -7.3208 -36.9783][0.792351 -0.595548 0.132298 0.596609 0.801730 0.035863 -0.127426 0.050514 0.990561] 
3d 0 
fr 144766
ts 36991.743482
6d 1 [12 1.000][574.621 -353.531 430.785 -2.9226 -7.3169 -36.9820][0.792320 -0.595594 0.132276 0.596665 0.801692 0.035784 -0.127357 0.050572 0.990567] 
3d 0 
fr 144767
ts 36991.760139
6d 1 [12 1.000][574.620 -353.623 430.783 -2.9234 -7.3167 -36.9817][0.792323 -0.595589 0.132282 0.596662 0.801695 0.035771 -0.127354 0.050585 0.990566] 
3d 0 
fr 144768
ts 36991.776801
6d 1 [12 1.000][574.617 -353.608 430.792 -2.9247 -7.3147 -36.9801][0.792344 -0.595564 0.132269 0.596642 0.801712 0.035727 -0.127320 0.050609 0.990570] 
3d 0 
fr 144769
ts 36991.793452
6d 1 [12 1.000][574.618 -353.598 430.782 -2.9271 -7.3182 -36.9778][0.792361 -0.595525 0.132344 0.596606 0.801739 0.035726 -0.127380 0.050649 0.990560] 
3d 0 
fr 144770
ts 36991.810114
6d 1 [12 1.000][574.618 -353.575 430.781 -2.9317 -7.3136 -36.9747][0.792401 -0.595474 0.132329 0.596569 0.801771 0.035606 -0.127300 0.050729 0.990566] 
3d 0 
fr 144771
ts 36991.826758
6d 1 [12 1.000][574.617 -353.498 430.783 -2.9313 -7.3154 -36.9744][0.792402 -0.595469 0.132349 0.596562 0.801776 0.035630 -0.127331 0.050722 0.990563] 
3d 0 
fr 144772
ts 36991.843420
6d 1 [12 1.000][574.611 -353.568 430.773 -2.9303 -7.3223 -36.9714][0.792420 -0.595425 0.132437 0.596512 0.801810 0.035708 -0.127451 0.050704 0.990548] 
3d 0 
fr 144773
ts 36991.860106
6d 1 [12 1.000][574.604 -353.567 430.737 -2.9298 -7.3265 -36.9716][0.792411 -0.595425 0.132489 0.596509 0.801810 0.035759 -0.127523 0.050695 0.990539] 
3d 0 
fr 144774
ts 36991.876772
6d 1 [12 1.000][574.603 -353.574 430.764 -2.9252 -7.3338 -36.9723][0.792391 -0.595440 0.132543 0.596508 0.801804 0.035901 -0.127650 0.050615 0.990527] 
3d 0 
fr 144775
ts 36991.893452
6d 1 [12 1.000][574.603 -353.574 430.764 -2.9252 -7.3338 -36.9723][0.792391 -0.595440 0.132543 0.596508 0.801804 0.035901 -0.127650 0.050615 0.990527] 
3d 0 
fr 144776
ts 36991.910115
6d 1 [12 1.000][574.613 -353.617 430.755 -2.9250 -7.3335 -36.9716][0.792398 -0.595432 0.132536 0.596500 0.801810 0.035900 -0.127645 0.050611 0.990528] 
3d 0 
fr 144777
ts 36991.926790
6d 1 [12 1.000][574.616 -353.586 430.751 -2.9249 -7.3385 -36.9687][0.792420 -0.595388 0.132606 0.596452 0.801843 0.035946 -0.127731 0.050608 0.990517] 
3d 0 
fr 144778
ts 36991.943451
6d 1 [12 1.000][574.629 -353.534 430.765 -2.9255 -7.3345 -36.9690][0.792424 -0.595393 0.132557 0.596462 0.801838 0.035897 -0.127662 0.050619 0.990525] 
3d 0 
fr 144779
ts 36991.960117
6d 1 [12 1.000][574.630 -353.593 430.793 -2.9272 -7.3302 -36.9669][0.792453 -0.595363 0.132516 0.596439 0.801859 0.035824 -0.127587 0.050649 0.990533] 
3d 0 
fr 144780
ts 36991.976782
6d 1 [12 1.000][574.631 -353.589 430.814 -2.9266 -7.3284 -36.9671][0.792455 -0.595368 0.132485 0.596444 0.801855 0.035813 -0.127556 0.050640 0.990538] 
3d 0 
fr 144781
ts 36991.993440
6d 1 [12 1.000][574.636 -353.587 430.827 -2.9277 -7.3259 -36.9671][0.792459 -0.595368 0.132463 0.596447 0.801855 0.035772 -0.127513 0.050659 0.990542] 
3d 0 
fr 144782
ts 36992.010105
6d 1 [12 1.000][574.641 -353.540 430.825 -2.9266 -7.3213 -36.9694][0.792443 -0.595405 0.132386 0.596485 0.801828 0.035745 -0.127434 0.050640 0.990553] 
3d 0 
fr 144783
ts 36992.026760
6d 1 [12 1.000][574.644 -353.532 430.835 -2.9267 -7.3196 -36.9719][0.792420 -0.595442 0.132361 0.596522 0.801801 0.035732 -0.127403 0.050641 0.990557] 
3d 0 
fr 144784
ts 36992.043422
6d 1 [12 1.000][574.641 -353.538 430.813 -2.9240 -7.3144 -36.9736][0.792411 -0.595476 0.132261 0.596553 0.801778 0.035719 -0.127314 0.050596 0.990571] 
3d 0 
fr 144785
ts 36992.060070
6d 1 [12 1.000][574.636 -353.566 430.807 -2.9262 -7.3034 -36.9746][0.792421 -0.595492 0.132131 0.596581 0.801764 0.035576 -0.127123 0.050635 0.990594] 
3d 0 
fr 144786
ts 36992.076728
6d 1 [12 1.000][574.636 -353.566 430.807 -2.9262 -7.3034 -36.9746][0.792421 -0.595492 0.132131 0.596581 0.801764 0.035576 -0.127123 0.050635 0.990594] 
3d 0 
fr 144787
ts 36992.093372
6d 1 [12 1.000][574.635 -353.468 430.798 -2.9266 -7.3045 -36.9753][0.792411 -0.595500 0.132150 0.596589 0.801757 0.035584 -0.127143 0.050642 0.990591] 
3d 0 
fr 144788
ts 36992.110034
6d 1 [12 1.000][574.630 -353.538 430.803 -2.9262 -7.3057 -36.9781][0.792380 -0.595540 0.132161 0.596627 0.801728 0.035608 -0.127163 0.050636 0.990588] 
3d 0 
fr 144789
ts 36992.126720
6d 1 [12 1.000][574.630 -353.538 430.803 -2.9262 -7.3057 -36.9781][0.792380 -0.595540 0.132161 0.596627 0.801728 0.035608 -0.127163 0.050636 0.990588] 
3d 0 
fr 144790
ts 36992.143381
6d 1 [12 1.000][574.630 -353.538 430.803 -2.9262 -7.3057 -36.9781][0.792380 -0.595540 0.132161 0.596627 0.801728 0.035608 -0.127163 0.050636 0.990588] 
3d 0 
fr 144791
ts 36992.160056
6d 1 [12 1.000][574.630 -353.538 430.803 -2.9262 -7.3057 -36.9781][0.792380 -0.595540 0.132161 0.596627 0.801728 0.035608 -0.127163 0.050636 0.990588] 
3d 0 
fr 144792
ts 36992.176723
6d 1 [12 1.000][574.630 -353.538 430.803 -2.9262 -7.3057 -36.9781][0.792380 -0.595540 0.132161 0.596627 0.801728 0.035608 -0.127163 0.050636 0.990588] 
3d 0 
fr 144793
ts 36992.193391
6d 1 [12 1.000][574.630 -353.538 430.803 -2.9262 -7.3057 -36.9781][0.792380 -0.595540 0.132161 0.596627 0.801728 0.035608 -0.127163 0.050636 0.990588] 
3d 0 
fr 144794
ts 36992.210056
6d 1 [12 1.000][574.633 -353.624 430.802 -2.9274 -7.3050 -36.9775][0.792388 -0.595529 0.132165 0.596619 0.801735 0.035583 -0.127152 0.050657 0.990589] 
3d 0 
fr 144795
ts 36992.226720
6d 1 [12 1.000][574.634 -353.577 430.806 -2.9294 -7.3063 -36.9762][0.792399 -0.595506 0.132203 0.596600 0.801750 0.035566 -0.127173 0.050690 0.990584] 
3d 0 
fr 144796
ts 36992.243382
6d 1 [12 1.000][574.641 -353.584 430.839 -2.9271 -7.3035 -36.9747][0.792419 -0.595491 0.132142 0.596582 0.801763 0.035566 -0.127126 0.050651 0.990592] 
3d 0 
fr 144797
ts 36992.260041
