fr 162778
ts 58631.875763
6d 1 [12 1.000][1085.943 -264.046 11.369 -5.4862 -1.4881 -122.7352][-0.540575 -0.838668 0.066444 0.840895 -0.536191 0.073444 -0.025969 0.095574 0.995084] 
3d 0 
fr 162779
ts 58631.892447
6d 1 [12 1.000][1085.939 -264.036 11.380 -5.4756 -1.4793 -122.7342][-0.540562 -0.838682 0.066372 0.840908 -0.536202 0.073216 -0.025816 0.095390 0.995105] 
3d 0 
fr 162780
ts 58631.909108
6d 1 [12 1.000][1085.939 -264.036 11.380 -5.4756 -1.4793 -122.7342][-0.540562 -0.838682 0.066372 0.840908 -0.536202 0.073216 -0.025816 0.095390 0.995105] 
3d 0 
fr 162781
ts 58631.925788
6d 1 [12 1.000][1085.939 -264.036 11.380 -5.4756 -1.4793 -122.7342][-0.540562 -0.838682 0.066372 0.840908 -0.536202 0.073216 -0.025816 0.095390 0.995105] 
3d 0 
fr 162782
ts 58631.942448
6d 1 [12 1.000][1085.939 -264.036 11.380 -5.4756 -1.4793 -122.7342][-0.540562 -0.838682 0.066372 0.840908 -0.536202 0.073216 -0.025816 0.095390 0.995105] 
3d 0 
fr 162783
ts 58631.959121
6d 1 [12 1.000][1085.939 -264.036 11.380 -5.4756 -1.4793 -122.7342][-0.540562 -0.838682 0.066372 0.840908 -0.536202 0.073216 -0.025816 0.095390 0.995105] 
3d 0 
fr 162784
ts 58631.975782
6d 1 [12 1.000][1085.939 -264.036 11.380 -5.4756 -1.4793 -122.7342][-0.540562 -0.838682 0.066372 0.840908 -0.536202 0.073216 -0.025816 0.095390 0.995105] 
3d 0 
fr 162785
ts 58631.992444
6d 1 [12 1.000][1085.939 -264.036 11.380 -5.4756 -1.4793 -122.7342][-0.540562 -0.838682 0.066372 0.840908 -0.536202 0.073216 -0.025816 0.095390 0.995105] 
3d 0 
fr 162786
ts 58632.009109
6d 1 [12 1.000][1085.939 -264.036 11.380 -5.4756 -1.4793 -122.7342][-0.540562 -0.838682 0.066372 0.840908 -0.536202 0.073216 -0.025816 0.095390 0.995105] 
3d 0 
fr 162787
ts 58632.025767
6d 1 [12 1.000][1085.939 -264.036 11.380 -5.4756 -1.4793 -122.7342][-0.540562 -0.838682 0.066372 0.840908 -0.536202 0.073216 -0.025816 0.095390 0.995105] 
3d 0 
fr 162788
ts 58632.042430
6d 1 [12 1.000][1085.939 -264.036 11.380 -5.4756 -1.4793 -122.7342][-0.540562 -0.838682 0.066372 0.840908 -0.536202 0.073216 -0.025816 0.095390 0.995105] 
3d 0 
fr 162789
ts 58632.059075
6d 1 [12 1.000][1085.939 -264.036 11.380 -5.4756 -1.4793 -122.7342][-0.540562 -0.838682 0.066372 0.840908 -0.536202 0.073216 -0.025816 0.095390 0.995105] 
3d 0 
fr 162790
ts 58632.075741
6d 1 [12 1.000][1085.939 -264.036 11.380 -5.4756 -1.4793 -122.7342][-0.540562 -0.838682 0.066372 0.840908 -0.536202 0.073216 -0.025816 0.095390 0.995105] 
3d 0 
fr 162791
ts 58632.092381
6d 1 [12 1.000][1085.939 -264.036 11.380 -5.4756 -1.4793 -122.7342][-0.540562 -0.838682 0.066372 0.840908 -0.536202 0.073216 -0.025816 0.095390 0.995105] 
3d 0 
fr 162792
ts 58632.109047
6d 1 [12 1.000][1085.939 -264.036 11.380 -5.4756 -1.4793 -122.7342][-0.540562 -0.838682 0.066372 0.840908 -0.536202 0.073216 -0.025816 0.095390 0.995105] 
3d 0 
fr 162793
ts 58632.125736
6d 1 [12 1.000][1085.939 -264.036 11.380 -5.4756 -1.4793 -122.7342][-0.540562 -0.838682 0.066372 0.840908 -0.536202 0.073216 -0.025816 0.095390 0.995105] 
3d 0 
fr 162794
ts 58632.142399
6d 1 [12 1.000][1085.939 -264.036 11.380 -5.4756 -1.4793 -122.7342][-0.540562 -0.838682 0.066372 0.840908 -0.536202 0.073216 -0.025816 0.095390 0.995105] 
3d 0 
fr 162795
ts 58632.159080
6d 1 [12 1.000][1085.939 -264.036 11.380 -5.4756 -1.4793 -122.7342][-0.540562 -0.838682 0.066372 0.840908 -0.536202 0.073216 -0.025816 0.095390 0.995105] 
3d 0 
fr 162796
ts 58632.175742
6d 1 [12 1.000][1085.939 -264.036 11.380 -5.4756 -1.4793 -122.7342][-0.540562 -0.838682 0.066372 0.840908 -0.536202 0.073216 -0.025816 0.095390 0.995105] 
3d 0 
fr 162797
ts 58632.192417
6d 1 [12 1.000][1085.939 -264.036 11.380 -5.4756 -1.4793 -122.7342][-0.540562 -0.838682 0.066372 0.840908 -0.536202 0.073216 -0.025816 0.095390 0.995105] 
3d 0 
fr 162798
ts 58632.209080
6d 1 [12 1.000][1085.939 -264.036 11.380 -5.4756 -1.4793 -122.7342][-0.540562 -0.838682 0.066372 0.840908 -0.536202 0.073216 -0.025816 0.095390 0.995105] 
3d 0 
fr 162799
ts 58632.225747
6d 1 [12 1.000][1085.939 -264.036 11.380 -5.4756 -1.4793 -122.7342][-0.540562 -0.838682 0.066372 0.840908 -0.536202 0.073216 -0.025816 0.095390 0.995105] 
3d 0 
fr 162800
ts 58632.242409
6d 1 [12 1.000][1085.939 -264.036 11.380 -5.4756 -1.4793 -122.7342][-0.540562 -0.838682 0.066372 0.840908 -0.536202 0.073216 -0.025816 0.095390 0.995105] 
3d 0 
fr 162801
ts 58632.259067
6d 1 [12 1.000][1085.939 -264.036 11.380 -5.4756 -1.4793 -122.7342][-0.540562 -0.838682 0.066372 0.840908 -0.536202 0.073216 -0.025816 0.095390 0.995105] 
3d 0 
fr 162802
ts 58632.275732
6d 1 [12 1.000][1085.939 -264.036 11.380 -5.4756 -1.4793 -122.7342][-0.540562 -0.838682 0.066372 0.840908 -0.536202 0.073216 -0.025816 0.095390 0.995105] 
3d 0 
fr 162803
ts 58632.292387
6d 1 [12 1.000][1085.939 -264.036 11.380 -5.4756 -1.4793 -122.7342][-0.540562 -0.838682 0.066372 0.840908 -0.536202 0.073216 -0.025816 0.095390 0.995105] 
3d 0 
fr 162804
ts 58632.309049
6d 1 [12 1.000][1085.982 -264.048 11.384 -5.4731 -1.4801 -122.7337][-0.540555 -0.838690 0.066329 0.840912 -0.536198 0.073203 -0.025829 0.095347 0.995109] 
3d 0 
fr 162805
ts 58632.325697
6d 1 [12 1.000][1085.937 -264.049 11.377 -5.4542 -1.4899 -122.7270][-0.540453 -0.838784 0.065969 0.840972 -0.536109 0.073162 -0.026001 0.095018 0.995136] 
3d 0 
fr 162806
ts 58632.342359
6d 1 [12 1.000][1085.937 -264.049 11.377 -5.4542 -1.4899 -122.7270][-0.540453 -0.838784 0.065969 0.840972 -0.536109 0.073162 -0.026001 0.095018 0.995136] 
3d 0 
fr 162807
ts 58632.359049
6d 1 [12 1.000][1085.937 -264.049 11.377 -5.4542 -1.4899 -122.7270][-0.540453 -0.838784 0.065969 0.840972 -0.536109 0.073162 -0.026001 0.095018 0.995136] 
3d 0 
fr 162808
ts 58632.375714
6d 1 [12 1.000][1085.959 -264.042 11.372 -5.4540 -1.4890 -122.7269][-0.540453 -0.838784 0.065974 0.840973 -0.536110 0.073147 -0.025985 0.095015 0.995137] 
3d 0 
fr 162809
ts 58632.392395
6d 1 [12 1.000][1085.947 -264.042 11.372 -5.4516 -1.4836 -122.7283][-0.540475 -0.838768 0.065987 0.840961 -0.536142 0.073047 -0.025891 0.094973 0.995143] 
3d 0 
fr 162810
ts 58632.409060
6d 1 [12 1.000][1085.947 -264.042 11.372 -5.4516 -1.4836 -122.7283][-0.540475 -0.838768 0.065987 0.840961 -0.536142 0.073047 -0.025891 0.094973 0.995143] 
3d 0 
fr 162811
ts 58632.425739
6d 1 [12 1.000][1085.947 -264.042 11.372 -5.4516 -1.4836 -122.7283][-0.540475 -0.838768 0.065987 0.840961 -0.536142 0.073047 -0.025891 0.094973 0.995143] 
3d 0 
fr 162812
ts 58632.442401
6d 1 [12 1.000][1085.947 -264.042 11.372 -5.4516 -1.4836 -122.7283][-0.540475 -0.838768 0.065987 0.840961 -0.536142 0.073047 -0.025891 0.094973 0.995143] 
3d 0 
fr 162813
ts 58632.459073
6d 1 [12 1.000][1085.959 -264.029 11.312 -5.4535 -1.4823 -122.7287][-0.540481 -0.838761 0.066027 0.840958 -0.536147 0.073047 -0.025869 0.095007 0.995140] 
3d 0 
fr 162814
ts 58632.475736
6d 1 [12 1.000][1085.939 -264.033 11.331 -5.4690 -1.4728 -122.7317][-0.540527 -0.838707 0.066340 0.840934 -0.536184 0.073056 -0.025702 0.095276 0.995119] 
3d 0 
fr 162815
ts 58632.492400
6d 1 [12 1.000][1085.873 -264.035 11.406 -5.4687 -1.4735 -122.7315][-0.540524 -0.838710 0.066330 0.840935 -0.536181 0.073063 -0.025714 0.095271 0.995119] 
3d 0 
fr 162816
ts 58632.509061
6d 1 [12 1.000][1085.902 -264.034 11.364 -5.4685 -1.4746 -122.7313][-0.540520 -0.838713 0.066316 0.840937 -0.536176 0.073076 -0.025733 0.095267 0.995119] 
3d 0 
fr 162817
ts 58632.525719
6d 1 [12 1.000][1085.900 -264.028 11.347 -5.4707 -1.4773 -122.7303][-0.540506 -0.838722 0.066324 0.840945 -0.536155 0.073136 -0.025781 0.095305 0.995114] 
3d 0 
fr 162818
ts 58632.542382
6d 1 [12 1.000][1085.931 -264.035 11.425 -5.4694 -1.4772 -122.7301][-0.540502 -0.838726 0.066306 0.840948 -0.536153 0.073121 -0.025778 0.095282 0.995116] 
3d 0 
fr 162819
ts 58632.559032
6d 1 [12 1.000][1085.921 -264.027 11.377 -5.4735 -1.4800 -122.7277][-0.540467 -0.838745 0.066342 0.840968 -0.536110 0.073199 -0.025828 0.095354 0.995108] 
3d 0 
fr 162820
ts 58632.575694
6d 1 [12 1.000][1085.918 -264.022 11.377 -5.4735 -1.4860 -122.7269][-0.540453 -0.838759 0.066287 0.840975 -0.536089 0.073285 -0.025932 0.095353 0.995106] 
3d 0 
fr 162821
ts 58632.592335
6d 1 [12 1.000][1085.931 -264.013 11.433 -5.4744 -1.4861 -122.7270][-0.540455 -0.838756 0.066299 0.840973 -0.536090 0.073295 -0.025934 0.095368 0.995104] 
3d 0 
fr 162822
ts 58632.609000
6d 1 [12 1.000][1085.917 -264.010 11.413 -5.4754 -1.4857 -122.7271][-0.540456 -0.838754 0.066318 0.840972 -0.536090 0.073298 -0.025927 0.095386 0.995103] 
3d 0 
fr 162823
ts 58632.625690
6d 1 [12 1.000][1085.908 -264.006 11.344 -5.4820 -1.4870 -122.7273][-0.540459 -0.838746 0.066402 0.840970 -0.536083 0.073381 -0.025951 0.095502 0.995091] 
3d 0 
fr 162824
ts 58632.642346
6d 1 [12 1.000][1085.908 -264.006 11.344 -5.4820 -1.4870 -122.7273][-0.540459 -0.838746 0.066402 0.840970 -0.536083 0.073381 -0.025951 0.095502 0.995091] 
3d 0 
fr 162825
ts 58632.659034
6d 1 [12 1.000][1085.908 -264.006 11.344 -5.4820 -1.4870 -122.7273][-0.540459 -0.838746 0.066402 0.840970 -0.536083 0.073381 -0.025951 0.095502 0.995091] 
3d 0 
fr 162826
ts 58632.675695
6d 1 [12 1.000][1085.902 -264.026 11.375 -5.4822 -1.4875 -122.7274][-0.540461 -0.838745 0.066400 0.840969 -0.536084 0.073390 -0.025959 0.095505 0.995090] 
3d 0 
fr 162827
ts 58632.692371
6d 1 [12 1.000][1085.917 -264.074 11.387 -5.4806 -1.4855 -122.7282][-0.540473 -0.838737 0.066394 0.840962 -0.536101 0.073345 -0.025923 0.095476 0.995094] 
3d 0 
fr 162828
ts 58632.709032
6d 1 [12 1.000][1085.943 -264.058 11.479 -5.4785 -1.4862 -122.7283][-0.540474 -0.838740 0.066357 0.840961 -0.536103 0.073337 -0.025936 0.095440 0.995097] 
3d 0 
fr 162829
ts 58632.725700
6d 1 [12 1.000][1085.917 -264.037 11.423 -5.4771 -1.4878 -122.7304][-0.540505 -0.838723 0.066319 0.840940 -0.536134 0.073348 -0.025963 0.095415 0.995099] 
3d 0 
fr 162830
ts 58632.742363
6d 1 [12 1.000][1085.917 -264.037 11.423 -5.4771 -1.4878 -122.7304][-0.540505 -0.838723 0.066319 0.840940 -0.536134 0.073348 -0.025963 0.095415 0.995099] 
3d 0 
fr 162831
ts 58632.759024
6d 1 [12 1.000][1085.917 -264.037 11.423 -5.4771 -1.4878 -122.7304][-0.540505 -0.838723 0.066319 0.840940 -0.536134 0.073348 -0.025963 0.095415 0.995099] 
3d 0 
fr 162832
ts 58632.775686
6d 1 [12 1.000][1085.917 -264.037 11.423 -5.4771 -1.4878 -122.7304][-0.540505 -0.838723 0.066319 0.840940 -0.536134 0.073348 -0.025963 0.095415 0.995099] 
3d 0 
fr 162833
ts 58632.792341
6d 1 [12 1.000][1085.917 -264.037 11.423 -5.4771 -1.4878 -122.7304][-0.540505 -0.838723 0.066319 0.840940 -0.536134 0.073348 -0.025963 0.095415 0.995099] 
3d 0 
fr 162834
ts 58632.809003
6d 1 [12 1.000][1085.917 -264.037 11.423 -5.4771 -1.4878 -122.7304][-0.540505 -0.838723 0.066319 0.840940 -0.536134 0.073348 -0.025963 0.095415 0.995099] 
3d 0 
fr 162835
ts 58632.825650
6d 1 [12 1.000][1085.917 -264.037 11.423 -5.4771 -1.4878 -122.7304][-0.540505 -0.838723 0.066319 0.840940 -0.536134 0.073348 -0.025963 0.095415 0.995099] 
3d 0 
fr 162836
ts 58632.842312
6d 1 [12 1.000][1085.917 -264.037 11.423 -5.4771 -1.4878 -122.7304][-0.540505 -0.838723 0.066319 0.840940 -0.536134 0.073348 -0.025963 0.095415 0.995099] 
3d 0 
fr 162837
ts 58632.858953
6d 1 [12 1.000][1085.917 -264.037 11.423 -5.4771 -1.4878 -122.7304][-0.540505 -0.838723 0.066319 0.840940 -0.536134 0.073348 -0.025963 0.095415 0.995099] 
3d 0 
fr 162838
ts 58632.875617
6d 1 [12 1.000][1085.899 -263.994 11.388 -5.4776 -1.4911 -122.7299][-0.540496 -0.838731 0.066296 0.840944 -0.536121 0.073401 -0.026021 0.095425 0.995096] 
3d 0 
fr 162839
ts 58632.892301
6d 1 [12 1.000][1085.900 -263.986 11.390 -5.4838 -1.4950 -122.7289][-0.540480 -0.838736 0.066352 0.840952 -0.536092 0.073515 -0.026089 0.095532 0.995084] 
3d 0 
fr 162840
ts 58632.908963
6d 1 [12 1.000][1085.898 -264.007 11.381 -5.4824 -1.4987 -122.7281][-0.540469 -0.838748 0.066297 0.840958 -0.536078 0.073555 -0.026153 0.095507 0.995085] 
3d 0 
fr 162841
ts 58632.925641
6d 1 [12 1.000][1085.893 -264.017 11.384 -5.4870 -1.5225 -122.7236][-0.540396 -0.838807 0.066147 0.840991 -0.535972 0.073941 -0.026569 0.095586 0.995067] 
3d 0 
fr 162842
ts 58632.942305
6d 1 [12 1.000][1085.893 -264.017 11.384 -5.4870 -1.5225 -122.7236][-0.540396 -0.838807 0.066147 0.840991 -0.535972 0.073941 -0.026569 0.095586 0.995067] 
3d 0 
fr 162843
ts 58632.958976
6d 1 [12 1.000][1085.893 -264.017 11.384 -5.4870 -1.5225 -122.7236][-0.540396 -0.838807 0.066147 0.840991 -0.535972 0.073941 -0.026569 0.095586 0.995067] 
3d 0 
fr 162844
ts 58632.975637
6d 1 [12 1.000][1085.893 -264.017 11.384 -5.4870 -1.5225 -122.7236][-0.540396 -0.838807 0.066147 0.840991 -0.535972 0.073941 -0.026569 0.095586 0.995067] 
3d 0 
fr 162845
ts 58632.992303
6d 1 [12 1.000][1085.893 -264.017 11.384 -5.4870 -1.5225 -122.7236][-0.540396 -0.838807 0.066147 0.840991 -0.535972 0.073941 -0.026569 0.095586 0.995067] 
3d 0 
fr 162846
ts 58633.008965
6d 1 [12 1.000][1085.893 -264.017 11.384 -5.4870 -1.5225 -122.7236][-0.540396 -0.838807 0.066147 0.840991 -0.535972 0.073941 -0.026569 0.095586 0.995067] 
3d 0 
fr 162847
ts 58633.025619
6d 1 [12 1.000][1085.893 -264.017 11.384 -5.4870 -1.5225 -122.7236][-0.540396 -0.838807 0.066147 0.840991 -0.535972 0.073941 -0.026569 0.095586 0.995067] 
3d 0 
fr 162848
ts 58633.042284
6d 1 [12 1.000][1085.893 -264.017 11.384 -5.4870 -1.5225 -122.7236][-0.540396 -0.838807 0.066147 0.840991 -0.535972 0.073941 -0.026569 0.095586 0.995067] 
3d 0 
fr 162849
ts 58633.058936
6d 1 [12 1.000][1085.995 -264.034 11.380 -5.4870 -1.5203 -122.7238][-0.540400 -0.838803 0.066167 0.840990 -0.535979 0.073910 -0.026532 0.095587 0.995067] 
3d 0 
fr 162850
ts 58633.075597
6d 1 [12 1.000][1085.931 -264.033 11.380 -5.4885 -1.5069 -122.7235][-0.540399 -0.838792 0.066315 0.840998 -0.535991 0.073727 -0.026297 0.095612 0.995071] 
3d 0 
fr 162851
ts 58633.092243
6d 1 [12 1.000][1085.931 -264.033 11.380 -5.4885 -1.5069 -122.7235][-0.540399 -0.838792 0.066315 0.840998 -0.535991 0.073727 -0.026297 0.095612 0.995071] 
3d 0 
fr 162852
ts 58633.108904
6d 1 [12 1.000][1085.931 -264.033 11.380 -5.4885 -1.5069 -122.7235][-0.540399 -0.838792 0.066315 0.840998 -0.535991 0.073727 -0.026297 0.095612 0.995071] 
3d 0 
fr 162853
ts 58633.125594
6d 1 [12 1.000][1085.931 -264.033 11.380 -5.4885 -1.5069 -122.7235][-0.540399 -0.838792 0.066315 0.840998 -0.535991 0.073727 -0.026297 0.095612 0.995071] 
3d 0 
fr 162854
ts 58633.142256
6d 1 [12 1.000][1085.931 -264.033 11.380 -5.4885 -1.5069 -122.7235][-0.540399 -0.838792 0.066315 0.840998 -0.535991 0.073727 -0.026297 0.095612 0.995071] 
3d 0 
fr 162855
ts 58633.158935
6d 1 [12 1.000][1085.931 -264.033 11.380 -5.4885 -1.5069 -122.7235][-0.540399 -0.838792 0.066315 0.840998 -0.535991 0.073727 -0.026297 0.095612 0.995071] 
3d 0 
fr 162856
ts 58633.175600
6d 1 [12 1.000][1085.931 -264.033 11.380 -5.4885 -1.5069 -122.7235][-0.540399 -0.838792 0.066315 0.840998 -0.535991 0.073727 -0.026297 0.095612 0.995071] 
3d 0 
fr 162857
ts 58633.192276
6d 1 [12 1.000][1085.931 -264.033 11.380 -5.4885 -1.5069 -122.7235][-0.540399 -0.838792 0.066315 0.840998 -0.535991 0.073727 -0.026297 0.095612 0.995071] 
3d 0 
fr 162858
ts 58633.208937
6d 1 [12 1.000][1085.931 -264.033 11.380 -5.4885 -1.5069 -122.7235][-0.540399 -0.838792 0.066315 0.840998 -0.535991 0.073727 -0.026297 0.095612 0.995071] 
3d 0 
fr 162859
ts 58633.225603
6d 1 [12 1.000][1085.931 -264.033 11.380 -5.4885 -1.5069 -122.7235][-0.540399 -0.838792 0.066315 0.840998 -0.535991 0.073727 -0.026297 0.095612 0.995071] 
3d 0 
fr 162860
ts 58633.242269
6d 1 [12 1.000][1085.914 -264.007 11.347 -5.4893 -1.5117 -122.7237][-0.540400 -0.838794 0.066281 0.840995 -0.535986 0.073805 -0.026382 0.095626 0.995068] 
3d 0 
fr 162861
ts 58633.258931
6d 1 [12 1.000][1085.904 -264.026 11.340 -5.4841 -1.4905 -122.7241][-0.540412 -0.838776 0.066404 0.840998 -0.536029 0.073448 -0.026012 0.095537 0.995086] 
3d 0 
fr 162862
ts 58633.275592
6d 1 [12 1.000][1085.904 -264.026 11.340 -5.4841 -1.4905 -122.7241][-0.540412 -0.838776 0.066404 0.840998 -0.536029 0.073448 -0.026012 0.095537 0.995086] 
3d 0 
fr 162863
ts 58633.292247
6d 1 [12 1.000][1085.904 -264.026 11.340 -5.4841 -1.4905 -122.7241][-0.540412 -0.838776 0.066404 0.840998 -0.536029 0.073448 -0.026012 0.095537 0.995086] 
3d 0 
fr 162864
ts 58633.308909
6d 1 [12 1.000][1085.904 -264.026 11.340 -5.4841 -1.4905 -122.7241][-0.540412 -0.838776 0.066404 0.840998 -0.536029 0.073448 -0.026012 0.095537 0.995086] 
3d 0 
fr 162865
ts 58633.325557
6d 1 [12 1.000][1085.904 -264.026 11.340 -5.4841 -1.4905 -122.7241][-0.540412 -0.838776 0.066404 0.840998 -0.536029 0.073448 -0.026012 0.095537 0.995086] 
3d 0 
fr 162866
ts 58633.342219
6d 1 [12 1.000][1085.904 -264.026 11.340 -5.4841 -1.4905 -122.7241][-0.540412 -0.838776 0.066404 0.840998 -0.536029 0.073448 -0.026012 0.095537 0.995086] 
3d 0 
fr 162867
ts 58633.358858
6d 1 [12 1.000][1085.898 -264.046 11.372 -5.4828 -1.4907 -122.7244][-0.540415 -0.838776 0.066383 0.840996 -0.536034 0.073438 -0.026015 0.095515 0.995088] 
3d 0 
fr 162868
ts 58633.375523
6d 1 [12 1.000][1085.898 -264.046 11.382 -5.4807 -1.4907 -122.7241][-0.540412 -0.838780 0.066351 0.840998 -0.536033 0.073418 -0.026015 0.095477 0.995092] 
3d 0 
fr 162869
ts 58633.392203
6d 1 [12 1.000][1085.899 -264.034 11.360 -5.4732 -1.4929 -122.7258][-0.540436 -0.838775 0.066220 0.840982 -0.536064 0.073382 -0.026053 0.095348 0.995103] 
3d 0 
fr 162870
ts 58633.408870
6d 1 [12 1.000][1085.902 -264.037 11.386 -5.4735 -1.4948 -122.7257][-0.540434 -0.838777 0.066206 0.840982 -0.536060 0.073412 -0.026086 0.095353 0.995102] 
3d 0 
fr 162871
ts 58633.425545
6d 1 [12 1.000][1085.902 -264.031 11.395 -5.4728 -1.4960 -122.7250][-0.540424 -0.838786 0.066186 0.840988 -0.536049 0.073422 -0.026107 0.095340 0.995102] 
3d 0 
fr 162872
ts 58633.442210
6d 1 [12 1.000][1085.897 -264.034 11.381 -5.4716 -1.5045 -122.7223][-0.540382 -0.838820 0.066092 0.841010 -0.535999 0.073532 -0.026255 0.095319 0.995100] 
3d 0 
fr 162873
ts 58633.458883
6d 1 [12 1.000][1085.897 -264.034 11.381 -5.4716 -1.5045 -122.7223][-0.540382 -0.838820 0.066092 0.841010 -0.535999 0.073532 -0.026255 0.095319 0.995100] 
3d 0 
fr 162874
ts 58633.475546
6d 1 [12 1.000][1085.897 -264.034 11.381 -5.4716 -1.5045 -122.7223][-0.540382 -0.838820 0.066092 0.841010 -0.535999 0.073532 -0.026255 0.095319 0.995100] 
3d 0 
fr 162875
ts 58633.492211
6d 1 [12 1.000][1085.897 -264.034 11.381 -5.4716 -1.5045 -122.7223][-0.540382 -0.838820 0.066092 0.841010 -0.535999 0.073532 -0.026255 0.095319 0.995100] 
3d 0 
fr 162876
ts 58633.508873
6d 1 [12 1.000][1085.897 -264.034 11.381 -5.4716 -1.5045 -122.7223][-0.540382 -0.838820 0.066092 0.841010 -0.535999 0.073532 -0.026255 0.095319 0.995100] 
3d 0 
fr 162877
ts 58633.525531
6d 1 [12 1.000][1085.897 -264.034 11.381 -5.4716 -1.5045 -122.7223][-0.540382 -0.838820 0.066092 0.841010 -0.535999 0.073532 -0.026255 0.095319 0.995100] 
3d 0 
fr 162878
ts 58633.542193
6d 1 [12 1.000][1085.897 -264.034 11.381 -5.4716 -1.5045 -122.7223][-0.540382 -0.838820 0.066092 0.841010 -0.535999 0.073532 -0.026255 0.095319 0.995100] 
3d 0 
fr 162879
ts 58633.558842
6d 1 [12 1.000][1085.897 -264.034 11.381 -5.4716 -1.5045 -122.7223][-0.540382 -0.838820 0.066092 0.841010 -0.535999 0.073532 -0.026255 0.095319 0.995100] 
3d 0 
fr 162880
ts 58633.575507
6d 1 [12 1.000][1085.897 -264.034 11.381 -5.4716 -1.5045 -122.7223][-0.540382 -0.838820 0.066092 0.841010 -0.535999 0.073532 -0.026255 0.095319 0.995100] 
3d 0 
fr 162881
ts 58633.592152
6d 1 [12 1.000][1085.897 -264.034 11.381 -5.4716 -1.5045 -122.7223][-0.540382 -0.838820 0.066092 0.841010 -0.535999 0.073532 -0.026255 0.095319 0.995100] 
3d 0 
fr 162882
ts 58633.608813
6d 1 [12 1.000][1085.897 -264.034 11.381 -5.4716 -1.5045 -122.7223][-0.540382 -0.838820 0.066092 0.841010 -0.535999 0.073532 -0.026255 0.095319 0.995100] 
3d 0 
fr 162883
ts 58633.625499
6d 1 [12 1.000][1085.897 -264.034 11.381 -5.4716 -1.5045 -122.7223][-0.540382 -0.838820 0.066092 0.841010 -0.535999 0.073532 -0.026255 0.095319 0.995100] 
3d 0 
fr 162884
ts 58633.642165
6d 1 [12 1.000][1085.932 -264.063 11.318 -5.4725 -1.5032 -122.7222][-0.540380 -0.838819 0.066117 0.841012 -0.535998 0.073523 -0.026234 0.095336 0.995099] 
3d 0 
fr 162885
ts 58633.658848
6d 1 [12 1.000][1085.943 -264.063 11.349 -5.4730 -1.4919 -122.7206][-0.540359 -0.838824 0.066233 0.841032 -0.535989 0.073360 -0.026036 0.095345 0.995104] 
3d 0 
fr 162886
ts 58633.675510
6d 1 [12 1.000][1085.943 -264.063 11.349 -5.4730 -1.4919 -122.7206][-0.540359 -0.838824 0.066233 0.841032 -0.535989 0.073360 -0.026036 0.095345 0.995104] 
3d 0 
fr 162887
ts 58633.692182
6d 1 [12 1.000][1085.943 -264.063 11.349 -5.4730 -1.4919 -122.7206][-0.540359 -0.838824 0.066233 0.841032 -0.535989 0.073360 -0.026036 0.095345 0.995104] 
3d 0 
fr 162888
ts 58633.708847
6d 1 [12 1.000][1085.908 -263.997 11.344 -5.4748 -1.4905 -122.7217][-0.540376 -0.838810 0.066271 0.841021 -0.536005 0.073357 -0.026011 0.095375 0.995101] 
3d 0 
fr 162889
ts 58633.725517
6d 1 [12 1.000][1085.951 -264.036 11.353 -5.4855 -1.4789 -122.7312][-0.540518 -0.838699 0.066523 0.840937 -0.536146 0.073299 -0.025809 0.095561 0.995089] 
3d 0 
fr 162890
ts 58633.742178
6d 1 [12 1.000][1085.951 -264.036 11.353 -5.4855 -1.4789 -122.7312][-0.540518 -0.838699 0.066523 0.840937 -0.536146 0.073299 -0.025809 0.095561 0.995089] 
3d 0 
fr 162891
ts 58633.758837
6d 1 [12 1.000][1085.871 -264.047 11.349 -5.4850 -1.4803 -122.7313][-0.540520 -0.838699 0.066504 0.840934 -0.536148 0.073314 -0.025833 0.095553 0.995089] 
3d 0 
fr 162892
ts 58633.775503
6d 1 [12 1.000][1085.932 -264.042 11.348 -5.4842 -1.4865 -122.7343][-0.540561 -0.838678 0.066430 0.840905 -0.536183 0.073400 -0.025941 0.095539 0.995088] 
3d 0 
fr 162893
ts 58633.792155
6d 1 [12 1.000][1085.932 -264.042 11.348 -5.4842 -1.4865 -122.7343][-0.540561 -0.838678 0.066430 0.840905 -0.536183 0.073400 -0.025941 0.095539 0.995088] 
3d 0 
fr 162894
ts 58633.808819
6d 1 [12 1.000][1085.932 -264.042 11.348 -5.4842 -1.4865 -122.7343][-0.540561 -0.838678 0.066430 0.840905 -0.536183 0.073400 -0.025941 0.095539 0.995088] 
3d 0 
fr 162895
ts 58633.825465
6d 1 [12 1.000][1085.932 -264.042 11.348 -5.4842 -1.4865 -122.7343][-0.540561 -0.838678 0.066430 0.840905 -0.536183 0.073400 -0.025941 0.095539 0.995088] 
3d 0 
fr 162896
ts 58633.842130
6d 1 [12 1.000][1085.932 -264.042 11.348 -5.4842 -1.4865 -122.7343][-0.540561 -0.838678 0.066430 0.840905 -0.536183 0.073400 -0.025941 0.095539 0.995088] 
3d 0 
fr 162897
ts 58633.858771
6d 1 [12 1.000][1085.932 -264.042 11.348 -5.4842 -1.4865 -122.7343][-0.540561 -0.838678 0.066430 0.840905 -0.536183 0.073400 -0.025941 0.095539 0.995088] 
3d 0 
fr 162898
ts 58633.875435
6d 1 [12 1.000][1085.932 -264.042 11.348 -5.4842 -1.4865 -122.7343][-0.540561 -0.838678 0.066430 0.840905 -0.536183 0.073400 -0.025941 0.095539 0.995088] 
3d 0 
fr 162899
ts 58633.892116
6d 1 [12 1.000][1085.932 -264.042 11.348 -5.4842 -1.4865 -122.7343][-0.540561 -0.838678 0.066430 0.840905 -0.536183 0.073400 -0.025941 0.095539 0.995088] 
3d 0 
fr 162900
ts 58633.908782
6d 1 [12 1.000][1085.932 -264.042 11.348 -5.4842 -1.4865 -122.7343][-0.540561 -0.838678 0.066430 0.840905 -0.536183 0.073400 -0.025941 0.095539 0.995088] 
3d 0 
fr 162901
ts 58633.925461
6d 1 [12 1.000][1085.932 -264.042 11.348 -5.4842 -1.4865 -122.7343][-0.540561 -0.838678 0.066430 0.840905 -0.536183 0.073400 -0.025941 0.095539 0.995088] 
3d 0 
fr 162902
ts 58633.942123
6d 1 [12 1.000][1085.932 -264.042 11.348 -5.4842 -1.4865 -122.7343][-0.540561 -0.838678 0.066430 0.840905 -0.536183 0.073400 -0.025941 0.095539 0.995088] 
3d 0 
fr 162903
ts 58633.958796
6d 1 [12 1.000][1085.932 -264.042 11.348 -5.4842 -1.4865 -122.7343][-0.540561 -0.838678 0.066430 0.840905 -0.536183 0.073400 -0.025941 0.095539 0.995088] 
3d 0 
fr 162904
ts 58633.975458
6d 1 [12 1.000][1085.932 -264.042 11.348 -5.4842 -1.4865 -122.7343][-0.540561 -0.838678 0.066430 0.840905 -0.536183 0.073400 -0.025941 0.095539 0.995088] 
3d 0 
fr 162905
ts 58633.992123
6d 1 [12 1.000][1085.960 -264.042 11.377 -5.4836 -1.4864 -122.7338][-0.540554 -0.838683 0.066423 0.840909 -0.536176 0.073394 -0.025940 0.095529 0.995089] 
3d 0 
fr 162906
ts 58634.008786
6d 1 [12 1.000][1085.933 -264.032 11.363 -5.4843 -1.4899 -122.7283][-0.540473 -0.838737 0.066407 0.840960 -0.536090 0.073444 -0.026000 0.095540 0.995086] 
3d 0 
fr 162907
ts 58634.025444
6d 1 [12 1.000][1085.933 -264.032 11.363 -5.4843 -1.4899 -122.7283][-0.540473 -0.838737 0.066407 0.840960 -0.536090 0.073444 -0.026000 0.095540 0.995086] 
3d 0 
fr 162908
ts 58634.042106
6d 1 [12 1.000][1085.933 -264.032 11.363 -5.4843 -1.4899 -122.7283][-0.540473 -0.838737 0.066407 0.840960 -0.536090 0.073444 -0.026000 0.095540 0.995086] 
3d 0 
fr 162909
ts 58634.058758
6d 1 [12 1.000][1085.933 -264.032 11.363 -5.4843 -1.4899 -122.7283][-0.540473 -0.838737 0.066407 0.840960 -0.536090 0.073444 -0.026000 0.095540 0.995086] 
3d 0 
fr 162910
ts 58634.075420
6d 1 [12 1.000][1085.933 -264.032 11.363 -5.4843 -1.4899 -122.7283][-0.540473 -0.838737 0.066407 0.840960 -0.536090 0.073444 -0.026000 0.095540 0.995086] 
3d 0 
fr 162911
ts 58634.092065
6d 1 [12 1.000][1085.933 -264.032 11.363 -5.4843 -1.4899 -122.7283][-0.540473 -0.838737 0.066407 0.840960 -0.536090 0.073444 -0.026000 0.095540 0.995086] 
3d 0 
fr 162912
ts 58634.108726
6d 1 [12 1.000][1085.933 -264.032 11.363 -5.4843 -1.4899 -122.7283][-0.540473 -0.838737 0.066407 0.840960 -0.536090 0.073444 -0.026000 0.095540 0.995086] 
3d 0 
fr 162913
ts 58634.125413
6d 1 [12 1.000][1085.933 -264.032 11.363 -5.4843 -1.4899 -122.7283][-0.540473 -0.838737 0.066407 0.840960 -0.536090 0.073444 -0.026000 0.095540 0.995086] 
3d 0 
fr 162914
ts 58634.142079
6d 1 [12 1.000][1085.933 -264.032 11.363 -5.4843 -1.4899 -122.7283][-0.540473 -0.838737 0.066407 0.840960 -0.536090 0.073444 -0.026000 0.095540 0.995086] 
3d 0 
fr 162915
ts 58634.158759
6d 1 [12 1.000][1085.933 -264.032 11.363 -5.4843 -1.4899 -122.7283][-0.540473 -0.838737 0.066407 0.840960 -0.536090 0.073444 -0.026000 0.095540 0.995086] 
3d 0 
fr 162916
ts 58634.175423
6d 1 [12 1.000][1085.933 -264.032 11.363 -5.4843 -1.4899 -122.7283][-0.540473 -0.838737 0.066407 0.840960 -0.536090 0.073444 -0.026000 0.095540 0.995086] 
3d 0 
fr 162917
ts 58634.192101
6d 1 [12 1.000][1085.933 -264.032 11.363 -5.4843 -1.4899 -122.7283][-0.540473 -0.838737 0.066407 0.840960 -0.536090 0.073444 -0.026000 0.095540 0.995086] 
3d 0 
fr 162918
ts 58634.208761
6d 1 [12 1.000][1085.933 -264.032 11.363 -5.4843 -1.4899 -122.7283][-0.540473 -0.838737 0.066407 0.840960 -0.536090 0.073444 -0.026000 0.095540 0.995086] 
3d 0 
fr 162919
ts 58634.225428
6d 1 [12 1.000][1085.933 -264.032 11.363 -5.4843 -1.4899 -122.7283][-0.540473 -0.838737 0.066407 0.840960 -0.536090 0.073444 -0.026000 0.095540 0.995086] 
3d 0 
fr 162920
ts 58634.242093
6d 1 [12 1.000][1085.938 -264.019 11.308 -5.4851 -1.4881 -122.7282][-0.540472 -0.838735 0.066436 0.840961 -0.536090 0.073427 -0.025970 0.095555 0.995085] 
3d 0 
fr 162921
ts 58634.258755
6d 1 [12 1.000][1085.944 -264.022 11.328 -5.4902 -1.4759 -122.7246][-0.540422 -0.838752 0.066630 0.841000 -0.536048 0.073291 -0.025756 0.095644 0.995082] 
3d 0 
fr 162922
ts 58634.275417
6d 1 [12 1.000][1085.944 -264.022 11.328 -5.4902 -1.4759 -122.7246][-0.540422 -0.838752 0.066630 0.841000 -0.536048 0.073291 -0.025756 0.095644 0.995082] 
3d 0 
fr 162923
ts 58634.292073
6d 1 [12 1.000][1085.943 -264.072 11.335 -5.4858 -1.4764 -122.7245][-0.540421 -0.838758 0.066561 0.841000 -0.536052 0.073257 -0.025765 0.095567 0.995089] 
3d 0 
fr 162924
ts 58634.308734
6d 1 [12 1.000][1085.950 -264.079 11.346 -5.4780 -1.4765 -122.7245][-0.540420 -0.838768 0.066445 0.841001 -0.536062 0.073185 -0.025767 0.095431 0.995103] 
3d 0 
fr 162925
ts 58634.325379
6d 1 [12 1.000][1085.948 -264.056 11.416 -5.4821 -1.4815 -122.7252][-0.540429 -0.838761 0.066458 0.840992 -0.536060 0.073298 -0.025854 0.095503 0.995093] 
3d 0 
fr 162926
ts 58634.342046
6d 1 [12 1.000][1085.938 -264.054 11.391 -5.4782 -1.4944 -122.7241][-0.540410 -0.838787 0.066281 0.840998 -0.536030 0.073450 -0.026080 0.095435 0.995094] 
3d 0 
fr 162927
ts 58634.358686
6d 1 [12 1.000][1085.932 -263.971 11.390 -5.4760 -1.4918 -122.7227][-0.540390 -0.838801 0.066274 0.841012 -0.536016 0.073388 -0.026034 0.095396 0.995099] 
3d 0 
fr 162928
ts 58634.375351
6d 1 [12 1.000][1085.930 -263.994 11.372 -5.4757 -1.4954 -122.7219][-0.540378 -0.838811 0.066239 0.841018 -0.536000 0.073437 -0.026096 0.095392 0.995098] 
3d 0 
fr 162929
ts 58634.392036
6d 1 [12 1.000][1085.926 -264.008 11.370 -5.4769 -1.4995 -122.7216][-0.540373 -0.838816 0.066217 0.841019 -0.535989 0.073509 -0.026169 0.095412 0.995094] 
3d 0 
fr 162930
ts 58634.408697
6d 1 [12 1.000][1085.919 -264.003 11.364 -5.4762 -1.5018 -122.7213][-0.540368 -0.838822 0.066186 0.841021 -0.535982 0.073536 -0.026209 0.095400 0.995094] 
3d 0 
fr 162931
ts 58634.425374
6d 1 [12 1.000][1085.927 -263.992 11.376 -5.4716 -1.4983 -122.7228][-0.540390 -0.838810 0.066150 0.841008 -0.536014 0.073443 -0.026147 0.095320 0.995103] 
3d 0 
fr 162932
ts 58634.442040
6d 1 [12 1.000][1086.000 -264.014 11.368 -5.4742 -1.4925 -122.7271][-0.540454 -0.838762 0.066236 0.840970 -0.536082 0.073386 -0.026045 0.095365 0.995102] 
3d 0 
fr 162933
ts 58634.458712
6d 1 [12 1.000][1085.947 -264.021 11.363 -5.4730 -1.4997 -122.7241][-0.540409 -0.838798 0.066155 0.840996 -0.536029 0.073478 -0.026172 0.095344 0.995100] 
3d 0 
fr 162934
ts 58634.475374
6d 1 [12 1.000][1085.947 -264.021 11.363 -5.4730 -1.4997 -122.7241][-0.540409 -0.838798 0.066155 0.840996 -0.536029 0.073478 -0.026172 0.095344 0.995100] 
3d 0 
fr 162935
ts 58634.492040
6d 1 [12 1.000][1085.962 -264.040 11.382 -5.4722 -1.4976 -122.7246][-0.540417 -0.838792 0.066161 0.840991 -0.536042 0.073440 -0.026135 0.095329 0.995103] 
3d 0 
fr 162936
ts 58634.508702
6d 1 [12 1.000][1085.950 -264.092 11.382 -5.4714 -1.4966 -122.7253][-0.540427 -0.838786 0.066159 0.840985 -0.536054 0.073418 -0.026118 0.095316 0.995104] 
3d 0 
fr 162937
ts 58634.525361
6d 1 [12 1.000][1085.943 -264.078 11.381 -5.4705 -1.4961 -122.7250][-0.540423 -0.838789 0.066152 0.840988 -0.536051 0.073403 -0.026108 0.095302 0.995106] 
3d 0 
fr 162938
ts 58634.542023
6d 1 [12 1.000][1085.944 -264.084 11.381 -5.4680 -1.4946 -122.7254][-0.540429 -0.838787 0.066129 0.840985 -0.536062 0.073357 -0.026082 0.095258 0.995111] 
3d 0 
fr 162939
ts 58634.558672
6d 1 [12 1.000][1085.942 -264.070 11.380 -5.4630 -1.4867 -122.7287][-0.540480 -0.838754 0.066125 0.840957 -0.536128 0.073199 -0.025945 0.095171 0.995123] 
3d 0 
fr 162940
ts 58634.575338
6d 1 [12 1.000][1085.942 -264.070 11.380 -5.4630 -1.4867 -122.7287][-0.540480 -0.838754 0.066125 0.840957 -0.536128 0.073199 -0.025945 0.095171 0.995123] 
3d 0 
fr 162941
ts 58634.591982
6d 1 [12 1.000][1085.942 -264.070 11.380 -5.4630 -1.4867 -122.7287][-0.540480 -0.838754 0.066125 0.840957 -0.536128 0.073199 -0.025945 0.095171 0.995123] 
3d 0 
fr 162942
ts 58634.608644
6d 1 [12 1.000][1085.942 -264.070 11.380 -5.4630 -1.4867 -122.7287][-0.540480 -0.838754 0.066125 0.840957 -0.536128 0.073199 -0.025945 0.095171 0.995123] 
3d 0 
fr 162943
ts 58634.625335
6d 1 [12 1.000][1085.942 -264.070 11.380 -5.4630 -1.4867 -122.7287][-0.540480 -0.838754 0.066125 0.840957 -0.536128 0.073199 -0.025945 0.095171 0.995123] 
3d 0 
fr 162944
ts 58634.641997
6d 1 [12 1.000][1085.942 -264.070 11.380 -5.4630 -1.4867 -122.7287][-0.540480 -0.838754 0.066125 0.840957 -0.536128 0.073199 -0.025945 0.095171 0.995123] 
3d 0 
fr 162945
ts 58634.658680
6d 1 [12 1.000][1085.942 -264.070 11.380 -5.4630 -1.4867 -122.7287][-0.540480 -0.838754 0.066125 0.840957 -0.536128 0.073199 -0.025945 0.095171 0.995123] 
3d 0 
fr 162946
ts 58634.675342
6d 1 [12 1.000][1085.942 -264.070 11.380 -5.4630 -1.4867 -122.7287][-0.540480 -0.838754 0.066125 0.840957 -0.536128 0.073199 -0.025945 0.095171 0.995123] 
3d 0 
fr 162947
ts 58634.692018
6d 1 [12 1.000][1085.916 -264.058 11.320 -5.4659 -1.4890 -122.7280][-0.540468 -0.838760 0.066147 0.840963 -0.536110 0.073259 -0.025985 0.095221 0.995117] 
3d 0 
fr 162948
ts 58634.708680
6d 1 [12 1.000][1085.926 -264.057 11.346 -5.4807 -1.5063 -122.7229][-0.540390 -0.838806 0.066208 0.841004 -0.535993 0.073645 -0.026287 0.095478 0.995084] 
3d 0 
fr 162949
ts 58634.725350
6d 1 [12 1.000][1085.926 -264.057 11.346 -5.4807 -1.5063 -122.7229][-0.540390 -0.838806 0.066208 0.841004 -0.535993 0.073645 -0.026287 0.095478 0.995084] 
3d 0 
fr 162950
ts 58634.742011
6d 1 [12 1.000][1085.926 -264.057 11.346 -5.4807 -1.5063 -122.7229][-0.540390 -0.838806 0.066208 0.841004 -0.535993 0.073645 -0.026287 0.095478 0.995084] 
3d 0 
fr 162951
ts 58634.758675
6d 1 [12 1.000][1085.920 -264.013 11.359 -5.4815 -1.5053 -122.7231][-0.540393 -0.838802 0.066228 0.841002 -0.535997 0.073638 -0.026270 0.095491 0.995084] 
3d 0 
fr 162952
ts 58634.775337
6d 1 [12 1.000][1085.920 -264.041 11.361 -5.4845 -1.5008 -122.7235][-0.540400 -0.838791 0.066314 0.841000 -0.536005 0.073601 -0.026192 0.095544 0.995081] 
3d 0 
fr 162953
ts 58634.791992
6d 1 [12 1.000][1085.920 -264.041 11.361 -5.4845 -1.5008 -122.7235][-0.540400 -0.838791 0.066314 0.841000 -0.536005 0.073601 -0.026192 0.095544 0.995081] 
3d 0 
fr 162954
ts 58634.808653
6d 1 [12 1.000][1085.920 -264.041 11.361 -5.4845 -1.5008 -122.7235][-0.540400 -0.838791 0.066314 0.841000 -0.536005 0.073601 -0.026192 0.095544 0.995081] 
3d 0 
fr 162955
ts 58634.825303
6d 1 [12 1.000][1085.920 -264.041 11.361 -5.4845 -1.5008 -122.7235][-0.540400 -0.838791 0.066314 0.841000 -0.536005 0.073601 -0.026192 0.095544 0.995081] 
3d 0 
fr 162956
ts 58634.841966
6d 1 [12 1.000][1085.920 -264.041 11.361 -5.4845 -1.5008 -122.7235][-0.540400 -0.838791 0.066314 0.841000 -0.536005 0.073601 -0.026192 0.095544 0.995081] 
3d 0 
fr 162957
ts 58634.858607
6d 1 [12 1.000][1085.920 -264.041 11.361 -5.4845 -1.5008 -122.7235][-0.540400 -0.838791 0.066314 0.841000 -0.536005 0.073601 -0.026192 0.095544 0.995081] 
3d 0 
fr 162958
ts 58634.875265
6d 1 [12 1.000][1085.920 -264.041 11.361 -5.4845 -1.5008 -122.7235][-0.540400 -0.838791 0.066314 0.841000 -0.536005 0.073601 -0.026192 0.095544 0.995081] 
3d 0 
fr 162959
ts 58634.891952
6d 1 [12 1.000][1085.920 -264.041 11.361 -5.4845 -1.5008 -122.7235][-0.540400 -0.838791 0.066314 0.841000 -0.536005 0.073601 -0.026192 0.095544 0.995081] 
3d 0 
fr 162960
ts 58634.908617
6d 1 [12 1.000][1085.920 -264.041 11.361 -5.4845 -1.5008 -122.7235][-0.540400 -0.838791 0.066314 0.841000 -0.536005 0.073601 -0.026192 0.095544 0.995081] 
3d 0 
fr 162961
ts 58634.925297
6d 1 [12 1.000][1085.928 -264.013 11.443 -5.4837 -1.4995 -122.7236][-0.540402 -0.838789 0.066315 0.841000 -0.536010 0.073574 -0.026168 0.095531 0.995082] 
3d 0 
fr 162962
ts 58634.941959
6d 1 [12 1.000][1085.935 -264.008 11.434 -5.4791 -1.4884 -122.7280][-0.540470 -0.838744 0.066346 0.840963 -0.536095 0.073374 -0.025974 0.095451 0.995095] 
3d 0 
fr 162963
ts 58634.958632
6d 1 [12 1.000][1085.945 -264.012 11.412 -5.4786 -1.4879 -122.7279][-0.540468 -0.838745 0.066343 0.840964 -0.536095 0.073362 -0.025966 0.095442 0.995096] 
3d 0 
fr 162964
ts 58634.975291
6d 1 [12 1.000][1085.942 -264.016 11.403 -5.4792 -1.4887 -122.7273][-0.540459 -0.838751 0.066344 0.840969 -0.536084 0.073379 -0.025980 0.095451 0.995095] 
3d 0 
fr 162965
ts 58634.991957
6d 1 [12 1.000][1085.934 -264.018 11.397 -5.4771 -1.4892 -122.7251][-0.540427 -0.838774 0.066313 0.840990 -0.536054 0.073364 -0.025988 0.095416 0.995098] 
3d 0 
fr 162966
ts 58635.008622
6d 1 [12 1.000][1085.934 -264.018 11.397 -5.4771 -1.4892 -122.7251][-0.540427 -0.838774 0.066313 0.840990 -0.536054 0.073364 -0.025988 0.095416 0.995098] 
3d 0 
fr 162967
ts 58635.025282
6d 1 [12 1.000][1085.934 -264.018 11.397 -5.4771 -1.4892 -122.7251][-0.540427 -0.838774 0.066313 0.840990 -0.536054 0.073364 -0.025988 0.095416 0.995098] 
3d 0 
fr 162968
ts 58635.041943
6d 1 [12 1.000][1085.934 -264.018 11.397 -5.4771 -1.4892 -122.7251][-0.540427 -0.838774 0.066313 0.840990 -0.536054 0.073364 -0.025988 0.095416 0.995098] 
3d 0 
fr 162969
ts 58635.058592
6d 1 [12 1.000][1085.929 -264.007 11.351 -5.4759 -1.4897 -122.7249][-0.540424 -0.838777 0.066291 0.840991 -0.536052 0.073360 -0.025997 0.095395 0.995100] 
3d 0 
fr 162970
ts 58635.075258
6d 1 [12 1.000][1085.928 -264.016 11.351 -5.4759 -1.4893 -122.7252][-0.540428 -0.838774 0.066294 0.840988 -0.536057 0.073355 -0.025991 0.095395 0.995100] 
3d 0 
fr 162971
ts 58635.091904
6d 1 [12 1.000][1085.935 -264.011 11.354 -5.4768 -1.4885 -122.7253][-0.540429 -0.838772 0.066315 0.840989 -0.536058 0.073351 -0.025976 0.095411 0.995099] 
3d 0 
fr 162972
ts 58635.108567
6d 1 [12 1.000][1085.928 -264.006 11.375 -5.4706 -1.4912 -122.7236][-0.540404 -0.838797 0.066201 0.841003 -0.536038 0.073331 -0.026024 0.095304 0.995108] 
3d 0 
fr 162973
ts 58635.125257
6d 1 [12 1.000][1085.928 -264.006 11.375 -5.4706 -1.4912 -122.7236][-0.540404 -0.838797 0.066201 0.841003 -0.536038 0.073331 -0.026024 0.095304 0.995108] 
3d 0 
fr 162974
ts 58635.141918
6d 1 [12 1.000][1085.928 -264.006 11.375 -5.4706 -1.4912 -122.7236][-0.540404 -0.838797 0.066201 0.841003 -0.536038 0.073331 -0.026024 0.095304 0.995108] 
3d 0 
fr 162975
ts 58635.158602
6d 1 [12 1.000][1085.928 -264.006 11.375 -5.4706 -1.4912 -122.7236][-0.540404 -0.838797 0.066201 0.841003 -0.536038 0.073331 -0.026024 0.095304 0.995108] 
3d 0 
fr 162976
ts 58635.175264
6d 1 [12 1.000][1085.928 -264.006 11.375 -5.4706 -1.4912 -122.7236][-0.540404 -0.838797 0.066201 0.841003 -0.536038 0.073331 -0.026024 0.095304 0.995108] 
3d 0 
fr 162977
ts 58635.191938
6d 1 [12 1.000][1085.928 -264.006 11.375 -5.4706 -1.4912 -122.7236][-0.540404 -0.838797 0.066201 0.841003 -0.536038 0.073331 -0.026024 0.095304 0.995108] 
3d 0 
fr 162978
ts 58635.208602
6d 1 [12 1.000][1085.928 -264.006 11.375 -5.4706 -1.4912 -122.7236][-0.540404 -0.838797 0.066201 0.841003 -0.536038 0.073331 -0.026024 0.095304 0.995108] 
3d 0 
fr 162979
ts 58635.225273
6d 1 [12 1.000][1085.928 -264.006 11.375 -5.4706 -1.4912 -122.7236][-0.540404 -0.838797 0.066201 0.841003 -0.536038 0.073331 -0.026024 0.095304 0.995108] 
3d 0 
fr 162980
ts 58635.241934
6d 1 [12 1.000][1085.928 -264.006 11.375 -5.4706 -1.4912 -122.7236][-0.540404 -0.838797 0.066201 0.841003 -0.536038 0.073331 -0.026024 0.095304 0.995108] 
3d 0 
fr 162981
ts 58635.258597
6d 1 [12 1.000][1085.928 -264.006 11.375 -5.4706 -1.4912 -122.7236][-0.540404 -0.838797 0.066201 0.841003 -0.536038 0.073331 -0.026024 0.095304 0.995108] 
3d 0 
fr 162982
ts 58635.275258
6d 1 [12 1.000][1085.909 -264.038 11.436 -5.4697 -1.4915 -122.7233][-0.540399 -0.838802 0.066184 0.841006 -0.536034 0.073326 -0.026029 0.095286 0.995110] 
3d 0 
fr 162983
ts 58635.291915
6d 1 [12 1.000][1085.914 -264.053 11.382 -5.4629 -1.4902 -122.7226][-0.540389 -0.838815 0.066099 0.841013 -0.536034 0.073243 -0.026006 0.095170 0.995121] 
3d 0 
fr 162984
ts 58635.308576
6d 1 [12 1.000][1085.922 -264.082 11.396 -5.4613 -1.4891 -122.7232][-0.540399 -0.838810 0.066084 0.841007 -0.536047 0.073213 -0.025987 0.095141 0.995125] 
3d 0 
fr 162985
ts 58635.325223
6d 1 [12 1.000][1085.917 -264.060 11.377 -5.4535 -1.4839 -122.7257][-0.540436 -0.838791 0.066015 0.840986 -0.536100 0.073066 -0.025897 0.095005 0.995140] 
3d 0 
fr 162986
ts 58635.341888
6d 1 [12 1.000][1085.917 -264.060 11.377 -5.4535 -1.4839 -122.7257][-0.540436 -0.838791 0.066015 0.840986 -0.536100 0.073066 -0.025897 0.095005 0.995140] 
3d 0 
fr 162987
ts 58635.358529
