fr 168015
ts 58719.146833
6d 1 [12 1.000][481.825 -621.459 1271.777 -1.1310 3.7253 -170.7409][-0.984885 -0.159602 0.067290 0.160559 -0.986985 0.009030 0.064973 0.019697 0.997693] 
3d 0 
fr 168016
ts 58719.163499
6d 1 [12 1.000][481.947 -621.363 1271.749 -1.1539 3.7298 -170.7470][-0.984897 -0.159469 0.067430 0.160454 -0.986998 0.009418 0.065051 0.020096 0.997680] 
3d 0 
fr 168017
ts 58719.180164
6d 1 [12 1.000][482.078 -621.075 1271.697 -1.1648 3.7351 -170.7401][-0.984872 -0.159573 0.067552 0.160571 -0.986978 0.009583 0.065143 0.020285 0.997670] 
3d 0 
fr 168018
ts 58719.196825
6d 1 [12 1.000][482.149 -621.117 1271.677 -1.1873 3.7382 -170.7523][-0.984903 -0.159334 0.067667 0.160360 -0.987008 0.009976 0.065198 0.020677 0.997658] 
3d 0 
fr 168019
ts 58719.213480
6d 1 [12 1.000][482.231 -620.934 1271.646 -1.1998 3.7418 -170.7566][-0.984911 -0.159244 0.067762 0.160286 -0.987018 0.010186 0.065260 0.020894 0.997650] 
3d 0 
fr 168020
ts 58719.230144
6d 1 [12 1.000][482.259 -620.948 1271.611 -1.1996 3.7460 -170.8040][-0.985038 -0.158428 0.067826 0.159471 -0.987150 0.010228 0.065334 0.020891 0.997645] 
3d 0 
fr 168021
ts 58719.246795
6d 1 [12 1.000][482.343 -621.004 1271.555 -1.2164 3.7523 -170.8165][-0.985066 -0.158189 0.067979 0.159255 -0.987182 0.010514 0.065444 0.021183 0.997631] 
3d 0 
fr 168022
ts 58719.263456
6d 1 [12 1.000][482.435 -620.920 1271.430 -1.2272 3.7636 -170.8338][-0.985101 -0.157874 0.068199 0.158955 -0.987228 0.010689 0.065640 0.021371 0.997614] 
3d 0 
fr 168023
ts 58719.280095
6d 1 [12 1.000][482.547 -620.735 1271.378 -1.2060 3.7748 -170.8436][-0.985116 -0.157727 0.068331 0.158785 -0.987259 0.010305 0.065835 0.021001 0.997609] 
3d 0 
fr 168024
ts 58719.296761
6d 1 [12 1.000][482.705 -620.529 1271.361 -1.2149 3.7809 -170.8489][-0.985123 -0.157623 0.068459 0.158693 -0.987273 0.010448 0.065941 0.021156 0.997599] 
3d 0 
fr 168025
ts 58719.313445
6d 1 [12 1.000][482.818 -620.439 1271.327 -1.2223 3.7888 -170.8654][-0.985160 -0.157326 0.068612 0.158407 -0.987317 0.010574 0.066079 0.021285 0.997587] 
3d 0 
fr 168026
ts 58719.330112
6d 1 [12 1.000][482.819 -620.643 1271.261 -1.2320 3.7974 -170.9044][-0.985258 -0.156639 0.068779 0.157735 -0.987423 0.010763 0.066228 0.021453 0.997574] 
3d 0 
fr 168027
ts 58719.346790
6d 1 [12 1.000][482.771 -620.701 1271.223 -1.2445 3.8026 -170.9716][-0.985436 -0.155464 0.068891 0.156578 -0.987604 0.011045 0.066319 0.021671 0.997563] 
3d 0 
fr 168028
ts 58719.363455
6d 1 [12 1.000][482.759 -620.703 1271.189 -1.2701 3.8046 -170.9708][-0.985432 -0.155447 0.068994 0.156592 -0.987597 0.011480 0.066353 0.022117 0.997551] 
3d 0 
fr 168029
ts 58719.380126
6d 1 [12 1.000][482.809 -620.587 1271.123 -1.3525 3.8105 -170.9924][-0.985484 -0.154973 0.069314 0.156219 -0.987638 0.012910 0.066456 0.023551 0.997511] 
3d 0 
fr 168030
ts 58719.396791
6d 1 [12 1.000][483.046 -620.167 1271.011 -1.3054 3.8178 -170.9889][-0.985466 -0.155087 0.069313 0.156278 -0.987639 0.012074 0.066584 0.022731 0.997522] 
3d 0 
fr 168031
ts 58719.413459
6d 1 [12 1.000][482.942 -620.229 1271.012 -1.3561 3.8155 -170.9881][-0.985467 -0.155041 0.069410 0.156293 -0.987626 0.012953 0.066543 0.023613 0.997504] 
3d 0 
fr 168032
ts 58719.430121
6d 1 [12 1.000][482.909 -620.253 1271.033 -1.3849 3.8142 -171.0056][-0.985516 -0.154705 0.069462 0.155992 -0.987666 0.013475 0.066520 0.024115 0.997494] 
3d 0 
fr 168033
ts 58719.446781
6d 1 [12 1.000][482.833 -620.555 1271.062 -1.3901 3.8081 -171.0380][-0.985611 -0.154142 0.069365 0.155435 -0.987752 0.013620 0.066416 0.024206 0.997498] 
3d 0 
fr 168034
ts 58719.463443
6d 1 [12 1.000][482.721 -620.719 1271.084 -1.3904 3.7734 -171.0858][-0.985780 -0.153332 0.068756 0.154620 -0.987878 0.013777 0.065810 0.024212 0.997538] 
3d 0 
fr 168035
ts 58719.480097
6d 1 [12 1.000][482.714 -620.627 1271.064 -1.3987 3.7635 -171.0883][-0.985798 -0.153284 0.068608 0.154579 -0.987882 0.013950 0.065639 0.024357 0.997546] 
3d 0 
fr 168036
ts 58719.496759
6d 1 [12 1.000][482.716 -620.466 1271.061 -1.4038 3.7611 -171.0985][-0.985828 -0.153103 0.068578 0.154404 -0.987908 0.014056 0.065596 0.024446 0.997547] 
3d 0 
fr 168037
ts 58719.513406
6d 1 [12 1.000][482.712 -620.347 1271.056 -1.3570 3.7607 -171.0124][-0.985595 -0.154642 0.068466 0.155884 -0.987688 0.013147 0.065590 0.023630 0.997567] 
3d 0 
fr 168038
ts 58719.530067
6d 1 [12 1.000][482.582 -620.510 1271.089 -1.3456 3.7564 -171.0326][-0.985655 -0.154309 0.068355 0.155537 -0.987745 0.012986 0.065514 0.023432 0.997577] 
3d 0 
fr 168039
ts 58719.546755
6d 1 [12 1.000][482.541 -620.557 1271.089 -1.3630 3.7677 -171.0414][-0.985666 -0.154132 0.068596 0.155383 -0.987765 0.013267 0.065712 0.023736 0.997556] 
3d 0 
fr 168040
ts 58719.563422
6d 1 [12 1.000][482.521 -620.514 1271.120 -1.3524 3.7578 -171.0170][-0.985611 -0.154570 0.068402 0.155806 -0.987701 0.013082 0.065538 0.023551 0.997572] 
3d 0 
fr 168041
ts 58719.580105
6d 1 [12 1.000][482.383 -620.737 1271.152 -1.3504 3.7481 -171.0485][-0.985707 -0.154034 0.068224 0.155266 -0.987786 0.013111 0.065371 0.023516 0.997584] 
3d 0 
fr 168042
ts 58719.596768
6d 1 [12 1.000][482.241 -620.957 1271.231 -1.3454 3.7340 -171.0719][-0.985787 -0.153641 0.067961 0.154865 -0.987849 0.013090 0.065124 0.023429 0.997602] 
3d 0 
fr 168043
ts 58719.613446
6d 1 [12 1.000][482.290 -620.681 1271.233 -1.3603 3.7214 -171.0534][-0.985751 -0.153948 0.067789 0.155186 -0.987795 0.013359 0.064905 0.023689 0.997610] 
3d 0 
fr 168044
ts 58719.630108
6d 1 [12 1.000][482.263 -620.700 1271.183 -1.3393 3.7170 -171.0465][-0.985737 -0.154093 0.067659 0.155305 -0.987781 0.013002 0.064828 0.023325 0.997624] 
3d 0 
fr 168045
ts 58719.646776
6d 1 [12 1.000][482.261 -620.700 1271.289 -1.3380 3.7055 -171.0528][-0.985767 -0.153991 0.067455 0.155199 -0.987797 0.013019 0.064627 0.023302 0.997637] 
3d 0 
fr 168046
ts 58719.663441
6d 1 [12 1.000][482.172 -620.729 1271.296 -1.3658 3.6948 -171.0508][-0.985773 -0.153997 0.067347 0.155235 -0.987785 0.013523 0.064442 0.023785 0.997638] 
3d 0 
fr 168047
ts 58719.680101
6d 1 [12 1.000][482.107 -620.926 1271.345 -1.3600 3.6820 -171.0827][-0.985874 -0.153460 0.067104 0.154689 -0.987871 0.013495 0.064219 0.023685 0.997655] 
3d 0 
fr 168048
ts 58719.696766
6d 1 [12 1.000][481.908 -621.245 1271.396 -1.3544 3.6681 -171.1628][-0.986105 -0.152090 0.066831 0.153312 -0.988085 0.013530 0.063977 0.023588 0.997673] 
3d 0 
fr 168049
ts 58719.713424
6d 1 [12 1.000][481.826 -621.443 1271.460 -1.3477 3.6527 -171.2008][-0.986223 -0.151448 0.066540 0.152660 -0.988186 0.013499 0.063709 0.023471 0.997692] 
3d 0 
fr 168050
ts 58719.730085
6d 1 [12 1.000][481.865 -621.071 1271.466 -1.3502 3.6418 -171.1560][-0.986115 -0.152224 0.066369 0.153435 -0.988066 0.013520 0.063519 0.023516 0.997704] 
3d 0 
fr 168051
ts 58719.746733
6d 1 [12 1.000][481.976 -620.930 1271.489 -1.3533 3.6312 -171.1148][-0.986016 -0.152934 0.066205 0.154144 -0.987955 0.013555 0.063334 0.023570 0.997714] 
3d 0 
fr 168052
ts 58719.763399
6d 1 [12 1.000][481.808 -621.222 1271.498 -1.3508 3.6244 -171.1612][-0.986148 -0.152139 0.066070 0.153347 -0.988079 0.013583 0.063215 0.023527 0.997723] 
3d 0 
fr 168053
ts 58719.780042
6d 1 [12 1.000][481.787 -621.248 1271.527 -1.3485 3.6176 -171.1559][-0.986141 -0.152236 0.065948 0.153440 -0.988065 0.013555 0.063098 0.023487 0.997731] 
3d 0 
fr 168054
ts 58719.796703
6d 1 [12 1.000][481.807 -621.132 1271.550 -1.3471 3.6118 -171.1617][-0.986163 -0.152141 0.065842 0.153342 -0.988080 0.013554 0.062995 0.023463 0.997738] 
3d 0 
fr 168055
ts 58719.813393
6d 1 [12 1.000][481.753 -621.199 1271.530 -1.3429 3.6069 -171.1691][-0.986188 -0.152019 0.065746 0.153214 -0.988101 0.013503 0.062911 0.023390 0.997745] 
3d 0 
fr 168056
ts 58719.830053
6d 1 [12 1.000][481.703 -621.141 1271.469 -1.3429 3.6066 -171.1729][-0.986199 -0.151954 0.065740 0.153149 -0.988111 0.013508 0.062905 0.023390 0.997745] 
3d 0 
fr 168057
ts 58719.846736
6d 1 [12 1.000][481.785 -620.954 1271.414 -1.3307 3.6093 -171.1670][-0.986180 -0.152069 0.065755 0.153251 -0.988098 0.013284 0.062952 0.023177 0.997747] 
3d 0 
fr 168058
ts 58719.863397
6d 1 [12 1.000][481.766 -620.808 1271.436 -1.3397 3.6071 -171.1300][-0.986083 -0.152698 0.065749 0.153888 -0.987997 0.013401 0.062914 0.023333 0.997746] 
3d 0 
fr 168059
ts 58719.880069
6d 1 [12 1.000][481.806 -620.689 1271.397 -1.3636 3.6314 -171.1150][-0.986017 -0.152919 0.066235 0.154142 -0.987953 0.013732 0.063337 0.023750 0.997710] 
3d 0 
fr 168060
ts 58719.896733
6d 1 [12 1.000][481.655 -620.878 1271.319 -1.3570 3.6444 -171.1163][-0.986006 -0.152899 0.066440 0.154117 -0.987959 0.013584 0.063563 0.023634 0.997698] 
3d 0 
fr 168061
ts 58719.913397
6d 1 [12 1.000][481.647 -620.870 1271.248 -1.3642 3.6540 -171.1217][-0.986010 -0.152793 0.066624 0.154022 -0.987973 0.013689 0.063731 0.023759 0.997684] 
3d 0 
fr 168062
ts 58719.930063
6d 1 [12 1.000][481.631 -620.856 1271.180 -1.4437 3.6609 -171.1224][-0.986004 -0.152686 0.066954 0.154009 -0.987955 0.015043 0.063851 0.025144 0.997643] 
3d 0 
fr 168063
ts 58719.946720
6d 1 [12 1.000][481.772 -620.467 1271.141 -1.4348 3.6725 -171.1008][-0.985933 -0.153063 0.067136 0.154378 -0.987900 0.014832 0.064053 0.024988 0.997634] 
3d 0 
fr 168064
ts 58719.963386
6d 1 [12 1.000][481.871 -620.291 1271.084 -1.4173 3.6859 -171.0789][-0.985859 -0.153455 0.067325 0.154753 -0.987847 0.014468 0.064287 0.024682 0.997626] 
3d 0 
fr 168065
ts 58719.980036
6d 1 [12 1.000][481.832 -620.353 1271.094 -1.4280 3.6891 -171.0684][-0.985827 -0.153623 0.067411 0.154933 -0.987817 0.014632 0.064342 0.024869 0.997618] 
3d 0 
fr 168066
ts 58719.996702
6d 1 [12 1.000][481.880 -620.392 1271.044 -1.4238 3.6970 -171.0711][-0.985826 -0.153579 0.067536 0.154886 -0.987825 0.014541 0.064480 0.024796 0.997611] 
3d 0 
fr 168067
ts 58720.013349
6d 1 [12 1.000][481.976 -620.411 1271.091 -1.4189 3.7034 -171.0900][-0.985870 -0.153256 0.067628 0.154560 -0.987878 0.014462 0.064592 0.024710 0.997606] 
3d 0 
fr 168068
ts 58720.030011
6d 1 [12 1.000][481.948 -620.485 1271.088 -1.4249 3.6931 -171.0945][-0.985893 -0.153175 0.067466 0.154484 -0.987887 0.014599 0.064412 0.024816 0.997615] 
3d 0 
fr 168069
ts 58720.046703
6d 1 [12 1.000][481.827 -620.811 1271.169 -1.4275 3.6922 -171.1935][-0.986160 -0.151466 0.067432 0.152781 -0.988150 0.014763 0.064397 0.024861 0.997615] 
3d 0 
fr 168070
ts 58720.063365
6d 1 [12 1.000][481.966 -620.575 1271.154 -1.4310 3.6937 -171.1447][-0.986028 -0.152302 0.067480 0.153620 -0.988020 0.014762 0.064423 0.024922 0.997611] 
3d 0 
fr 168071
ts 58720.080050
6d 1 [12 1.000][482.067 -620.495 1271.142 -1.4301 3.6962 -171.1265][-0.985976 -0.152615 0.067524 0.153932 -0.987972 0.014719 0.064465 0.024906 0.997609] 
3d 0 
fr 168072
ts 58720.096713
6d 1 [12 1.000][482.148 -620.510 1271.111 -1.4199 3.7009 -171.1081][-0.985922 -0.152942 0.067583 0.154248 -0.987926 0.014507 0.064548 0.024728 0.997608] 
3d 0 
fr 168073
ts 58720.113389
6d 1 [12 1.000][482.246 -620.500 1271.100 -1.3923 3.7061 -171.1048][-0.985907 -0.153031 0.067600 0.154305 -0.987924 0.014014 0.064639 0.024248 0.997614] 
3d 0 
fr 168074
ts 58720.130052
6d 1 [12 1.000][482.277 -620.647 1271.094 -1.4160 3.7114 -171.1069][-0.985907 -0.152963 0.067753 0.154266 -0.987924 0.014411 0.064731 0.024660 0.997598] 
3d 0 
fr 168075
ts 58720.146719
6d 1 [12 1.000][482.221 -620.906 1271.084 -1.4186 3.7149 -171.1196][-0.985937 -0.152741 0.067817 0.154049 -0.987957 0.014461 0.064792 0.024705 0.997593] 
3d 0 
fr 168076
ts 58720.163385
6d 1 [12 1.000][482.213 -621.080 1271.072 -1.4151 3.7183 -171.1613][-0.986045 -0.152024 0.067856 0.153330 -0.988069 0.014440 0.064851 0.024643 0.997591] 
3d 0 
fr 168077
ts 58720.180045
6d 1 [12 1.000][482.336 -620.768 1271.029 -1.4196 3.7263 -171.1265][-0.985942 -0.152616 0.068014 0.153928 -0.987976 0.014455 0.064990 0.024721 0.997580] 
3d 0 
fr 168078
ts 58720.196713
6d 1 [12 1.000][482.482 -620.559 1270.976 -1.4131 3.7386 -171.0325][-0.985675 -0.154239 0.068232 0.155543 -0.987727 0.014198 0.065204 0.024608 0.997568] 
3d 0 
fr 168079
ts 58720.213369
6d 1 [12 1.000][482.463 -620.817 1271.015 -1.4026 3.7410 -171.0830][-0.985809 -0.153379 0.068233 0.154673 -0.987865 0.014071 0.065247 0.024425 0.997570] 
3d 0 
fr 168080
ts 58720.230031
6d 1 [12 1.000][482.490 -620.867 1271.096 -1.3993 3.7439 -171.0655][-0.985758 -0.153684 0.068277 0.154974 -0.987820 0.013986 0.065296 0.024368 0.997568] 
3d 0 
fr 168081
ts 58720.246676
6d 1 [12 1.000][482.365 -621.277 1271.147 -1.3923 3.7411 -171.0788][-0.985797 -0.153464 0.068208 0.154746 -0.987857 0.013889 0.065248 0.024246 0.997574] 
3d 0 
fr 168082
ts 58720.263343
6d 1 [12 1.000][482.341 -621.609 1271.152 -1.3574 3.7422 -171.1005][-0.985855 -0.153132 0.068128 0.154373 -0.987923 0.013310 0.065267 0.023639 0.997588] 
3d 0 
fr 168083
ts 58720.279983
6d 1 [12 1.000][482.412 -621.594 1271.238 -1.3386 3.7377 -171.0974][-0.985851 -0.153208 0.068001 0.154426 -0.987919 0.012994 0.065189 0.023311 0.997601] 
3d 0 
fr 168084
ts 58720.296650
6d 1 [12 1.000][482.438 -621.647 1271.312 -1.3274 3.7321 -171.0890][-0.985835 -0.153368 0.067877 0.154571 -0.987899 0.012806 0.065091 0.023117 0.997612] 
3d 0 
fr 168085
ts 58720.313334
6d 1 [12 1.000][482.504 -621.644 1271.313 -1.3031 3.7309 -171.0541][-0.985742 -0.153999 0.067798 0.155172 -0.987810 0.012349 0.065070 0.022693 0.997623] 
3d 0 
fr 168086
ts 58720.329999
6d 1 [12 1.000][482.487 -621.958 1271.409 -1.2774 3.7234 -171.0640][-0.985777 -0.153862 0.067599 0.155003 -0.987842 0.011938 0.064940 0.022246 0.997641] 
3d 0 
fr 168087
ts 58720.346680
6d 1 [12 1.000][482.529 -622.087 1271.499 -1.2562 3.7172 -171.0396][-0.985718 -0.154310 0.067439 0.155424 -0.987780 0.011560 0.064831 0.021876 0.997656] 
3d 0 
fr 168088
ts 58720.363340
6d 1 [12 1.000][482.531 -622.457 1271.632 -1.2341 3.7078 -171.0556][-0.985772 -0.154065 0.067215 0.155151 -0.987827 0.011223 0.064668 0.021492 0.997675] 
3d 0 
fr 168089
ts 58720.380013
6d 1 [12 1.000][482.550 -622.812 1271.684 -1.2018 3.7043 -171.0620][-0.985793 -0.153993 0.067067 0.155041 -0.987850 0.010683 0.064607 0.020930 0.997691] 
3d 0 
fr 168090
ts 58720.396679
6d 1 [12 1.000][482.580 -622.972 1271.709 -1.1874 3.7029 -171.0642][-0.985801 -0.153972 0.067003 0.155003 -0.987859 0.010441 0.064582 0.020679 0.997698] 
3d 0 
fr 168091
ts 58720.413344
6d 1 [12 1.000][482.646 -623.098 1271.831 -1.1550 3.6974 -171.0702][-0.985823 -0.153908 0.066822 0.154901 -0.987880 0.009905 0.064488 0.020115 0.997716] 
3d 0 
fr 168092
ts 58720.430009
6d 1 [12 1.000][482.753 -623.191 1271.917 -1.1208 3.6896 -171.0870][-0.985877 -0.153661 0.066592 0.154613 -0.987931 0.009356 0.064351 0.019520 0.997736] 
3d 0 
fr 168093
ts 58720.446666
6d 1 [12 1.000][482.815 -623.310 1271.984 -1.0940 3.6863 -171.0980][-0.985910 -0.153504 0.066462 0.154424 -0.987964 0.008915 0.064293 0.019053 0.997749] 
3d 0 
fr 168094
ts 58720.463332
6d 1 [12 1.000][482.728 -623.652 1272.058 -1.1096 3.6789 -171.1182][-0.985973 -0.153140 0.066374 0.154078 -0.988016 0.009227 0.064165 0.019324 0.997752] 
3d 0 
fr 168095
ts 58720.479982
6d 1 [12 1.000][482.559 -624.093 1272.117 -1.1402 3.6707 -171.2005][-0.986202 -0.151689 0.066299 0.152664 -0.988229 0.009873 0.064021 0.019858 0.997751] 
3d 0 
fr 168096
ts 58720.496650
6d 1 [12 1.000][482.424 -624.359 1272.200 -1.0879 3.6557 -171.2214][-0.986275 -0.151393 0.065900 0.152306 -0.988292 0.009035 0.063760 0.018948 0.997785] 
3d 0 
fr 168097
ts 58720.513291
6d 1 [12 1.000][482.553 -624.062 1272.232 -1.1496 3.6463 -171.1829][-0.986182 -0.151990 0.065907 0.152971 -0.988179 0.010080 0.063596 0.020022 0.997775] 
3d 0 
fr 168098
ts 58720.529958
6d 1 [12 1.000][482.545 -624.045 1272.305 -1.0867 3.6357 -171.1395][-0.986078 -0.152814 0.065565 0.153719 -0.988074 0.008973 0.063412 0.018926 0.997808] 
3d 0 
fr 168099
ts 58720.546650
6d 1 [12 1.000][482.350 -624.316 1272.396 -1.0908 3.6186 -171.1615][-0.986155 -0.152435 0.065279 0.153344 -0.988131 0.009115 0.063115 0.018999 0.997825] 
3d 0 
fr 168100
ts 58720.563313
6d 1 [12 1.000][482.272 -624.425 1272.517 -1.0679 3.5839 -171.1668][-0.986207 -0.152381 0.064620 0.153259 -0.988147 0.008819 0.062510 0.018601 0.997871] 
3d 0 
fr 168101
ts 58720.579997
6d 1 [12 1.000][482.096 -624.600 1272.567 -1.0397 3.5869 -171.1701][-0.986213 -0.152354 0.064597 0.153201 -0.988160 0.008329 0.062563 0.018110 0.997877] 
3d 0 
fr 168102
ts 58720.596659
6d 1 [12 1.000][481.838 -624.838 1272.658 -1.0318 3.5482 -171.1756][-0.986269 -0.152281 0.063909 0.153113 -0.988174 0.008302 0.061889 0.017973 0.997921] 
3d 0 
fr 168103
ts 58720.613338
6d 1 [12 1.000][481.541 -625.035 1272.778 -1.0522 3.5256 -171.1788][-0.986302 -0.152209 0.063573 0.153061 -0.988178 0.008717 0.061494 0.018328 0.997939] 
3d 0 
fr 168104
ts 58720.630000
6d 1 [12 1.000][481.409 -624.840 1272.811 -1.0638 3.5340 -171.1355][-0.986177 -0.152941 0.063755 0.153805 -0.988062 0.008848 0.061640 0.018531 0.997926] 
3d 0 
fr 168105
ts 58720.646671
6d 1 [12 1.000][481.193 -624.919 1272.823 -1.0665 3.5176 -171.1215][-0.986156 -0.153185 0.063483 0.154049 -0.988023 0.008922 0.061356 0.018578 0.997943] 
3d 0 
fr 168106
ts 58720.663332
6d 1 [12 1.000][481.154 -624.553 1272.847 -1.0636 3.5024 -171.0129][-0.985879 -0.155065 0.063229 0.155920 -0.987730 0.008794 0.061090 0.018528 0.997960] 
3d 0 
fr 168107
ts 58720.679997
6d 1 [12 1.000][481.062 -624.166 1272.806 -1.0618 3.4945 -170.9075][-0.985598 -0.156887 0.063106 0.157736 -0.987443 0.008667 0.060953 0.018496 0.997969] 
3d 0 
fr 168108
ts 58720.696659
6d 1 [12 1.000][480.823 -624.287 1272.879 -1.0445 3.4814 -170.9301][-0.985674 -0.156521 0.062829 0.157349 -0.987507 0.008431 0.060725 0.018196 0.997989] 
3d 0 
fr 168109
ts 58720.713312
6d 1 [12 1.000][480.560 -624.322 1272.865 -1.0658 3.4678 -170.9221][-0.985667 -0.156639 0.062654 0.157488 -0.987481 0.008826 0.060487 0.018566 0.997996] 
3d 0 
fr 168110
ts 58720.729978
6d 1 [12 1.000][480.317 -624.346 1272.900 -1.0803 3.4575 -170.9179][-0.985666 -0.156700 0.062518 0.157563 -0.987467 0.009099 0.060309 0.018819 0.998002] 
3d 0 
fr 168111
ts 58720.746626
6d 1 [12 1.000][480.241 -624.128 1272.926 -1.0489 3.4456 -170.8779][-0.985568 -0.157426 0.062233 0.158252 -0.987362 0.008547 0.060101 0.018272 0.998025] 
3d 0 
fr 168112
ts 58720.763291
6d 1 [12 1.000][480.154 -623.884 1272.912 -1.0524 3.4348 -170.8424][-0.985481 -0.158038 0.062063 0.158865 -0.987263 0.008599 0.059913 0.018334 0.998035] 
3d 0 
fr 168113
ts 58720.779935
6d 1 [12 1.000][480.078 -623.734 1272.953 -1.0529 3.4256 -170.8204][-0.985429 -0.158420 0.061908 0.159245 -0.987202 0.008609 0.059752 0.018342 0.998045] 
3d 0 
fr 168114
ts 58720.796595
6d 1 [12 1.000][479.806 -623.902 1272.980 -1.0576 3.4161 -170.8215][-0.985442 -0.158397 0.061758 0.159227 -0.987204 0.008718 0.059587 0.018425 0.998053] 
3d 0 
fr 168115
ts 58720.813284
6d 1 [12 1.000][479.621 -624.007 1272.988 -1.0690 3.4079 -170.8818][-0.985617 -0.157349 0.061640 0.158192 -0.987367 0.009002 0.059445 0.018623 0.998058] 
3d 0 
fr 168116
ts 58720.829947
6d 1 [12 1.000][479.659 -623.796 1272.930 -1.0737 3.4040 -170.8821][-0.985622 -0.157340 0.061584 0.158187 -0.987367 0.009094 0.059376 0.018705 0.998060] 
3d 0 
fr 168117
ts 58720.846626
6d 1 [12 1.000][479.700 -623.504 1272.943 -1.0819 3.4004 -170.8459][-0.985526 -0.157955 0.061552 0.158809 -0.987266 0.009207 0.059314 0.018849 0.998061] 
3d 0 
fr 168118
ts 58720.863292
6d 1 [12 1.000][479.702 -623.371 1272.910 -1.0844 3.4002 -170.8136][-0.985436 -0.158510 0.061560 0.159366 -0.987177 0.009216 0.059310 0.018893 0.998061] 
3d 0 
fr 168119
ts 58720.879965
6d 1 [12 1.000][479.668 -623.375 1272.872 -1.0912 3.4231 -170.8117][-0.985408 -0.158528 0.061974 0.159395 -0.987171 0.009267 0.059709 0.019010 0.998035] 
3d 0 
fr 168120
ts 58720.896627
6d 1 [12 1.000][479.600 -623.310 1272.873 -1.1039 3.4211 -170.8022][-0.985383 -0.158678 0.061976 0.159558 -0.987143 0.009481 0.059675 0.019231 0.998033] 
3d 0 
fr 168121
ts 58720.913293
6d 1 [12 1.000][479.667 -623.196 1272.864 -1.1021 3.4261 -170.7927][-0.985352 -0.158843 0.062058 0.159721 -0.987117 0.009426 0.059761 0.019200 0.998028] 
3d 0 
fr 168122
ts 58720.929957
6d 1 [12 1.000][479.728 -623.243 1272.760 -1.1136 3.4445 -170.8037][-0.985363 -0.158635 0.062405 0.159529 -0.987147 0.009585 0.060082 0.019400 0.998005] 
3d 0 
fr 168123
ts 58720.946619
6d 1 [12 1.000][479.808 -623.104 1272.772 -1.1210 3.4516 -170.8038][-0.985356 -0.158622 0.062546 0.159525 -0.987146 0.009692 0.060205 0.019528 0.997995] 
3d 0 
fr 168124
ts 58720.963281
6d 1 [12 1.000][479.941 -622.979 1272.694 -1.1223 3.4741 -170.7997][-0.985321 -0.158684 0.062937 0.159592 -0.987136 0.009648 0.060597 0.019551 0.997971] 
3d 0 
fr 168125
ts 58720.979931
6d 1 [12 1.000][479.936 -623.139 1272.726 -1.1388 3.4803 -170.8238][-0.985382 -0.158249 0.063086 0.159178 -0.987200 0.009941 0.060705 0.019837 0.997959] 
3d 0 
fr 168126
ts 58720.996597
6d 1 [12 1.000][480.153 -622.921 1272.698 -1.1503 3.4911 -170.8344][-0.985400 -0.158050 0.063302 0.158993 -0.987228 0.010120 0.060894 0.020037 0.997943] 
3d 0 
fr 168127
ts 58721.013240
6d 1 [12 1.000][480.126 -623.098 1272.711 -1.1577 3.4880 -170.8699][-0.985502 -0.157430 0.063263 0.158382 -0.987324 0.010297 0.060840 0.020167 0.997944] 
3d 0 
fr 168128
ts 58721.029906
6d 1 [12 1.000][479.980 -623.417 1272.771 -1.1702 3.4890 -170.9529][-0.985729 -0.155986 0.063299 0.156954 -0.987549 0.010601 0.060857 0.020385 0.997938] 
3d 0 
fr 168129
ts 58721.046599
6d 1 [12 1.000][479.936 -623.691 1272.799 -1.1793 3.4820 -171.0121][-0.985898 -0.154959 0.063192 0.155938 -0.987707 0.010842 0.060735 0.020544 0.997942] 
3d 0 
fr 168130
ts 58721.063261
6d 1 [12 1.000][480.058 -623.508 1272.841 -1.1897 3.4869 -170.9504][-0.985724 -0.156008 0.063316 0.156998 -0.987538 0.010940 0.060820 0.020724 0.997934] 
3d 0 
fr 168131
ts 58721.079947
6d 1 [12 1.000][480.103 -623.579 1272.910 -1.1919 3.4861 -170.9746][-0.985791 -0.155589 0.063304 0.156582 -0.987604 0.011006 0.060807 0.020762 0.997934] 
3d 0 
fr 168132
ts 58721.096610
6d 1 [12 1.000][480.183 -623.541 1272.959 -1.1094 3.4849 -170.9612][-0.985756 -0.155912 0.063060 0.156813 -0.987582 0.009574 0.060785 0.019326 0.997964] 
3d 0 
fr 168133
ts 58721.113285
6d 1 [12 1.000][480.165 -623.595 1273.052 -1.1599 3.4765 -170.9406][-0.985708 -0.156213 0.063057 0.157168 -0.987517 0.010443 0.060639 0.020205 0.997955] 
3d 0 
fr 168134
ts 58721.129949
6d 1 [12 1.000][480.022 -624.007 1273.163 -1.1567 3.4335 -170.9535][-0.985788 -0.156009 0.062307 0.156953 -0.987550 0.010521 0.059890 0.020151 0.998002] 
3d 0 
fr 168135
ts 58721.146621
6d 1 [12 1.000][479.915 -624.393 1273.222 -1.1451 3.4193 -170.9715][-0.985852 -0.155717 0.062028 0.156646 -0.987600 0.010380 0.059643 0.019949 0.998020] 
3d 0 
fr 168136
ts 58721.163284
6d 1 [12 1.000][480.019 -624.360 1273.271 -1.1360 3.4049 -170.9763][-0.985880 -0.155650 0.061755 0.156567 -0.987614 0.010266 0.059393 0.019790 0.998039] 
3d 0 
fr 168137
ts 58721.179943
6d 1 [12 1.000][480.206 -624.124 1273.312 -1.0950 3.4040 -170.8731][-0.985598 -0.157472 0.061646 0.158341 -0.987339 0.009452 0.059377 0.019077 0.998053] 
3d 0 
fr 168138
ts 58721.196609
6d 1 [12 1.000][480.200 -624.368 1273.381 -1.0446 3.3941 -170.9199][-0.985737 -0.156722 0.061330 0.157538 -0.987475 0.008661 0.059204 0.018199 0.998080] 
3d 0 
fr 168139
ts 58721.213267
6d 1 [12 1.000][480.165 -624.626 1273.434 -1.0673 3.3794 -170.9232][-0.985761 -0.156646 0.061137 0.157483 -0.987480 0.009096 0.058947 0.018594 0.998088] 
3d 0 
fr 168140
ts 58721.229928
6d 1 [12 1.000][480.069 -625.093 1273.480 -1.0566 3.3671 -170.9589][-0.985871 -0.156046 0.060891 0.156871 -0.987578 0.008983 0.058733 0.018408 0.998104] 
3d 0 
fr 168141
ts 58721.246579
6d 1 [12 1.000][480.254 -625.164 1273.442 -1.0417 3.3830 -171.0424][-0.986082 -0.154618 0.061111 0.155432 -0.987808 0.008772 0.059010 0.018148 0.998092] 
3d 0 
fr 168142
ts 58721.263241
6d 1 [12 1.000][480.362 -625.010 1273.448 -1.0227 3.3789 -170.9922][-0.985950 -0.155506 0.060998 0.156297 -0.987674 0.008402 0.058939 0.017817 0.998103] 
3d 0 
fr 168143
ts 58721.279885
6d 1 [12 1.000][480.406 -625.166 1273.409 -1.0148 3.3777 -170.9965][-0.985963 -0.155440 0.060955 0.156224 -0.987687 0.008273 0.058918 0.017679 0.998106] 
3d 0 
fr 168144
ts 58721.296548
6d 1 [12 1.000][480.477 -625.320 1273.476 -1.0220 3.3723 -171.0080][-0.986000 -0.155235 0.060880 0.156025 -0.987717 0.008424 0.058824 0.017805 0.998110] 
3d 0 
fr 168145
ts 58721.313236
6d 1 [12 1.000][480.696 -625.177 1273.426 -1.0193 3.3735 -171.0101][-0.986004 -0.155201 0.060892 0.155989 -0.987723 0.008377 0.058844 0.017758 0.998109] 
3d 0 
fr 168146
ts 58721.329898
6d 1 [12 1.000][480.789 -625.236 1273.400 -1.0158 3.3752 -171.0204][-0.986031 -0.155027 0.060911 0.155811 -0.987752 0.008323 0.058875 0.017697 0.998108] 
3d 0 
fr 168147
ts 58721.346579
6d 1 [12 1.000][480.976 -625.129 1273.356 -1.0135 3.4066 -171.0249][-0.986011 -0.154942 0.061445 0.155729 -0.987766 0.008203 0.059422 0.017657 0.998077] 
3d 0 
fr 168148
ts 58721.363242
6d 1 [12 1.000][481.059 -625.125 1273.371 -1.0346 3.4126 -171.0258][-0.986007 -0.154902 0.061604 0.155713 -0.987765 0.008551 0.059526 0.018024 0.998064] 
3d 0 
fr 168149
ts 58721.379915
6d 1 [12 1.000][481.020 -625.432 1273.353 -1.0419 3.4185 -171.0418][-0.986045 -0.154617 0.061723 0.155436 -0.987808 0.008679 0.059629 0.018152 0.998056] 
3d 0 
fr 168150
ts 58721.396580
6d 1 [12 1.000][480.999 -625.721 1273.379 -1.0504 3.4151 -171.1440][-0.986324 -0.152847 0.061671 0.153678 -0.988080 0.008944 0.059569 0.018299 0.998056] 
3d 0 
fr 168151
ts 58721.413247
6d 1 [12 1.000][481.153 -625.600 1273.375 -1.0514 3.3952 -171.1185][-0.986276 -0.153291 0.061336 0.154120 -0.988011 0.008987 0.059223 0.018317 0.998077] 
3d 0 
fr 168152
ts 58721.429908
6d 1 [12 1.000][481.218 -625.578 1273.332 -1.0712 3.4064 -171.1262][-0.986285 -0.153134 0.061581 0.153986 -0.988029 0.009307 0.059419 0.018662 0.998059] 
3d 0 
fr 168153
ts 58721.446571
6d 1 [12 1.000][481.362 -625.407 1273.319 -1.0589 3.4136 -171.1213][-0.986264 -0.153230 0.061673 0.154070 -0.988018 0.009070 0.059544 0.018447 0.998055] 
3d 0 
fr 168154
ts 58721.463232
6d 1 [12 1.000][481.365 -625.539 1273.316 -1.0747 3.4183 -171.1250][-0.986269 -0.153148 0.061795 0.154005 -0.988026 0.009334 0.059625 0.018722 0.998045] 
3d 0 
fr 168155
ts 58721.479887
6d 1 [12 1.000][481.224 -625.960 1273.334 -1.0771 3.4224 -171.1548][-0.986345 -0.152629 0.061867 0.153491 -0.988105 0.009396 0.059697 0.018764 0.998040] 
3d 0 
fr 168156
ts 58721.496548
6d 1 [12 1.000][481.340 -625.895 1273.314 -1.0824 3.4328 -171.2047][-0.986468 -0.151760 0.062052 0.152631 -0.988237 0.009514 0.059878 0.018856 0.998028] 
3d 0 
fr 168157
ts 58721.513193
6d 1 [12 1.000][481.434 -625.772 1273.340 -1.0623 3.4376 -171.1988][-0.986447 -0.151881 0.062082 0.152731 -0.988225 0.009148 0.059962 0.018506 0.998029] 
3d 0 
fr 168158
ts 58721.529858
6d 1 [12 1.000][481.434 -625.620 1273.340 -1.0549 3.4418 -171.2047][-0.986459 -0.151786 0.062133 0.152629 -0.988243 0.009015 0.060034 0.018376 0.998027] 
3d 0 
fr 168159
ts 58721.546549
6d 1 [12 1.000][481.408 -625.582 1273.415 -1.0536 3.4414 -171.2138][-0.986483 -0.151631 0.062122 0.152472 -0.988267 0.009005 0.060028 0.018355 0.998028] 
3d 0 
fr 168160
ts 58721.563212
6d 1 [12 1.000][481.226 -625.719 1273.496 -1.0526 3.4338 -171.2267][-0.986525 -0.151413 0.061987 0.152252 -0.988301 0.009021 0.059896 0.018337 0.998036] 
3d 0 
fr 168161
ts 58721.579895
6d 1 [12 1.000][480.996 -625.901 1273.500 -1.0513 3.4016 -171.2438][-0.986604 -0.151128 0.061426 0.151962 -0.988344 0.009102 0.059335 0.018315 0.998070] 
3d 0 
fr 168162
ts 58721.596560
6d 1 [12 1.000][480.995 -625.707 1273.559 -1.0162 3.3781 -171.2566][-0.986662 -0.150953 0.060928 0.151746 -0.988382 0.008574 0.058925 0.017705 0.998105] 
3d 0 
fr 168163
ts 58721.613240
6d 1 [12 1.000][481.053 -625.070 1273.473 -0.9960 3.3719 -171.1230][-0.986311 -0.153281 0.060786 0.154047 -0.988030 0.008099 0.058817 0.017352 0.998118] 
3d 0 
fr 168164
ts 58721.629900
6d 1 [12 1.000][480.909 -624.881 1273.478 -1.0200 3.3565 -171.1053][-0.986279 -0.153564 0.060588 0.154353 -0.987979 0.008536 0.058549 0.017771 0.998126] 
3d 0 
fr 168165
ts 58721.646572
6d 1 [12 1.000][480.598 -624.989 1273.409 -1.0191 3.3501 -171.1188][-0.986322 -0.153335 0.060473 0.154123 -0.988015 0.008551 0.058437 0.017754 0.998133] 
3d 0 
fr 168166
ts 58721.663233
6d 1 [12 1.000][480.432 -624.938 1273.321 -1.0314 3.3463 -171.1259][-0.986345 -0.153201 0.060439 0.154001 -0.988032 0.008782 0.058370 0.017970 0.998133] 
3d 0 
fr 168167
ts 58721.679899
6d 1 [12 1.000][480.535 -624.300 1273.223 -1.0908 3.3624 -171.0215][-0.986046 -0.154933 0.060894 0.155796 -0.987742 0.009653 0.058652 0.019005 0.998098] 
3d 0 
fr 168168
ts 58721.696561
6d 1 [12 1.000][480.548 -623.836 1273.046 -1.0996 3.3657 -170.9490][-0.985845 -0.156171 0.060986 0.157042 -0.987544 0.009718 0.058709 0.019158 0.998091] 
3d 0 
fr 168169
ts 58721.713215
6d 1 [12 1.000][480.465 -623.717 1272.993 -1.1205 3.3696 -170.9656][-0.985887 -0.155863 0.061107 0.156757 -0.987586 0.010085 0.058776 0.019521 0.998080] 
3d 0 
fr 168170
ts 58721.729882
6d 1 [12 1.000][480.472 -623.427 1272.902 -1.1736 3.3765 -170.9376][-0.985803 -0.156286 0.061376 0.157236 -0.987500 0.010951 0.058897 0.020446 0.998055] 
3d 0 
fr 168171
ts 58721.746532
6d 1 [12 1.000][480.488 -623.278 1272.851 -1.1694 3.4045 -170.9260][-0.985743 -0.156481 0.061848 0.157432 -0.987471 0.010789 0.059385 0.020372 0.998027] 
3d 0 
fr 168172
ts 58721.763194
6d 1 [12 1.000][480.472 -623.298 1272.741 -1.1845 3.4208 -170.9903][-0.985902 -0.155349 0.062158 0.156322 -0.987644 0.011074 0.059670 0.020635 0.998005] 
3d 0 
fr 168173
ts 58721.779834
6d 1 [12 1.000][480.597 -623.002 1272.698 -1.2303 3.4304 -170.9651][-0.985823 -0.155731 0.062451 0.156755 -0.987567 0.011811 0.059836 0.021433 0.997978] 
3d 0 
fr 168174
ts 58721.796500
6d 1 [12 1.000][480.738 -622.817 1272.638 -1.2417 3.4419 -170.9335][-0.985725 -0.156259 0.062686 0.157297 -0.987479 0.011940 0.060036 0.021630 0.997962] 
3d 0 
fr 168175
ts 58721.813189
6d 1 [12 1.000][480.887 -622.755 1272.556 -1.2454 3.4509 -171.0134][-0.985934 -0.154874 0.062835 0.155920 -0.987696 0.012068 0.060193 0.021695 0.997951] 
3d 0 
fr 168176
ts 58721.829851
6d 1 [12 1.000][480.960 -622.655 1272.589 -1.2677 3.4546 -171.0361][-0.985992 -0.154457 0.062954 0.155529 -0.987753 0.012467 0.060258 0.022083 0.997939] 
3d 0 
fr 168177
ts 58721.846530
6d 1 [12 1.000][481.021 -622.783 1272.540 -1.2826 3.4424 -171.1061][-0.986194 -0.153238 0.062769 0.154326 -0.987937 0.012834 0.060045 0.022344 0.997946] 
3d 0 
fr 168178
ts 58721.863195
6d 1 [12 1.000][480.926 -622.975 1272.458 -1.2882 3.4498 -171.1464][-0.986294 -0.152534 0.062903 0.153631 -0.988043 0.012955 0.060175 0.022441 0.997936] 
3d 0 
fr 168179
ts 58721.879866
6d 1 [12 1.000][481.054 -622.822 1272.382 -1.3100 3.4586 -171.1504][-0.986296 -0.152439 0.063111 0.153561 -0.988049 0.013312 0.060328 0.022821 0.997918] 
3d 0 
fr 168180
ts 58721.896532
6d 1 [12 1.000][481.190 -622.644 1272.426 -1.3220 3.4603 -171.1572][-0.986312 -0.152308 0.063170 0.153444 -0.988065 0.013521 0.060357 0.023029 0.997911] 
3d 0 
fr 168181
ts 58721.913197
6d 1 [12 1.000][481.280 -622.455 1272.399 -1.3306 3.4630 -171.1474][-0.986283 -0.152466 0.063242 0.153613 -0.988037 0.013651 0.060404 0.023178 0.997905] 
3d 0 
fr 168182
ts 58721.929862
6d 1 [12 1.000][481.280 -622.489 1272.398 -1.3129 3.4645 -171.1176][-0.986202 -0.152999 0.063228 0.154125 -0.987962 0.013309 0.060430 0.022871 0.997910] 
3d 0 
fr 168183
ts 58721.946524
6d 1 [12 1.000][481.173 -622.679 1272.409 -1.3060 3.4637 -171.1696][-0.986342 -0.152109 0.063183 0.153229 -0.988102 0.013250 0.060416 0.022750 0.997914] 
3d 0 
fr 168184
ts 58721.963185
6d 1 [12 1.000][481.162 -622.649 1272.434 -1.3187 3.4601 -171.1689][-0.986344 -0.152108 0.063156 0.153242 -0.988097 0.013478 0.060354 0.022972 0.997913] 
3d 0 
fr 168185
ts 58721.979838
6d 1 [12 1.000][481.181 -622.659 1272.455 -1.3225 3.4565 -171.1679][-0.986345 -0.152123 0.063103 0.153260 -0.988093 0.013553 0.060290 0.023039 0.997915] 
3d 0 
fr 168186
ts 58721.996502
6d 1 [12 1.000][481.086 -622.677 1272.448 -1.3120 3.4531 -171.1520][-0.986306 -0.152411 0.063022 0.153534 -0.988053 0.013362 0.060232 0.022855 0.997923] 
3d 0 
fr 168187
ts 58722.013150
6d 1 [12 1.000][480.979 -622.860 1272.498 -1.3088 3.4206 -171.1419][-0.986312 -0.152601 0.062456 0.153713 -0.988025 0.013384 0.059665 0.022801 0.997958] 
3d 0 
fr 168188
ts 58722.029812
6d 1 [12 1.000][480.866 -622.947 1272.572 -1.3146 3.4068 -171.1061][-0.986230 -0.153217 0.062242 0.154332 -0.987927 0.013481 0.059425 0.022902 0.997970] 
3d 0 
fr 168189
ts 58722.046453
6d 1 [12 1.000][480.813 -623.093 1272.616 -1.3120 3.3943 -171.1221][-0.986286 -0.152949 0.062016 0.154058 -0.987970 0.013488 0.059207 0.022857 0.997984] 
3d 0 
fr 168190
ts 58722.063115
6d 1 [12 1.000][480.716 -623.371 1272.623 -1.2919 3.3898 -171.1405][-0.986340 -0.152656 0.061881 0.153743 -0.988023 0.013173 0.059129 0.022507 0.997997] 
3d 0 
fr 168191
ts 58722.079796
6d 1 [12 1.000][480.723 -623.360 1272.670 -1.2290 3.3896 -171.1314][-0.986316 -0.152880 0.061711 0.153899 -0.988013 0.012078 0.059125 0.021410 0.998021] 
3d 0 
fr 168192
ts 58722.096462
6d 1 [12 1.000][480.785 -623.243 1272.774 -1.2408 3.3764 -171.1013][-0.986249 -0.153391 0.061523 0.154419 -0.987929 0.012285 0.058896 0.021617 0.998030] 
3d 0 
fr 168193
ts 58722.113142
6d 1 [12 1.000][480.683 -623.507 1272.833 -1.1792 3.3825 -171.0879][-0.986206 -0.153686 0.061466 0.154649 -0.987906 0.011192 0.059002 0.020543 0.998046] 
3d 0 
fr 168194
ts 58722.129804
6d 1 [12 1.000][480.660 -623.616 1272.883 -1.1534 3.3742 -171.0771][-0.986185 -0.153904 0.061255 0.154837 -0.987881 0.010758 0.058857 0.020094 0.998064] 
3d 0 
fr 168195
ts 58722.146476
6d 1 [12 1.000][480.594 -623.935 1272.986 -1.1627 3.3611 -171.0805][-0.986208 -0.153839 0.061054 0.154779 -0.987888 0.010959 0.058628 0.020257 0.998074] 
3d 0 
fr 168196
ts 58722.163138
6d 1 [12 1.000][480.464 -624.346 1273.003 -1.1565 3.3513 -171.1499][-0.986405 -0.152652 0.060855 0.153586 -0.988075 0.010951 0.058458 0.020148 0.998087] 
3d 0 
fr 168197
ts 58722.179799
6d 1 [12 1.000][480.413 -624.595 1273.046 -1.1468 3.3458 -171.1817][-0.986495 -0.152116 0.060729 0.153040 -0.988161 0.010832 0.058362 0.019980 0.998096] 
3d 0 
fr 168198
ts 58722.196464
6d 1 [12 1.000][480.431 -624.572 1273.102 -1.1449 3.3360 -171.1767][-0.986491 -0.152209 0.060557 0.153129 -0.988147 0.010821 0.058192 0.019947 0.998106] 
3d 0 
fr 168199
ts 58722.213122
6d 1 [12 1.000][480.418 -624.778 1273.129 -1.1466 3.3305 -171.2094][-0.986584 -0.151645 0.060460 0.152566 -0.988233 0.010899 0.058096 0.019977 0.998111] 
3d 0 
fr 168200
ts 58722.229784
6d 1 [12 1.000][480.470 -624.868 1273.103 -1.1303 3.3260 -171.2316][-0.986648 -0.151281 0.060335 0.152185 -0.988295 0.010653 0.058017 0.019693 0.998121] 
3d 0 
fr 168201
ts 58722.246435
6d 1 [12 1.000][480.438 -624.905 1273.147 -1.1159 3.3210 -171.2257][-0.986637 -0.151399 0.060212 0.152287 -0.988281 0.010412 0.057930 0.019442 0.998131] 
3d 0 
fr 168202
ts 58722.263098
6d 1 [12 1.000][480.544 -624.754 1273.091 -1.1067 3.3241 -171.2209][-0.986621 -0.151489 0.060242 0.152368 -0.988271 0.010240 0.057984 0.019282 0.998131] 
3d 0 
fr 168203
ts 58722.279739
6d 1 [12 1.000][480.632 -624.664 1273.190 -1.0973 3.3175 -171.2238][-0.986636 -0.151452 0.060103 0.152320 -0.988280 0.010099 0.057869 0.019119 0.998141] 
3d 0 
fr 168204
ts 58722.296404
6d 1 [12 1.000][480.679 -624.429 1273.132 -1.0861 3.3187 -171.1272][-0.986376 -0.153130 0.060110 0.153983 -0.988025 0.009800 0.057889 0.018923 0.998144] 
3d 0 
fr 168205
ts 58722.313094
6d 1 [12 1.000][480.722 -624.371 1273.172 -1.0833 3.3171 -171.1412][-0.986415 -0.152892 0.060073 0.153743 -0.988063 0.009771 0.057862 0.018874 0.998146] 
3d 0 
fr 168206
ts 58722.329756
6d 1 [12 1.000][480.534 -624.651 1273.129 -1.0801 3.3197 -171.1852][-0.986531 -0.152136 0.060101 0.152985 -0.988180 0.009755 0.057907 0.018818 0.998145] 
3d 0 
fr 168207
ts 58722.346435
6d 1 [12 1.000][480.427 -624.879 1273.186 -1.0728 3.3181 -171.2107][-0.986600 -0.151703 0.060051 0.152544 -0.988249 0.009661 0.057879 0.018692 0.998149] 
3d 0 
fr 168208
ts 58722.363097
6d 1 [12 1.000][480.496 -624.734 1273.177 -1.0716 3.3155 -171.2153][-0.986615 -0.151627 0.060002 0.152467 -0.988261 0.009652 0.057834 0.018671 0.998152] 
3d 0 
fr 168209
ts 58722.379776
6d 1 [12 1.000][480.569 -624.254 1273.089 -1.0945 3.3202 -171.1329][-0.986390 -0.153021 0.060158 0.153884 -0.988039 0.009947 0.057917 0.019069 0.998139] 
3d 0 
fr 168210
ts 58722.396438
6d 1 [12 1.000][480.543 -624.358 1273.120 -1.1054 3.3221 -171.1783][-0.986510 -0.152227 0.060212 0.153102 -0.988158 0.010179 0.057950 0.019260 0.998134] 
3d 0 
fr 168211
ts 58722.413106
6d 1 [12 1.000][480.393 -624.409 1273.092 -1.1322 3.3212 -171.1952][-0.986556 -0.151908 0.060264 0.152812 -0.988198 0.010661 0.057933 0.019726 0.998126] 
3d 0 
fr 168212
ts 58722.429768
6d 1 [12 1.000][480.174 -624.728 1273.099 -1.1412 3.3182 -171.2116][-0.986603 -0.151616 0.060233 0.152529 -0.988240 0.010841 0.057881 0.019883 0.998125] 
3d 0 
fr 168213
ts 58722.446430
6d 1 [12 1.000][480.299 -624.398 1272.976 -1.1526 3.3252 -171.2144][-0.986603 -0.151553 0.060384 0.152480 -0.988245 0.011022 0.058003 0.020082 0.998114] 
3d 0 
fr 168214
ts 58722.463092
6d 1 [12 1.000][480.343 -624.097 1273.008 -1.1604 3.3238 -171.2050][-0.986579 -0.151708 0.060382 0.152643 -0.988219 0.011150 0.057979 0.020218 0.998113] 
3d 0 
fr 168215
ts 58722.479747
6d 1 [12 1.000][480.410 -623.757 1272.921 -1.1606 3.3298 -171.1134][-0.986328 -0.153286 0.060502 0.154219 -0.987975 0.011042 0.058082 0.020221 0.998107] 
3d 0 
fr 168216
ts 58722.496409
6d 1 [12 1.000][480.302 -623.690 1272.861 -1.1642 3.3403 -171.0856][-0.986242 -0.153758 0.060699 0.154696 -0.987900 0.011045 0.058266 0.020283 0.998095] 
3d 0 
fr 168217
ts 58722.513057
6d 1 [12 1.000][480.187 -623.809 1272.875 -1.1760 3.3426 -171.1284][-0.986355 -0.153006 0.060762 0.153958 -0.988013 0.011289 0.058306 0.020490 0.998088] 
3d 0 
fr 168218
ts 58722.529719
6d 1 [12 1.000][480.018 -623.927 1272.866 -1.1936 3.3436 -171.1301][-0.986359 -0.152958 0.060826 0.153929 -0.988014 0.011591 0.058324 0.020796 0.998081] 
3d 0 
fr 168219
ts 58722.546360
6d 1 [12 1.000][479.960 -623.930 1272.923 -1.1793 3.3417 -171.1472][-0.986407 -0.152679 0.060751 0.153635 -0.988062 0.011368 0.058290 0.020547 0.998088] 
3d 0 
fr 168220
ts 58722.563021
6d 1 [12 1.000][479.974 -623.695 1272.900 -1.1870 3.3398 -171.1452][-0.986403 -0.152706 0.060740 0.153670 -0.988055 0.011503 0.058257 0.020681 0.998087] 
3d 0 
fr 168221
ts 58722.579698
6d 1 [12 1.000][479.998 -623.303 1272.858 -1.1900 3.3350 -171.1020][-0.986292 -0.153449 0.060674 0.154414 -0.987939 0.011522 0.058174 0.020733 0.998091] 
3d 0 
fr 168222
ts 58722.596370
6d 1 [12 1.000][479.923 -623.295 1272.902 -1.1980 3.3262 -171.0939][-0.986279 -0.153584 0.060546 0.154555 -0.987915 0.011675 0.058021 0.020873 0.998097] 
3d 0 
fr 168223
ts 58722.613048
6d 1 [12 1.000][479.879 -623.101 1272.897 -1.2008 3.3203 -171.0872][-0.986267 -0.153698 0.060453 0.154671 -0.987896 0.011732 0.057918 0.020921 0.998102] 
3d 0 
fr 168224
ts 58722.629710
6d 1 [12 1.000][479.804 -623.204 1272.944 -1.2004 3.2888 -171.0640][-0.986235 -0.154110 0.059914 0.155076 -0.987832 0.011786 0.057369 0.020915 0.998134] 
3d 0 
fr 168225
ts 58722.646384
