fr 105763
ts 36341.784699
6d 0 
3d 0 
fr 105764
ts 36341.801362
6d 0 
3d 0 
fr 105765
ts 36341.818034
6d 0 
3d 0 
fr 105766
ts 36341.834697
6d 0 
3d 0 
fr 105767
ts 36341.851361
6d 0 
3d 0 
fr 105768
ts 36341.868025
6d 0 
3d 0 
fr 105769
ts 36341.884684
6d 0 
3d 0 
fr 105770
ts 36341.901345
6d 0 
3d 0 
fr 105771
ts 36341.917998
6d 0 
3d 0 
fr 105772
ts 36341.934659
6d 0 
3d 0 
fr 105773
ts 36341.951302
6d 0 
3d 0 
fr 105774
ts 36341.967967
6d 0 
3d 0 
fr 105775
ts 36341.984658
6d 0 
3d 0 
fr 105776
ts 36342.001321
6d 0 
3d 0 
fr 105777
ts 36342.018004
6d 0 
3d 0 
fr 105778
ts 36342.034665
6d 0 
3d 0 
fr 105779
ts 36342.051338
6d 0 
3d 0 
fr 105780
ts 36342.068003
6d 0 
3d 0 
fr 105781
ts 36342.084673
6d 0 
3d 0 
fr 105782
ts 36342.101335
6d 0 
3d 0 
fr 105783
ts 36342.117997
6d 0 
3d 0 
fr 105784
ts 36342.134659
6d 0 
3d 0 
fr 105785
ts 36342.151316
6d 0 
3d 0 
fr 105786
ts 36342.167979
6d 0 
3d 0 
fr 105787
ts 36342.184627
6d 0 
3d 0 
fr 105788
ts 36342.201289
6d 0 
3d 0 
fr 105789
ts 36342.217927
6d 0 
3d 0 
fr 105790
ts 36342.234592
6d 0 
3d 0 
fr 105791
ts 36342.251281
6d 0 
3d 0 
fr 105792
ts 36342.267942
6d 0 
3d 0 
fr 105793
ts 36342.284618
6d 0 
3d 0 
fr 105794
ts 36342.301284
6d 0 
3d 0 
fr 105795
ts 36342.317953
6d 0 
3d 0 
fr 105796
ts 36342.334619
6d 0 
3d 0 
fr 105797
ts 36342.351286
6d 0 
3d 0 
fr 105798
ts 36342.367949
6d 0 
3d 0 
fr 105799
ts 36342.384608
6d 0 
3d 0 
fr 105800
ts 36342.401269
6d 0 
3d 0 
fr 105801
ts 36342.417922
6d 0 
3d 0 
fr 105802
ts 36342.434584
6d 0 
3d 0 
fr 105803
ts 36342.451229
6d 0 
3d 0 
fr 105804
ts 36342.467891
6d 0 
3d 0 
fr 105805
ts 36342.484583
6d 0 
3d 0 
fr 105806
ts 36342.501245
6d 0 
3d 0 
fr 105807
ts 36342.517928
6d 0 
3d 0 
fr 105808
ts 36342.534590
6d 0 
3d 0 
fr 105809
ts 36342.551267
6d 0 
3d 0 
fr 105810
ts 36342.567929
6d 0 
3d 0 
fr 105811
ts 36342.584598
6d 0 
3d 0 
fr 105812
ts 36342.601262
6d 0 
3d 0 
fr 105813
ts 36342.617923
6d 0 
3d 0 
fr 105814
ts 36342.634585
6d 0 
3d 0 
fr 105815
ts 36342.651240
6d 0 
3d 0 
fr 105816
ts 36342.667903
6d 0 
3d 0 
fr 105817
ts 36342.684553
6d 0 
3d 0 
fr 105818
ts 36342.701215
6d 0 
3d 0 
fr 105819
ts 36342.717853
6d 0 
3d 0 
fr 105820
ts 36342.734520
6d 0 
3d 0 
fr 105821
ts 36342.751202
6d 0 
3d 0 
fr 105822
ts 36342.767868
6d 0 
3d 0 
fr 105823
ts 36342.784549
6d 0 
3d 0 
fr 105824
ts 36342.801212
6d 0 
3d 0 
fr 105825
ts 36342.817881
6d 0 
3d 0 
fr 105826
ts 36342.834546
6d 0 
3d 0 
fr 105827
ts 36342.851213
6d 0 
3d 0 
fr 105828
ts 36342.867875
6d 0 
3d 0 
fr 105829
ts 36342.884535
6d 0 
3d 0 
fr 105830
ts 36342.901196
6d 0 
3d 0 
fr 105831
ts 36342.917849
6d 0 
3d 0 
fr 105832
ts 36342.934513
6d 0 
3d 0 
fr 105833
ts 36342.951158
6d 0 
3d 0 
fr 105834
ts 36342.967819
6d 0 
3d 0 
fr 105835
ts 36342.984510
6d 0 
3d 0 
fr 105836
ts 36343.001172
6d 0 
3d 0 
fr 105837
ts 36343.017854
6d 0 
3d 0 
fr 105838
ts 36343.034520
6d 0 
3d 0 
fr 105839
ts 36343.051196
6d 0 
3d 0 
fr 105840
ts 36343.067857
6d 0 
3d 0 
fr 105841
ts 36343.084528
6d 0 
3d 0 
fr 105842
ts 36343.101189
6d 0 
3d 0 
fr 105843
ts 36343.117853
6d 0 
3d 0 
fr 105844
ts 36343.134514
6d 0 
3d 0 
fr 105845
ts 36343.151168
6d 0 
3d 0 
fr 105846
ts 36343.167832
6d 0 
3d 0 
fr 105847
ts 36343.184482
6d 0 
3d 0 
fr 105848
ts 36343.201144
6d 0 
3d 0 
fr 105849
ts 36343.217783
6d 0 
3d 0 
fr 105850
ts 36343.234450
6d 0 
3d 0 
fr 105851
ts 36343.251136
6d 0 
3d 0 
fr 105852
ts 36343.267800
6d 0 
3d 0 
fr 105853
ts 36343.284480
6d 0 
3d 0 
fr 105854
ts 36343.301141
6d 0 
3d 0 
fr 105855
ts 36343.317815
6d 0 
3d 0 
fr 105856
ts 36343.334477
6d 0 
3d 0 
fr 105857
ts 36343.351142
6d 0 
3d 0 
fr 105858
ts 36343.367803
6d 0 
3d 0 
fr 105859
ts 36343.384466
6d 0 
3d 0 
fr 105860
ts 36343.401127
6d 0 
3d 0 
fr 105861
ts 36343.417778
6d 0 
3d 0 
fr 105862
ts 36343.434443
6d 0 
3d 0 
fr 105863
ts 36343.451088
6d 0 
3d 0 
fr 105864
ts 36343.467751
6d 0 
3d 0 
fr 105865
ts 36343.484439
6d 0 
3d 0 
fr 105866
ts 36343.501105
6d 0 
3d 0 
fr 105867
ts 36343.517788
6d 0 
3d 0 
fr 105868
ts 36343.534450
6d 0 
3d 0 
fr 105869
ts 36343.551128
6d 0 
3d 0 
fr 105870
ts 36343.567790
6d 0 
3d 0 
fr 105871
ts 36343.584457
6d 0 
3d 0 
fr 105872
ts 36343.601122
6d 0 
3d 0 
fr 105873
ts 36343.617785
6d 0 
3d 0 
fr 105874
ts 36343.634447
6d 0 
3d 0 
fr 105875
ts 36343.651104
6d 0 
3d 0 
fr 105876
ts 36343.667765
6d 0 
3d 0 
fr 105877
ts 36343.684416
6d 0 
3d 0 
fr 105878
ts 36343.701079
6d 0 
3d 0 
fr 105879
ts 36343.717720
6d 0 
3d 0 
fr 105880
ts 36343.734382
6d 0 
3d 0 
fr 105881
ts 36343.751071
6d 0 
3d 0 
fr 105882
ts 36343.767733
6d 0 
3d 0 
fr 105883
ts 36343.784413
6d 0 
3d 0 
fr 105884
ts 36343.801075
6d 0 
3d 0 
fr 105885
ts 36343.817747
6d 0 
3d 0 
fr 105886
ts 36343.834411
6d 0 
3d 0 
fr 105887
ts 36343.851079
6d 0 
3d 0 
fr 105888
ts 36343.867742
6d 0 
3d 0 
fr 105889
ts 36343.884396
6d 0 
3d 0 
fr 105890
ts 36343.901057
6d 0 
3d 0 
fr 105891
ts 36343.917712
6d 0 
3d 0 
fr 105892
ts 36343.934376
6d 0 
3d 0 
fr 105893
ts 36343.951024
6d 0 
3d 0 
fr 105894
ts 36343.967685
6d 0 
3d 0 
fr 105895
ts 36343.984376
6d 0 
3d 0 
fr 105896
ts 36344.001039
6d 0 
3d 0 
fr 105897
ts 36344.017720
6d 0 
3d 0 
fr 105898
ts 36344.034386
6d 0 
3d 0 
fr 105899
ts 36344.051063
6d 0 
3d 0 
fr 105900
ts 36344.067725
6d 0 
3d 0 
fr 105901
ts 36344.084396
6d 0 
3d 0 
fr 105902
ts 36344.101058
6d 0 
3d 0 
fr 105903
ts 36344.117721
6d 0 
3d 0 
fr 105904
ts 36344.134385
6d 0 
3d 0 
fr 105905
ts 36344.151040
6d 0 
3d 0 
fr 105906
ts 36344.167702
6d 0 
3d 0 
fr 105907
ts 36344.184352
6d 0 
3d 0 
fr 105908
ts 36344.201013
6d 0 
3d 0 
fr 105909
ts 36344.217657
6d 0 
3d 0 
fr 105910
ts 36344.234320
6d 0 
3d 0 
fr 105911
ts 36344.251007
6d 0 
3d 0 
fr 105912
ts 36344.267669
6d 0 
3d 0 
fr 105913
ts 36344.284350
6d 0 
3d 0 
fr 105914
ts 36344.301013
6d 0 
3d 0 
fr 105915
ts 36344.317686
6d 0 
3d 0 
fr 105916
ts 36344.334348
6d 0 
3d 0 
fr 105917
ts 36344.351014
6d 0 
3d 0 
fr 105918
ts 36344.367678
6d 0 
3d 0 
fr 105919
ts 36344.384338
6d 0 
3d 0 
fr 105920
ts 36344.400999
6d 0 
3d 0 
fr 105921
ts 36344.417653
6d 0 
3d 0 
fr 105922
ts 36344.434316
6d 0 
3d 0 
fr 105923
ts 36344.450962
6d 0 
3d 0 
fr 105924
ts 36344.467624
6d 0 
3d 0 
fr 105925
ts 36344.484316
6d 0 
3d 0 
fr 105926
ts 36344.500977
6d 0 
3d 0 
fr 105927
ts 36344.517663
6d 0 
3d 0 
fr 105928
ts 36344.534323
6d 0 
3d 0 
fr 105929
ts 36344.551002
6d 0 
3d 0 
fr 105930
ts 36344.567664
6d 0 
3d 0 
fr 105931
ts 36344.584331
6d 0 
3d 0 
fr 105932
ts 36344.600996
6d 0 
3d 0 
fr 105933
ts 36344.617661
6d 0 
3d 0 
fr 105934
ts 36344.634323
6d 0 
3d 0 
fr 105935
ts 36344.650975
6d 0 
3d 0 
fr 105936
ts 36344.667640
6d 0 
3d 0 
fr 105937
ts 36344.684292
6d 0 
3d 0 
fr 105938
ts 36344.700953
6d 0 
3d 0 
fr 105939
ts 36344.717597
6d 0 
3d 0 
fr 105940
ts 36344.734258
6d 0 
3d 0 
fr 105941
ts 36344.750946
6d 0 
3d 0 
fr 105942
ts 36344.767608
6d 0 
3d 0 
fr 105943
ts 36344.784287
6d 0 
3d 0 
fr 105944
ts 36344.800951
6d 0 
3d 0 
fr 105945
ts 36344.817626
6d 0 
3d 0 
fr 105946
ts 36344.834289
6d 0 
3d 0 
fr 105947
ts 36344.850951
6d 0 
3d 0 
fr 105948
ts 36344.867617
6d 0 
3d 0 
fr 105949
ts 36344.884276
6d 0 
3d 0 
fr 105950
ts 36344.900942
6d 0 
3d 0 
fr 105951
ts 36344.917594
6d 0 
3d 0 
fr 105952
ts 36344.934255
6d 0 
3d 0 
fr 105953
ts 36344.950901
6d 0 
3d 0 
fr 105954
ts 36344.967564
6d 0 
3d 0 
fr 105955
ts 36344.984256
6d 0 
3d 0 
fr 105956
ts 36345.000918
6d 0 
3d 0 
fr 105957
ts 36345.017600
6d 0 
3d 0 
fr 105958
ts 36345.034265
6d 0 
3d 0 
fr 105959
ts 36345.050940
6d 0 
3d 0 
fr 105960
ts 36345.067605
6d 0 
3d 0 
fr 105961
ts 36345.084276
6d 0 
3d 0 
fr 105962
ts 36345.100938
6d 0 
3d 0 
fr 105963
ts 36345.117599
6d 0 
3d 0 
fr 105964
ts 36345.134263
6d 0 
3d 0 
fr 105965
ts 36345.150922
6d 0 
3d 0 
fr 105966
ts 36345.167582
6d 0 
3d 0 
fr 105967
ts 36345.184233
6d 0 
3d 0 
fr 105968
ts 36345.200894
6d 0 
3d 0 
fr 105969
ts 36345.217537
6d 0 
3d 0 
fr 105970
ts 36345.234202
6d 0 
3d 0 
fr 105971
ts 36345.250885
6d 0 
3d 0 
fr 105972
ts 36345.267551
6d 0 
3d 0 
fr 105973
ts 36345.284233
6d 0 
3d 0 
fr 105974
ts 36345.300894
6d 0 
3d 0 
fr 105975
ts 36345.317570
6d 0 
3d 0 
fr 105976
ts 36345.334231
6d 0 
3d 0 
fr 105977
ts 36345.350896
6d 0 
3d 0 
fr 105978
ts 36345.367562
6d 0 
3d 0 
fr 105979
ts 36345.384222
6d 0 
3d 0 
fr 105980
ts 36345.400883
6d 0 
3d 0 
fr 105981
ts 36345.417538
6d 0 
3d 0 
fr 105982
ts 36345.434199
6d 0 
3d 0 
fr 105983
ts 36345.450844
6d 0 
3d 0 
fr 105984
ts 36345.467508
6d 0 
3d 0 
fr 105985
ts 36345.484200
6d 0 
3d 0 
fr 105986
ts 36345.500862
6d 0 
3d 0 
fr 105987
ts 36345.517547
6d 0 
3d 0 
fr 105988
ts 36345.534209
6d 0 
3d 0 
fr 105989
ts 36345.550888
6d 0 
3d 0 
fr 105990
ts 36345.567549
6d 0 
3d 0 
fr 105991
ts 36345.584221
6d 0 
3d 0 
fr 105992
ts 36345.600882
6d 0 
3d 0 
fr 105993
ts 36345.617546
6d 0 
3d 0 
fr 105994
ts 36345.634209
6d 0 
3d 0 
fr 105995
ts 36345.650862
6d 0 
3d 0 
fr 105996
ts 36345.667529
6d 0 
3d 0 
fr 105997
ts 36345.684178
6d 0 
3d 0 
fr 105998
ts 36345.700840
6d 0 
3d 0 
fr 105999
ts 36345.717484
6d 0 
3d 0 
fr 106000
ts 36345.734146
6d 0 
3d 0 
fr 106001
ts 36345.750834
6d 0 
3d 0 
fr 106002
ts 36345.767497
6d 0 
3d 0 
fr 106003
ts 36345.784175
6d 0 
3d 0 
fr 106004
ts 36345.800841
6d 0 
3d 0 
fr 106005
ts 36345.817515
6d 0 
3d 0 
fr 106006
ts 36345.834177
6d 0 
3d 0 
fr 106007
ts 36345.850842
6d 0 
3d 0 
fr 106008
ts 36345.867508
6d 0 
3d 0 
fr 106009
ts 36345.884164
6d 0 
3d 0 
fr 106010
ts 36345.900829
6d 0 
3d 0 
fr 106011
ts 36345.917484
6d 0 
3d 0 
fr 106012
ts 36345.934145
6d 0 
3d 0 
fr 106013
ts 36345.950793
6d 0 
3d 0 
fr 106014
ts 36345.967455
6d 0 
3d 0 
fr 106015
ts 36345.984147
6d 0 
3d 0 
fr 106016
ts 36346.000809
6d 0 
3d 0 
fr 106017
ts 36346.017494
6d 0 
3d 0 
fr 106018
ts 36346.034156
6d 0 
3d 0 
fr 106019
ts 36346.050835
6d 0 
3d 0 
fr 106020
ts 36346.067498
6d 0 
3d 0 
fr 106021
ts 36346.084168
6d 0 
3d 0 
fr 106022
ts 36346.100831
6d 0 
3d 0 
fr 106023
ts 36346.117490
6d 0 
3d 0 
fr 106024
ts 36346.134156
6d 0 
3d 0 
fr 106025
ts 36346.150814
6d 0 
3d 0 
fr 106026
ts 36346.167475
6d 0 
3d 0 
fr 106027
ts 36346.184127
6d 0 
3d 0 
fr 106028
ts 36346.200788
6d 0 
3d 0 
fr 106029
ts 36346.217429
6d 0 
3d 0 
fr 106030
ts 36346.234089
6d 0 
3d 0 
fr 106031
ts 36346.250784
6d 0 
3d 0 
fr 106032
ts 36346.267446
6d 0 
3d 0 
fr 106033
ts 36346.284126
6d 0 
3d 0 
fr 106034
ts 36346.300788
6d 0 
3d 0 
fr 106035
ts 36346.317460
6d 0 
3d 0 
fr 106036
ts 36346.334126
6d 0 
3d 0 
fr 106037
ts 36346.350792
6d 0 
3d 0 
fr 106038
ts 36346.367457
6d 0 
3d 0 
fr 106039
ts 36346.384112
6d 0 
3d 0 
fr 106040
ts 36346.400778
6d 0 
3d 0 
fr 106041
ts 36346.417433
6d 0 
3d 0 
fr 106042
ts 36346.434097
6d 0 
3d 0 
fr 106043
ts 36346.450743
6d 0 
3d 0 
fr 106044
ts 36346.467406
6d 0 
3d 0 
fr 106045
ts 36346.484097
6d 0 
3d 0 
fr 106046
ts 36346.500758
6d 0 
3d 0 
fr 106047
ts 36346.517444
6d 0 
3d 0 
fr 106048
ts 36346.534107
6d 0 
3d 0 
fr 106049
ts 36346.550785
6d 0 
3d 0 
fr 106050
ts 36346.567447
6d 0 
3d 0 
fr 106051
ts 36346.584118
6d 0 
3d 0 
fr 106052
ts 36346.600781
6d 0 
3d 0 
fr 106053
ts 36346.617445
6d 0 
3d 0 
fr 106054
ts 36346.634107
6d 0 
3d 0 
fr 106055
ts 36346.650762
6d 0 
3d 0 
fr 106056
ts 36346.667425
6d 0 
3d 0 
fr 106057
ts 36346.684073
6d 0 
3d 0 
fr 106058
ts 36346.700739
6d 0 
3d 0 
fr 106059
ts 36346.717383
6d 0 
3d 0 
fr 106060
ts 36346.734045
6d 0 
3d 0 
fr 106061
ts 36346.750734
6d 0 
3d 0 
fr 106062
ts 36346.767396
6d 0 
3d 0 
fr 106063
ts 36346.784078
6d 0 
3d 0 
fr 106064
ts 36346.800739
6d 0 
3d 0 
fr 106065
ts 36346.817414
6d 0 
3d 0 
fr 106066
ts 36346.834077
6d 0 
3d 0 
fr 106067
ts 36346.850746
6d 0 
3d 0 
fr 106068
ts 36346.867405
6d 0 
3d 0 
fr 106069
ts 36346.884069
6d 0 
3d 0 
fr 106070
ts 36346.900730
6d 0 
3d 0 
fr 106071
ts 36346.917385
6d 0 
3d 0 
fr 106072
ts 36346.934047
6d 0 
3d 0 
fr 106073
ts 36346.950694
6d 0 
3d 0 
fr 106074
ts 36346.967356
6d 0 
3d 0 
fr 106075
ts 36346.983993
6d 0 
3d 0 
fr 106076
ts 36347.000658
6d 0 
3d 0 
fr 106077
ts 36347.017341
6d 0 
3d 0 
fr 106078
ts 36347.034005
6d 0 
3d 0 
fr 106079
ts 36347.050685
6d 0 
3d 0 
fr 106080
ts 36347.067347
6d 0 
3d 0 
fr 106081
ts 36347.084020
6d 0 
3d 0 
fr 106082
ts 36347.100681
6d 0 
3d 0 
fr 106083
ts 36347.117346
6d 0 
3d 0 
fr 106084
ts 36347.134008
6d 0 
3d 0 
fr 106085
ts 36347.150665
6d 0 
3d 0 
fr 106086
ts 36347.167328
6d 0 
3d 0 
fr 106087
ts 36347.183979
6d 0 
3d 0 
fr 106088
ts 36347.200642
6d 0 
3d 0 
fr 106089
ts 36347.217285
6d 0 
3d 0 
fr 106090
ts 36347.233948
6d 0 
3d 0 
fr 106091
ts 36347.250637
6d 0 
3d 0 
fr 106092
ts 36347.267300
6d 0 
3d 0 
fr 106093
ts 36347.283981
6d 0 
3d 0 
fr 106094
ts 36347.300642
6d 0 
3d 0 
fr 106095
ts 36347.317315
6d 0 
3d 0 
fr 106096
ts 36347.333980
6d 0 
3d 0 
fr 106097
ts 36347.350648
6d 0 
3d 0 
fr 106098
ts 36347.367309
6d 0 
3d 0 
fr 106099
ts 36347.383972
6d 0 
3d 0 
fr 106100
ts 36347.400635
6d 0 
3d 0 
fr 106101
ts 36347.417286
6d 0 
3d 0 
fr 106102
ts 36347.433950
6d 0 
3d 0 
fr 106103
ts 36347.450599
6d 0 
3d 0 
fr 106104
ts 36347.467260
6d 0 
3d 0 
fr 106105
ts 36347.483898
6d 0 
3d 0 
fr 106106
ts 36347.500563
6d 0 
3d 0 
fr 106107
ts 36347.517247
6d 0 
3d 0 
fr 106108
ts 36347.533913
6d 0 
3d 0 
fr 106109
ts 36347.550591
6d 0 
3d 0 
fr 106110
ts 36347.567251
6d 0 
3d 0 
fr 106111
ts 36347.583925
6d 0 
3d 0 
fr 106112
ts 36347.600587
6d 0 
3d 0 
fr 106113
ts 36347.617248
6d 0 
3d 0 
fr 106114
ts 36347.633915
6d 0 
3d 0 
fr 106115
ts 36347.650573
6d 0 
3d 0 
fr 106116
ts 36347.667235
6d 0 
3d 0 
fr 106117
ts 36347.683882
6d 0 
3d 0 
fr 106118
ts 36347.700548
6d 0 
3d 0 
fr 106119
ts 36347.717193
6d 0 
3d 0 
fr 106120
ts 36347.733854
6d 0 
3d 0 
fr 106121
ts 36347.750542
6d 0 
3d 0 
fr 106122
ts 36347.767206
6d 0 
3d 0 
fr 106123
ts 36347.783889
6d 0 
3d 0 
fr 106124
ts 36347.800550
6d 0 
3d 0 
fr 106125
ts 36347.817226
6d 0 
3d 0 
fr 106126
ts 36347.833887
6d 0 
3d 0 
fr 106127
ts 36347.850553
6d 0 
3d 0 
fr 106128
ts 36347.867216
6d 0 
3d 0 
fr 106129
ts 36347.883878
6d 0 
3d 0 
fr 106130
ts 36347.900544
6d 0 
3d 0 
fr 106131
ts 36347.917198
6d 0 
3d 0 
fr 106132
ts 36347.933860
6d 0 
3d 0 
fr 106133
ts 36347.950507
6d 0 
3d 0 
fr 106134
ts 36347.967171
6d 0 
3d 0 
fr 106135
ts 36347.983811
6d 0 
3d 0 
fr 106136
ts 36348.000473
6d 0 
3d 0 
fr 106137
ts 36348.017159
6d 0 
3d 0 
fr 106138
ts 36348.033821
6d 0 
3d 0 
fr 106139
ts 36348.050501
6d 0 
3d 0 
fr 106140
ts 36348.067164
6d 0 
3d 0 
fr 106141
ts 36348.083835
6d 0 
3d 0 
fr 106142
ts 36348.100497
6d 0 
3d 0 
fr 106143
ts 36348.117163
6d 0 
3d 0 
fr 106144
ts 36348.133824
6d 0 
3d 0 
fr 106145
ts 36348.150484
6d 0 
3d 0 
fr 106146
ts 36348.167145
6d 0 
3d 0 
fr 106147
ts 36348.183794
6d 0 
3d 0 
fr 106148
ts 36348.200459
6d 0 
3d 0 
fr 106149
ts 36348.217104
6d 0 
3d 0 
fr 106150
ts 36348.233765
6d 0 
3d 0 
fr 106151
ts 36348.250456
6d 0 
3d 0 
fr 106152
ts 36348.267117
6d 0 
3d 0 
fr 106153
ts 36348.283801
6d 0 
3d 0 
fr 106154
ts 36348.300462
6d 0 
3d 0 
fr 106155
ts 36348.317137
6d 0 
3d 0 
fr 106156
ts 36348.333800
6d 0 
3d 0 
fr 106157
ts 36348.350467
6d 0 
3d 0 
fr 106158
ts 36348.367133
6d 0 
3d 0 
fr 106159
ts 36348.383794
6d 0 
3d 0 
fr 106160
ts 36348.400456
6d 0 
3d 0 
fr 106161
ts 36348.417107
6d 0 
3d 0 
fr 106162
ts 36348.433772
6d 0 
3d 0 
fr 106163
ts 36348.450422
6d 0 
3d 0 
fr 106164
ts 36348.467083
6d 0 
3d 0 
fr 106165
ts 36348.483725
6d 0 
3d 0 
fr 106166
ts 36348.500388
6d 0 
3d 0 
fr 106167
ts 36348.517071
6d 0 
3d 0 
fr 106168
ts 36348.533735
6d 0 
3d 0 
fr 106169
ts 36348.550416
6d 0 
3d 0 
fr 106170
ts 36348.567077
6d 0 
3d 0 
fr 106171
ts 36348.583748
6d 0 
3d 0 
fr 106172
ts 36348.600411
6d 0 
3d 0 
fr 106173
ts 36348.617074
6d 0 
3d 0 
fr 106174
ts 36348.633739
6d 0 
3d 0 
fr 106175
ts 36348.650398
6d 0 
3d 0 
fr 106176
ts 36348.667060
6d 0 
3d 0 
fr 106177
ts 36348.683713
6d 0 
3d 0 
fr 106178
ts 36348.700375
6d 0 
3d 0 
fr 106179
ts 36348.717019
6d 0 
3d 0 
fr 106180
ts 36348.733683
6d 0 
3d 0 
fr 106181
ts 36348.750372
6d 0 
3d 0 
fr 106182
ts 36348.767034
6d 0 
3d 0 
fr 106183
ts 36348.783717
6d 0 
3d 0 
fr 106184
ts 36348.800374
6d 0 
3d 0 
fr 106185
ts 36348.817055
6d 0 
3d 0 
fr 106186
ts 36348.833717
6d 0 
3d 0 
fr 106187
ts 36348.850386
6d 0 
3d 0 
fr 106188
ts 36348.867046
6d 0 
3d 0 
fr 106189
ts 36348.883711
6d 0 
3d 0 
fr 106190
ts 36348.900374
6d 0 
3d 0 
fr 106191
ts 36348.917029
6d 0 
3d 0 
fr 106192
ts 36348.933690
6d 0 
3d 0 
fr 106193
ts 36348.950336
6d 0 
3d 0 
fr 106194
ts 36348.967000
6d 0 
3d 1 [597 1.000][-2191.054 -1151.834 796.213] 
fr 106195
ts 36348.983643
6d 0 
3d 0 
fr 106196
ts 36349.000304
6d 0 
3d 0 
fr 106197
ts 36349.016992
6d 0 
3d 0 
fr 106198
ts 36349.033653
6d 0 
3d 0 
fr 106199
ts 36349.050334
6d 0 
3d 0 
fr 106200
ts 36349.066995
6d 0 
3d 0 
fr 106201
ts 36349.083669
6d 0 
3d 0 
fr 106202
ts 36349.100332
6d 0 
3d 0 
fr 106203
ts 36349.116996
6d 0 
3d 0 
fr 106204
ts 36349.133658
6d 0 
3d 0 
fr 106205
ts 36349.150318
6d 0 
3d 0 
fr 106206
ts 36349.166980
6d 0 
3d 0 
fr 106207
ts 36349.183633
6d 0 
3d 0 
fr 106208
ts 36349.200293
6d 0 
3d 0 
fr 106209
ts 36349.216935
6d 0 
3d 0 
fr 106210
ts 36349.233601
6d 0 
3d 0 
fr 106211
ts 36349.250292
6d 0 
3d 0 
fr 106212
ts 36349.266954
6d 0 
3d 0 
fr 106213
ts 36349.283633
6d 0 
3d 0 
fr 106214
ts 36349.300299
6d 0 
3d 0 
fr 106215
ts 36349.316973
6d 0 
3d 0 
fr 106216
ts 36349.333638
6d 0 
3d 0 
fr 106217
ts 36349.350306
6d 0 
3d 0 
fr 106218
ts 36349.366968
6d 0 
3d 0 
fr 106219
ts 36349.383629
6d 0 
3d 1 [598 1.000][-2162.403 -1218.993 889.947] 
fr 106220
ts 36349.400294
6d 0 
3d 1 [598 1.000][-2155.586 -1217.146 890.461] 
fr 106221
ts 36349.416950
6d 0 
3d 1 [598 1.000][-2148.939 -1215.404 890.644] 
fr 106222
ts 36349.433612
6d 0 
3d 2 [598 1.000][-2142.459 -1213.570 890.695] [599 1.000][-2185.289 -1163.422 882.113] 
fr 106223
ts 36349.450261
6d 0 
3d 2 [598 1.000][-2135.884 -1211.594 890.841] [599 1.000][-2178.493 -1161.954 883.151] 
fr 106224
ts 36349.466923
6d 0 
3d 2 [598 1.000][-2129.318 -1210.426 891.798] [599 1.000][-2171.876 -1160.769 884.245] 
fr 106225
ts 36349.483565
6d 0 
3d 2 [598 1.000][-2122.417 -1209.682 892.628] [599 1.000][-2165.786 -1159.354 885.547] 
fr 106226
ts 36349.500227
6d 0 
3d 2 [598 1.000][-2116.363 -1207.881 893.338] [599 1.000][-2159.586 -1158.271 886.533] 
fr 106227
ts 36349.516915
6d 0 
3d 3 [598 1.000][-2110.210 -1207.052 894.094] [599 1.000][-2153.547 -1157.593 887.287] [600 1.000][-2018.885 -1026.587 865.993] 
fr 106228
ts 36349.533576
6d 0 
3d 3 [598 1.000][-2103.564 -1207.022 894.991] [599 1.000][-2147.915 -1157.037 888.613] [600 1.000][-2013.717 -1026.097 865.956] 
fr 106229
ts 36349.550256
6d 0 
3d 3 [598 1.000][-2098.091 -1205.692 895.531] [599 1.000][-2142.453 -1156.718 889.251] [600 1.000][-2009.099 -1025.496 866.418] 
fr 106230
ts 36349.566918
6d 0 
3d 3 [598 1.000][-2092.344 -1205.772 895.799] [599 1.000][-2137.121 -1156.993 889.841] [600 1.000][-2005.425 -1023.566 866.358] 
fr 106231
ts 36349.583591
6d 0 
3d 2 [598 1.000][-2086.953 -1206.207 895.822] [599 1.000][-2132.308 -1157.525 890.370] 
fr 106232
ts 36349.600255
6d 0 
3d 2 [598 1.000][-2082.137 -1206.709 895.224] [599 1.000][-2127.435 -1158.366 890.247] 
fr 106233
ts 36349.616920
6d 0 
3d 2 [598 1.000][-2077.212 -1207.390 893.916] [599 1.000][-2122.839 -1159.919 890.178] 
fr 106234
ts 36349.633582
6d 0 
3d 2 [598 1.000][-2071.894 -1208.461 892.294] [599 1.000][-2117.823 -1161.526 889.563] 
fr 106235
ts 36349.650241
6d 0 
3d 2 [598 1.000][-2065.896 -1210.208 890.683] [599 1.000][-2112.673 -1163.178 888.621] 
fr 106236
ts 36349.666903
6d 0 
3d 2 [598 1.000][-2060.302 -1211.021 889.609] [599 1.000][-2107.015 -1164.650 887.661] 
fr 106237
ts 36349.683556
6d 0 
3d 2 [598 1.000][-2053.554 -1213.179 888.838] [599 1.000][-2101.493 -1165.868 886.061] 
fr 106238
ts 36349.700218
6d 0 
3d 2 [598 1.000][-2047.573 -1214.210 887.142] [599 1.000][-2095.934 -1167.362 885.121] 
fr 106239
ts 36349.716861
6d 0 
3d 2 [598 1.000][-2041.894 -1214.452 885.106] [599 1.000][-2090.424 -1169.167 884.525] 
fr 106240
ts 36349.733525
6d 0 
3d 2 [598 1.000][-2036.216 -1216.046 883.392] [599 1.000][-2085.278 -1170.389 883.880] 
fr 106241
ts 36349.750216
6d 0 
3d 2 [598 1.000][-2030.979 -1217.211 882.089] [599 1.000][-2080.217 -1172.585 883.667] 
fr 106242
ts 36349.766877
6d 0 
3d 2 [598 1.000][-2026.020 -1218.898 881.235] [599 1.000][-2075.721 -1173.913 883.011] 
fr 106243
ts 36349.783562
6d 0 
3d 2 [598 1.000][-2021.268 -1220.447 880.567] [599 1.000][-2070.930 -1176.144 883.036] 
fr 106244
ts 36349.800223
6d 0 
3d 3 [598 1.000][-2017.002 -1221.470 879.498] [599 1.000][-2066.772 -1177.261 882.594] [601 1.000][-2016.957 -1029.773 873.683] 
fr 106245
ts 36349.816897
6d 0 
3d 3 [598 1.000][-2012.509 -1222.451 878.872] [599 1.000][-2062.604 -1178.841 882.625] [601 1.000][-2013.552 -1031.073 874.225] 
fr 106246
ts 36349.833562
6d 0 
3d 3 [598 1.000][-2008.603 -1223.225 878.489] [599 1.000][-2058.898 -1179.857 882.985] [601 1.000][-2010.787 -1031.390 875.026] 
fr 106247
ts 36349.850233
6d 0 
3d 3 [598 1.000][-2005.041 -1223.840 878.760] [599 1.000][-2055.720 -1180.239 883.294] [601 1.000][-2008.153 -1031.966 876.271] 
fr 106248
ts 36349.866894
6d 0 
3d 3 [598 1.000][-2001.472 -1224.245 880.266] [599 1.000][-2052.553 -1180.538 884.319] [601 1.000][-2005.422 -1033.049 878.342] 
fr 106249
ts 36349.883558
6d 0 
3d 3 [598 1.000][-1998.484 -1224.456 881.899] [599 1.000][-2049.310 -1180.676 886.031] [601 1.000][-2002.830 -1032.995 879.944] 
fr 106250
ts 36349.900219
6d 0 
3d 3 [598 1.000][-1995.677 -1223.546 883.447] [599 1.000][-2046.782 -1180.392 888.096] [601 1.000][-2000.700 -1032.581 881.505] 
fr 106251
ts 36349.916876
6d 0 
3d 3 [598 1.000][-1993.384 -1222.409 884.729] [599 1.000][-2044.118 -1180.466 890.822] [601 1.000][-1998.584 -1031.741 882.972] 
fr 106252
ts 36349.933539
6d 0 
3d 3 [598 1.000][-1990.814 -1221.136 886.180] [599 1.000][-2041.569 -1179.635 892.932] [601 1.000][-1996.395 -1030.759 884.297] 
fr 106253
ts 36349.950187
6d 0 
3d 3 [598 1.000][-1988.494 -1219.911 887.213] [599 1.000][-2039.273 -1178.592 894.431] [601 1.000][-1994.620 -1029.720 885.307] 
fr 106254
ts 36349.966848
6d 1 [12 1.000][-2049.157 -1225.540 911.217 1.6724 29.0116 70.3842][0.293586 0.946316 -0.135255 -0.823768 0.322235 0.466444 0.484987 -0.025523 0.874149] 
3d 0 
fr 106255
ts 36349.983487
6d 1 [12 1.000][-1992.375 -1219.612 887.369 5.9057 33.8538 72.7196][0.246687 0.966821 -0.066353 -0.792977 0.240741 0.559671 0.557076 -0.085447 0.826054] 
3d 0 
fr 106256
ts 36350.000152
6d 1 [12 1.000][-1980.495 -1216.904 884.179 6.3502 34.2198 72.4014][0.250006 0.966156 -0.063559 -0.788187 0.241202 0.566201 0.562369 -0.091457 0.821813] 
3d 0 
fr 106257
ts 36350.016841
6d 1 [12 1.000][-1978.950 -1215.456 884.655 6.4375 34.1596 72.1257][0.253977 0.965054 -0.064546 -0.787536 0.245078 0.565441 0.561500 -0.092776 0.822259] 
3d 0 
fr 106258
ts 36350.033502
6d 1 [12 1.000][-1980.441 -1213.961 885.318 6.4886 34.0610 71.6661][0.260589 0.963068 -0.067776 -0.786390 0.252460 0.563787 0.560075 -0.093619 0.823135] 
3d 0 
fr 106259
ts 36350.050179
6d 1 [12 1.000][-1983.040 -1212.250 885.473 6.5338 33.9345 71.0691][0.269169 0.960375 -0.072299 -0.784800 0.262233 0.561536 0.558244 -0.094408 0.824288] 
3d 0 
fr 106260
ts 36350.066844
6d 1 [12 1.000][-1986.022 -1210.310 885.066 6.5877 33.8839 70.3841][0.278699 0.957217 -0.077863 -0.781990 0.273249 0.560203 0.557512 -0.095240 0.824688] 
3d 0 
fr 106261
ts 36350.083514
6d 1 [12 1.000][-1988.697 -1208.887 884.833 6.5070 33.8215 69.8530][0.286144 0.954490 -0.084087 -0.779942 0.282994 0.558216 0.556608 -0.094147 0.825423] 
3d 0 
fr 106262
ts 36350.100181
6d 1 [12 1.000][-1991.669 -1207.520 883.796 6.5469 33.5981 69.3954][0.293125 0.952131 -0.086745 -0.779658 0.290565 0.554712 0.553364 -0.094969 0.827508] 
3d 0 
fr 106263
ts 36350.116843
6d 1 [12 1.000][-1993.938 -1206.163 882.488 6.2352 33.4705 69.2941][0.294938 0.951053 -0.092248 -0.780289 0.295448 0.551235 0.551508 -0.090600 0.829235] 
3d 0 
fr 106264
ts 36350.133508
6d 1 [12 1.000][-1996.374 -1204.617 880.526 5.8210 32.9950 69.2647][0.296949 0.949958 -0.096959 -0.784392 0.300573 0.542574 0.544565 -0.085063 0.834394] 
3d 0 
fr 106265
ts 36350.150168
6d 1 [12 1.000][-1998.374 -1203.671 878.832 5.3483 32.4190 69.5682][0.294687 0.950453 -0.098990 -0.791043 0.300746 0.532731 0.536107 -0.078683 0.840475] 
3d 0 
fr 106266
ts 36350.166830
6d 1 [12 1.000][-1999.998 -1202.400 876.044 5.0761 32.0048 70.0528][0.289299 0.952319 -0.096928 -0.797130 0.295736 0.526426 0.529990 -0.075030 0.844678] 
3d 0 
fr 106267
ts 36350.183483
6d 1 [12 1.000][-2001.849 -1201.640 873.121 4.8637 31.2701 70.4737][0.285684 0.953804 -0.092961 -0.805573 0.291557 0.515797 0.519073 -0.072468 0.851652] 
3d 0 
fr 106268
ts 36350.200145
6d 1 [12 1.000][-2003.644 -1202.021 870.774 4.7435 30.6306 70.8694][0.281996 0.955346 -0.088275 -0.812950 0.286794 0.506816 0.509501 -0.071157 0.857523] 
3d 0 
fr 106269
ts 36350.216791
6d 1 [12 1.000][-2005.728 -1202.374 867.336 4.8424 29.9293 71.0928][0.280823 0.956315 -0.081234 -0.819882 0.283035 0.497679 0.498930 -0.073158 0.863549] 
3d 0 
fr 106270
ts 36350.233453
6d 1 [12 1.000][-2007.511 -1203.034 863.273 4.9685 29.1989 71.3602][0.279005 0.957490 -0.073273 -0.827143 0.278382 0.488198 0.487843 -0.075603 0.869651] 
3d 0 
fr 106271
ts 36350.250144
6d 1 [12 1.000][-2009.454 -1204.512 859.915 5.3152 28.6400 71.4034][0.279884 0.957871 -0.064397 -0.831824 0.275450 0.481868 0.479305 -0.081300 0.873875] 
3d 0 
fr 106272
ts 36350.266807
6d 1 [12 1.000][-2011.671 -1205.267 855.290 5.7810 28.0912 71.3903][0.281527 0.958030 -0.054041 -0.836073 0.272546 0.476131 0.470877 -0.088861 0.877712] 
3d 0 
fr 106273
ts 36350.283490
6d 1 [12 1.000][-2013.641 -1206.629 851.081 6.2901 27.5294 71.4365][0.282309 0.958386 -0.042396 -0.840637 0.268433 0.470398 0.462203 -0.097158 0.881436] 
3d 0 
fr 106274
ts 36350.300152
6d 1 [12 1.000][-2015.460 -1208.350 848.088 6.5583 26.8909 71.5677][0.281995 0.958823 -0.033717 -0.846115 0.265107 0.462394 0.452292 -0.101864 0.886033] 
3d 0 
fr 106275
ts 36350.316825
6d 1 [12 1.000][-2017.179 -1209.562 844.364 7.0882 26.3764 71.6886][0.281474 0.959331 -0.021364 -0.850529 0.259735 0.457316 0.444266 -0.110551 0.889048] 
3d 0 
fr 106276
ts 36350.333491
6d 1 [12 1.000][-2018.554 -1210.131 840.514 7.4194 25.9014 71.9269][0.279067 0.960201 -0.011622 -0.855164 0.254009 0.451856 0.436825 -0.116159 0.892015] 
3d 0 
fr 106277
ts 36350.350160
6d 1 [12 1.000][-2019.714 -1211.287 837.930 7.5178 25.3772 72.1865][0.276400 0.961027 -0.005420 -0.860189 0.249906 0.444546 0.428576 -0.118210 0.895739] 
3d 0 
fr 106278
ts 36350.366820
6d 1 [12 1.000][-2020.708 -1212.703 835.728 7.5762 24.7831 72.4861][0.273222 0.961951 0.000686 -0.865814 0.245605 0.435940 0.419184 -0.119702 0.899975] 
3d 0 
fr 106279
ts 36350.383486
6d 1 [12 1.000][-2021.468 -1213.808 833.679 7.4628 24.2914 72.8434][0.268869 0.963169 0.003781 -0.870907 0.241433 0.428055 0.411377 -0.118383 0.903745] 
3d 0 
fr 106280
ts 36350.400148
6d 1 [12 1.000][-2022.053 -1214.359 831.148 7.5933 24.0645 73.1126][0.265244 0.964139 0.009029 -0.873713 0.236385 0.425145 0.407765 -0.120656 0.905080] 
3d 0 
fr 106281
ts 36350.416805
6d 1 [12 1.000][-2022.900 -1215.180 829.087 7.6795 23.7000 73.3426][0.262474 0.964840 0.013840 -0.877237 0.232619 0.419932 0.401948 -0.122362 0.907450] 
3d 0 
fr 106282
ts 36350.433466
6d 1 [12 1.000][-2026.111 -1217.530 826.453 9.1555 23.1559 72.6691][0.273891 0.961078 0.036242 -0.877696 0.234366 0.417998 0.393235 -0.146295 0.907725] 
3d 0 
fr 106283
ts 36350.450116
6d 1 [12 1.000][-2026.979 -1218.925 825.108 9.6221 23.0466 72.6285][0.274737 0.960499 0.044288 -0.878216 0.231915 0.418273 0.391480 -0.153809 0.907241] 
3d 0 
fr 106284
ts 36350.466777
6d 1 [12 1.000][-2027.059 -1220.176 824.179 9.8414 23.0209 72.7849][0.272391 0.960927 0.049228 -0.879130 0.227758 0.418636 0.391067 -0.157310 0.906819] 
3d 0 
fr 106285
ts 36350.483417
6d 1 [12 1.000][-2027.043 -1221.205 823.345 10.0969 22.9891 72.8980][0.270718 0.961115 0.054488 -0.879874 0.224077 0.419060 0.390555 -0.161390 0.906322] 
3d 0 
fr 106286
ts 36350.500082
6d 1 [12 1.000][-2026.795 -1222.001 822.783 10.1499 22.8713 73.0218][0.269050 0.961448 0.056828 -0.881223 0.221931 0.417364 0.388662 -0.162370 0.906961] 
3d 0 
fr 106287
ts 36350.516770
6d 1 [12 1.000][-2026.316 -1222.563 822.316 10.1421 22.8477 73.1524][0.267087 0.961940 0.057755 -0.881987 0.219860 0.416846 0.388283 -0.162274 0.907140] 
3d 0 
fr 106288
ts 36350.533433
6d 1 [12 1.000][-2025.952 -1223.065 821.939 10.1459 22.9235 73.2154][0.265968 0.962239 0.057931 -0.881787 0.218569 0.417946 0.389502 -0.162244 0.906623] 
3d 0 
fr 106289
ts 36350.550113
6d 1 [12 1.000][-2025.844 -1223.377 821.779 10.1274 23.0245 73.1765][0.266368 0.962192 0.056875 -0.880948 0.219083 0.419444 0.391125 -0.161831 0.905998] 
3d 0 
fr 106290
ts 36350.566774
6d 1 [12 1.000][-2025.758 -1223.648 821.777 10.1156 23.1181 73.1344][0.266829 0.962119 0.055940 -0.880140 0.219624 0.420855 0.392627 -0.161531 0.905401] 
3d 0 
fr 106291
ts 36350.583445
6d 1 [12 1.000][-2025.728 -1223.781 821.730 10.3097 23.2894 73.0872][0.267212 0.961887 0.058063 -0.878792 0.218520 0.424232 0.395375 -0.164386 0.903690] 
3d 0 
fr 106292
ts 36350.600110
6d 1 [12 1.000][-2025.688 -1223.711 821.918 10.3691 23.3882 73.0858][0.267035 0.961904 0.058597 -0.878132 0.217831 0.425951 0.396959 -0.165200 0.902847] 
3d 0 
fr 106293
ts 36350.616778
6d 1 [12 1.000][-2025.729 -1223.497 822.309 10.4450 23.4862 73.0542][0.267321 0.961788 0.059188 -0.877334 0.217524 0.427748 0.398529 -0.166273 0.901958] 
3d 0 
fr 106294
ts 36350.633439
6d 1 [12 1.000][-2025.788 -1223.200 822.791 10.4896 23.5378 73.0175][0.267778 0.961646 0.059423 -0.876819 0.217664 0.428732 0.399354 -0.166909 0.901475] 
3d 0 
fr 106295
ts 36350.650099
6d 1 [12 1.000][-2025.806 -1222.760 823.208 10.5125 23.6660 72.9590][0.268410 0.961510 0.058780 -0.875689 0.218116 0.430807 0.401404 -0.167106 0.900528] 
3d 0 
fr 106296
ts 36350.666760
6d 1 [12 1.000][-2025.676 -1222.408 823.633 10.5556 23.8420 72.9096][0.268802 0.961428 0.058320 -0.874274 0.218129 0.433664 0.404215 -0.167557 0.899186] 
3d 0 
fr 106297
ts 36350.683413
6d 1 [12 1.000][-2025.562 -1221.972 824.118 10.5068 23.9664 72.8040][0.270152 0.961180 0.056125 -0.872937 0.219924 0.435447 0.406200 -0.166630 0.898463] 
3d 0 
fr 106298
ts 36350.700076
6d 1 [12 1.000][-2025.464 -1221.551 824.503 10.5041 24.0864 72.6940][0.271574 0.960863 0.054685 -0.871602 0.221456 0.437340 0.408114 -0.166433 0.897632] 
3d 0 
fr 106299
ts 36350.716723
6d 1 [12 1.000][-2025.320 -1221.304 824.812 10.6811 24.3078 72.5115][0.273874 0.960179 0.055216 -0.869222 0.222541 0.441507 0.411638 -0.168912 0.895557] 
3d 0 
fr 106300
ts 36350.733385
6d 1 [12 1.000][-2025.096 -1220.964 825.192 10.7486 24.4876 72.3433][0.276030 0.959620 0.054198 -0.867179 0.224329 0.444608 0.414497 -0.169725 0.894084] 
3d 0 
fr 106301
ts 36350.750076
6d 1 [12 1.000][-2024.748 -1220.659 825.570 10.8320 24.5640 72.2429][0.277380 0.959216 0.054451 -0.866168 0.225146 0.446165 0.415709 -0.170921 0.893293] 
3d 0 
fr 106302
ts 36350.766737
6d 1 [12 1.000][-2024.312 -1220.626 825.858 10.9889 24.6027 72.1744][0.278331 0.958830 0.056360 -0.865567 0.224959 0.447423 0.416324 -0.173314 0.892545] 
3d 0 
fr 106303
ts 36350.783422
6d 1 [12 1.000][-2023.712 -1220.600 826.211 11.0587 24.6722 72.1290][0.278861 0.958648 0.056841 -0.864865 0.224971 0.448772 0.417427 -0.174304 0.891837] 
3d 0 
fr 106304
ts 36350.800084
6d 1 [12 1.000][-2022.935 -1220.850 826.743 11.2145 24.8453 72.0486][0.279684 0.958339 0.057988 -0.863270 0.224587 0.452024 0.420169 -0.176483 0.890119] 
3d 0 
fr 106305
ts 36350.816757
6d 1 [12 1.000][-2022.150 -1221.412 827.125 11.5458 25.1659 71.9182][0.280914 0.957795 0.060953 -0.860383 0.223186 0.458181 0.425240 -0.181152 0.886766] 
3d 0 
fr 106306
ts 36350.833423
6d 1 [12 1.000][-2021.303 -1221.707 827.809 11.7150 25.4495 71.8068][0.281926 0.957462 0.061522 -0.857824 0.222830 0.463124 0.429715 -0.183342 0.884156] 
3d 0 
fr 106307
ts 36350.850089
6d 1 [12 1.000][-2020.328 -1222.224 828.734 11.7320 25.4830 71.7326][0.282957 0.957188 0.061044 -0.857220 0.223829 0.463762 0.430244 -0.183553 0.883854] 
3d 0 
fr 106308
ts 36350.866752
6d 1 [12 1.000][-2019.276 -1222.646 829.749 11.8159 25.5147 71.7467][0.282672 0.957184 0.062406 -0.857064 0.222818 0.464537 0.430742 -0.184798 0.883352] 
3d 0 
fr 106309
ts 36350.883418
6d 1 [12 1.000][-2017.338 -1222.288 831.559 11.3452 25.4855 72.1227][0.277109 0.959104 0.057713 -0.859109 0.220424 0.461894 0.430282 -0.177577 0.885056] 
3d 0 
fr 106310
ts 36350.900080
6d 1 [12 1.000][-2015.352 -1221.860 833.664 10.8866 25.5083 72.4980][0.271425 0.961003 0.052941 -0.860742 0.217759 0.460114 0.430642 -0.170455 0.886280] 
3d 0 
fr 106311
ts 36350.916733
6d 1 [12 1.000][-2013.656 -1221.915 836.011 10.8530 25.5410 72.6912][0.268446 0.961792 0.053780 -0.861418 0.214693 0.460290 0.431157 -0.169890 0.886138] 
3d 0 
fr 106312
ts 36350.933399
6d 1 [12 1.000][-2012.165 -1221.855 838.587 10.9318 25.4132 72.7903][0.267240 0.961973 0.056483 -0.862797 0.212761 0.458600 0.429144 -0.171289 0.886846] 
3d 0 
fr 106313
ts 36350.950049
6d 1 [12 1.000][-2010.860 -1221.790 841.646 11.0468 25.3200 72.7689][0.267770 0.961695 0.058670 -0.863362 0.212469 0.457670 0.427674 -0.173204 0.887184] 
3d 0 
fr 106314
ts 36350.966710
6d 1 [12 1.000][-2009.477 -1221.580 845.301 11.3679 25.3849 72.7100][0.268512 0.961195 0.063290 -0.862624 0.210695 0.459877 0.428697 -0.178078 0.885724] 
3d 0 
fr 106315
ts 36350.983353
6d 1 [12 1.000][-2008.362 -1221.316 850.019 11.3635 25.2160 72.4859][0.272263 0.960210 0.062202 -0.862769 0.214990 0.457613 0.426032 -0.178257 0.886973] 
3d 0 
fr 106316
ts 36351.000015
6d 1 [12 1.000][-2007.285 -1220.939 855.160 11.5003 25.2020 72.1451][0.277422 0.958756 0.061835 -0.861233 0.219646 0.458294 0.425811 -0.180395 0.886647] 
3d 0 
fr 106317
ts 36351.016703
6d 1 [12 1.000][-2005.987 -1220.004 860.805 11.5818 25.2912 71.7450][0.283222 0.957203 0.059562 -0.858644 0.225415 0.460346 0.427219 -0.181523 0.885739] 
3d 0 
fr 106318
ts 36351.033366
6d 1 [12 1.000][-2004.648 -1218.796 867.166 11.5404 25.3493 71.2758][0.290104 0.955424 0.054812 -0.855885 0.233405 0.461500 0.428135 -0.180796 0.885445] 
3d 0 
fr 106319
ts 36351.050046
6d 1 [12 1.000][-2003.186 -1217.596 874.516 11.4044 25.3345 70.8613][0.296325 0.953815 0.049282 -0.853868 0.241450 0.461098 0.427903 -0.178715 0.885980] 
3d 0 
fr 106320
ts 36351.066708
6d 1 [12 1.000][-2001.546 -1216.124 882.447 11.0475 25.2809 70.5440][0.301182 0.952682 0.041071 -0.852591 0.249750 0.459035 0.427057 -0.173270 0.887468] 
3d 0 
fr 106321
ts 36351.083382
6d 1 [12 1.000][-2000.367 -1213.845 890.339 10.5077 24.7650 70.3174][0.305835 0.951513 0.032989 -0.854980 0.259232 0.449231 0.418898 -0.165596 0.892806] 
3d 0 
fr 106322
ts 36351.100044
6d 1 [12 1.000][-1999.595 -1211.229 898.665 9.8932 24.1125 70.0691][0.311143 0.950052 0.024330 -0.858075 0.269831 0.436918 0.408530 -0.156821 0.899172] 
3d 0 
fr 106323
ts 36351.116711
6d 1 [12 1.000][-1998.883 -1208.255 907.682 9.0821 23.5581 69.8570][0.315663 0.948792 0.012286 -0.860589 0.280817 0.424886 0.399678 -0.144694 0.905164] 
3d 0 
fr 106324
ts 36351.133369
6d 1 [12 1.000][-1999.235 -1204.866 916.432 8.3397 22.3549 69.4537][0.324588 0.945848 0.003740 -0.866016 0.295597 0.403286 0.380342 -0.134141 0.915066] 
3d 0 
fr 106325
ts 36351.150033
6d 1 [12 1.000][-1999.360 -1200.953 924.664 7.6456 21.4599 69.0319][0.333040 0.942896 -0.005519 -0.869044 0.309216 0.386196 0.365850 -0.123822 0.922400] 
3d 0 
fr 106326
ts 36351.166693
6d 1 [12 1.000][-1999.605 -1197.391 932.457 6.9468 20.3103 68.3315][0.346280 0.938014 -0.014823 -0.871555 0.327511 0.364866 0.347105 -0.113427 0.930942] 
3d 0 
fr 106327
ts 36351.183348
6d 1 [12 1.000][-1999.146 -1194.139 939.599 6.4627 19.6382 67.5604][0.359506 0.932848 -0.023435 -0.870520 0.344320 0.351623 0.336080 -0.106010 0.935848] 
3d 0 
fr 106328
ts 36351.200010
6d 1 [12 1.000][-1998.392 -1190.632 944.912 6.2668 19.0809 66.6124][0.375139 0.926521 -0.028798 -0.867413 0.361824 0.341582 0.326903 -0.103161 0.939410] 
3d 0 
fr 106329
ts 36351.216657
6d 1 [12 1.000][-1997.560 -1186.973 948.764 6.2499 18.5126 65.5978][0.391761 0.919536 -0.031258 -0.863544 0.379206 0.332407 0.317514 -0.103232 0.942618] 
3d 0 
fr 106330
ts 36351.233319
6d 1 [12 1.000][-1996.499 -1184.089 951.929 6.4198 17.8655 64.6172][0.407993 0.912503 -0.029664 -0.859899 0.394985 0.323360 0.306784 -0.106420 0.945811] 
3d 0 
fr 106331
ts 36351.250006
6d 1 [12 1.000][-1995.382 -1181.733 954.424 6.5287 16.9840 63.7230][0.423403 0.905553 -0.026528 -0.857558 0.410060 0.310557 0.292104 -0.108742 0.950184] 
3d 0 
fr 106332
ts 36351.266671
6d 1 [12 1.000][-1994.264 -1179.773 955.834 7.0118 16.0960 62.9140][0.437479 0.899075 -0.016609 -0.855422 0.421790 0.300578 0.277247 -0.117289 0.953613] 
3d 0 
fr 106333
ts 36351.283357
6d 1 [12 1.000][-1993.220 -1177.912 956.603 7.4266 15.0050 62.2540][0.449678 0.893176 -0.005127 -0.854844 0.432029 0.287389 0.258904 -0.124849 0.957800] 
3d 0 
fr 106334
ts 36351.300018
6d 1 [12 1.000][-1992.030 -1176.015 956.742 7.9493 14.0658 61.6985][0.459897 0.887939 0.007646 -0.854066 0.439963 0.277497 0.243036 -0.134150 0.960696] 
3d 0 
fr 106335
ts 36351.316696
6d 1 [12 1.000][-1991.049 -1174.455 956.115 8.4950 12.8663 61.1558][0.470316 0.882194 0.023150 -0.853943 0.448322 0.264176 0.222676 -0.144015 0.964197] 
3d 0 
fr 106336
ts 36351.333357
6d 1 [12 1.000][-1990.108 -1172.936 954.698 9.1734 11.6027 60.6240][0.480515 0.876003 0.041527 -0.853613 0.456324 0.251226 0.201125 -0.156166 0.967037] 
3d 0 
fr 106337
ts 36351.350027
6d 1 [12 1.000][-1988.875 -1171.240 953.148 9.8856 10.4710 60.1205][0.489882 0.869744 0.059668 -0.852636 0.463728 0.240768 0.181737 -0.168823 0.968747] 
3d 0 
fr 106338
ts 36351.366691
