fr 135659
ts 36839.981356
6d 1 [12 1.000][574.879 -352.972 431.107 -3.1415 -7.1774 -36.9692][0.792699 -0.595011 0.132630 0.596673 0.801876 0.031240 -0.124941 0.054372 0.990673] 
3d 0 
fr 135660
ts 36839.998019
6d 1 [12 1.000][574.875 -352.960 431.111 -3.1353 -7.1726 -36.9714][0.792683 -0.595061 0.132498 0.596711 0.801847 0.031283 -0.124858 0.054266 0.990689] 
3d 0 
fr 135661
ts 36840.014662
6d 1 [12 1.000][574.878 -352.863 431.104 -3.1408 -7.1744 -36.9762][0.792630 -0.595113 0.132578 0.596774 0.801801 0.031236 -0.124890 0.054360 0.990680] 
3d 0 
fr 135662
ts 36840.031323
6d 1 [12 1.000][574.870 -352.979 431.101 -3.1445 -7.1598 -36.9754][0.792664 -0.595105 0.132416 0.596782 0.801803 0.031030 -0.124638 0.054427 0.990708] 
3d 0 
fr 135663
ts 36840.048007
6d 1 [12 1.000][574.866 -353.038 431.095 -3.1453 -7.1644 -36.9748][0.792662 -0.595091 0.132487 0.596768 0.801812 0.031066 -0.124717 0.054439 0.990698] 
3d 0 
fr 135664
ts 36840.064674
6d 1 [12 1.000][574.866 -353.072 431.091 -3.1442 -7.1636 -36.9739][0.792673 -0.595081 0.132466 0.596756 0.801821 0.031070 -0.124703 0.054422 0.990700] 
3d 0 
fr 135665
ts 36840.081354
6d 1 [12 1.000][574.875 -352.987 431.053 -3.1465 -7.1763 -36.9751][0.792639 -0.595083 0.132663 0.596756 0.801817 0.031173 -0.124922 0.054458 0.990671] 
3d 0 
fr 135666
ts 36840.098016
6d 1 [12 1.000][574.868 -352.992 431.069 -3.1450 -7.1715 -36.9768][0.792629 -0.595115 0.132582 0.596787 0.801795 0.031149 -0.124840 0.054434 0.990683] 
3d 0 
fr 135667
ts 36840.114685
6d 1 [12 1.000][574.870 -352.977 431.066 -3.1479 -7.1893 -36.9747][0.792620 -0.595065 0.132858 0.596734 0.801829 0.031288 -0.125148 0.054481 0.990641] 
3d 0 
fr 135668
ts 36840.131352
6d 1 [12 1.000][574.870 -352.977 431.066 -3.1479 -7.1893 -36.9747][0.792620 -0.595065 0.132858 0.596734 0.801829 0.031288 -0.125148 0.054481 0.990641] 
3d 0 
fr 135669
ts 36840.148015
6d 1 [12 1.000][574.870 -352.977 431.066 -3.1479 -7.1893 -36.9747][0.792620 -0.595065 0.132858 0.596734 0.801829 0.031288 -0.125148 0.054481 0.990641] 
3d 0 
fr 135670
ts 36840.164680
6d 1 [12 1.000][574.870 -352.977 431.066 -3.1479 -7.1893 -36.9747][0.792620 -0.595065 0.132858 0.596734 0.801829 0.031288 -0.125148 0.054481 0.990641] 
3d 0 
fr 135671
ts 36840.181330
6d 1 [12 1.000][574.870 -352.977 431.066 -3.1479 -7.1893 -36.9747][0.792620 -0.595065 0.132858 0.596734 0.801829 0.031288 -0.125148 0.054481 0.990641] 
3d 0 
fr 135672
ts 36840.198002
6d 1 [12 1.000][574.838 -353.032 431.069 -3.1456 -7.1916 -36.9745][0.792618 -0.595066 0.132866 0.596728 0.801831 0.031343 -0.125188 0.054442 0.990638] 
3d 0 
fr 135673
ts 36840.214654
6d 1 [12 1.000][574.843 -352.998 431.079 -3.1317 -7.2106 -36.9776][0.792553 -0.595126 0.132982 0.596745 0.801802 0.031743 -0.125516 0.054198 0.990610] 
3d 0 
fr 135674
ts 36840.231317
6d 1 [12 1.000][574.843 -352.998 431.079 -3.1317 -7.2106 -36.9776][0.792553 -0.595126 0.132982 0.596745 0.801802 0.031743 -0.125516 0.054198 0.990610] 
3d 0 
fr 135675
ts 36840.247963
6d 1 [12 1.000][574.843 -352.998 431.079 -3.1317 -7.2106 -36.9776][0.792553 -0.595126 0.132982 0.596745 0.801802 0.031743 -0.125516 0.054198 0.990610] 
3d 0 
fr 135676
ts 36840.264625
6d 1 [12 1.000][574.843 -352.998 431.079 -3.1317 -7.2106 -36.9776][0.792553 -0.595126 0.132982 0.596745 0.801802 0.031743 -0.125516 0.054198 0.990610] 
3d 0 
fr 135677
ts 36840.281317
6d 1 [12 1.000][574.876 -352.917 431.076 -3.1305 -7.2114 -36.9782][0.792545 -0.595138 0.132982 0.596754 0.801795 0.031769 -0.125531 0.054179 0.990609] 
3d 0 
fr 135678
ts 36840.297978
6d 1 [12 1.000][574.856 -352.977 431.081 -3.1170 -7.2134 -36.9793][0.792530 -0.595182 0.132868 0.596765 0.801778 0.031981 -0.125565 0.053945 0.990618] 
3d 0 
fr 135679
ts 36840.314662
6d 1 [12 1.000][574.905 -352.877 431.081 -3.1183 -7.2129 -36.9808][0.792516 -0.595201 0.132873 0.596787 0.801763 0.031961 -0.125556 0.053967 0.990618] 
3d 0 
fr 135680
ts 36840.331324
6d 1 [12 1.000][574.869 -352.941 431.083 -3.1192 -7.2105 -36.9815][0.792513 -0.595210 0.132849 0.596800 0.801755 0.031926 -0.125515 0.053983 0.990622] 
3d 0 
fr 135681
ts 36840.348000
6d 1 [12 1.000][574.870 -352.943 431.072 -3.1220 -7.2109 -36.9825][0.792501 -0.595217 0.132884 0.596813 0.801746 0.031893 -0.125523 0.054032 0.990618] 
3d 0 
fr 135682
ts 36840.364661
6d 1 [12 1.000][574.871 -352.956 431.077 -3.1277 -7.2020 -36.9913][0.792425 -0.595334 0.132815 0.596946 0.801653 0.031741 -0.125368 0.054131 0.990633] 
3d 0 
fr 135683
ts 36840.381330
6d 1 [12 1.000][574.871 -352.956 431.077 -3.1277 -7.2020 -36.9913][0.792425 -0.595334 0.132815 0.596946 0.801653 0.031741 -0.125368 0.054131 0.990633] 
3d 0 
fr 135684
ts 36840.397996
6d 1 [12 1.000][574.871 -352.956 431.077 -3.1277 -7.2020 -36.9913][0.792425 -0.595334 0.132815 0.596946 0.801653 0.031741 -0.125368 0.054131 0.990633] 
3d 0 
fr 135685
ts 36840.414656
6d 1 [12 1.000][574.867 -353.002 431.068 -3.1274 -7.2032 -36.9913][0.792423 -0.595334 0.132828 0.596945 0.801653 0.031757 -0.125388 0.054126 0.990630] 
3d 0 
fr 135686
ts 36840.431321
6d 1 [12 1.000][574.859 -353.107 431.080 -3.1257 -7.2021 -36.9855][0.792486 -0.595257 0.132800 0.596866 0.801713 0.031756 -0.125370 0.054097 0.990634] 
3d 0 
fr 135687
ts 36840.447977
6d 1 [12 1.000][574.850 -353.048 431.078 -3.1263 -7.2021 -36.9781][0.792563 -0.595152 0.132809 0.596763 0.801790 0.031730 -0.125369 0.054108 0.990634] 
3d 0 
fr 135688
ts 36840.464640
6d 1 [12 1.000][574.846 -353.090 431.078 -3.1198 -7.2018 -36.9822][0.792521 -0.595225 0.132735 0.596821 0.801743 0.031828 -0.125365 0.053995 0.990640] 
3d 0 
fr 135689
ts 36840.481287
6d 1 [12 1.000][574.851 -353.061 431.079 -3.1199 -7.2048 -36.9799][0.792539 -0.595191 0.132779 0.596786 0.801768 0.031852 -0.125416 0.053997 0.990634] 
3d 0 
fr 135690
ts 36840.497951
6d 1 [12 1.000][574.850 -353.088 431.083 -3.1135 -7.2014 -36.9752][0.792594 -0.595142 0.132667 0.596724 0.801812 0.031896 -0.125357 0.053885 0.990647] 
3d 0 
fr 135691
ts 36840.514590
6d 1 [12 1.000][574.854 -353.041 431.082 -3.1129 -7.2034 -36.9671][0.792675 -0.595029 0.132694 0.596610 0.801897 0.031906 -0.125392 0.053875 0.990643] 
3d 0 
fr 135692
ts 36840.531256
6d 1 [12 1.000][574.854 -353.041 431.082 -3.1129 -7.2034 -36.9671][0.792675 -0.595029 0.132694 0.596610 0.801897 0.031906 -0.125392 0.053875 0.990643] 
3d 0 
fr 135693
ts 36840.547944
6d 1 [12 1.000][574.863 -352.966 431.106 -3.1127 -7.2026 -36.9665][0.792682 -0.595021 0.132681 0.596603 0.801902 0.031900 -0.125378 0.053871 0.990645] 
3d 0 
fr 135694
ts 36840.564606
6d 1 [12 1.000][574.857 -353.008 431.103 -3.1123 -7.2008 -36.9660][0.792691 -0.595016 0.132652 0.596598 0.801907 0.031885 -0.125347 0.053865 0.990650] 
3d 0 
fr 135695
ts 36840.581284
6d 1 [12 1.000][574.868 -352.909 431.098 -3.1145 -7.2035 -36.9665][0.792681 -0.595017 0.132712 0.596602 0.801904 0.031883 -0.125394 0.053903 0.990642] 
3d 0 
fr 135696
ts 36840.597950
6d 1 [12 1.000][574.865 -352.959 431.103 -3.1120 -7.2021 -36.9677][0.792670 -0.595041 0.132667 0.596621 0.801889 0.031907 -0.125370 0.053860 0.990647] 
3d 0 
fr 135697
ts 36840.614619
6d 1 [12 1.000][574.872 -352.919 431.096 -3.1155 -7.2072 -36.9710][0.792628 -0.595074 0.132771 0.596659 0.801860 0.031919 -0.125458 0.053919 0.990633] 
3d 0 
fr 135698
ts 36840.631285
6d 1 [12 1.000][574.870 -352.967 431.103 -3.1120 -7.2015 -36.9748][0.792598 -0.595139 0.132655 0.596718 0.801816 0.031918 -0.125360 0.053860 0.990648] 
3d 0 
fr 135699
ts 36840.647952
6d 1 [12 1.000][574.873 -352.930 431.100 -3.1197 -7.2080 -36.9769][0.792564 -0.595147 0.132823 0.596740 0.801801 0.031882 -0.125472 0.053992 0.990627] 
3d 0 
fr 135700
ts 36840.664614
6d 1 [12 1.000][574.864 -352.979 431.093 -3.1158 -7.2068 -36.9767][0.792569 -0.595154 0.132765 0.596738 0.801801 0.031924 -0.125451 0.053924 0.990633] 
3d 0 
fr 135701
ts 36840.681271
6d 1 [12 1.000][574.864 -352.979 431.093 -3.1158 -7.2068 -36.9767][0.792569 -0.595154 0.132765 0.596738 0.801801 0.031924 -0.125451 0.053924 0.990633] 
3d 0 
fr 135702
ts 36840.697937
6d 1 [12 1.000][574.858 -353.097 431.089 -3.1153 -7.2080 -36.9770][0.792564 -0.595158 0.132777 0.596741 0.801798 0.031943 -0.125472 0.053916 0.990631] 
3d 0 
fr 135703
ts 36840.714590
6d 1 [12 1.000][574.861 -352.990 431.087 -3.1180 -7.2177 -36.9787][0.792529 -0.595168 0.132938 0.596751 0.801788 0.032011 -0.125640 0.053962 0.990607] 
3d 0 
fr 135704
ts 36840.731252
6d 1 [12 1.000][574.864 -352.936 431.098 -3.1175 -7.2176 -36.9788][0.792528 -0.595171 0.132932 0.596754 0.801786 0.032017 -0.125639 0.053953 0.990608] 
3d 0 
fr 135705
ts 36840.747898
6d 1 [12 1.000][574.870 -352.881 431.098 -3.1189 -7.2174 -36.9806][0.792510 -0.595193 0.132942 0.596778 0.801768 0.031999 -0.125635 0.053977 0.990607] 
3d 0 
fr 135706
ts 36840.764560
6d 1 [12 1.000][574.865 -352.957 431.106 -3.1176 -7.2170 -36.9820][0.792496 -0.595216 0.132922 0.596799 0.801752 0.032016 -0.125627 0.053955 0.990609] 
3d 0 
fr 135707
ts 36840.781250
6d 1 [12 1.000][574.865 -352.957 431.106 -3.1176 -7.2170 -36.9820][0.792496 -0.595216 0.132922 0.596799 0.801752 0.032016 -0.125627 0.053955 0.990609] 
3d 0 
fr 135708
ts 36840.797913
6d 1 [12 1.000][574.861 -353.106 431.101 -3.1172 -7.2161 -36.9825][0.792492 -0.595224 0.132905 0.596806 0.801747 0.032013 -0.125611 0.053949 0.990612] 
3d 0 
fr 135709
ts 36840.814594
6d 1 [12 1.000][574.868 -353.002 431.097 -3.1196 -7.2116 -36.9884][0.792438 -0.595305 0.132865 0.596894 0.801684 0.031947 -0.125534 0.053990 0.990619] 
3d 0 
fr 135710
ts 36840.831259
6d 1 [12 1.000][574.854 -353.011 431.089 -3.1200 -7.2104 -36.9876][0.792449 -0.595293 0.132853 0.596884 0.801692 0.031928 -0.125514 0.053996 0.990621] 
3d 0 
fr 135711
ts 36840.847938
6d 1 [12 1.000][574.853 -353.106 431.092 -3.1189 -7.2106 -36.9855][0.792471 -0.595266 0.132846 0.596854 0.801714 0.031940 -0.125517 0.053978 0.990622] 
3d 0 
fr 135712
ts 36840.864599
6d 1 [12 1.000][574.845 -353.060 431.081 -3.1162 -7.2097 -36.9824][0.792505 -0.595230 0.132807 0.596813 0.801744 0.031961 -0.125502 0.053931 0.990626] 
3d 0 
fr 135713
ts 36840.881268
6d 1 [12 1.000][574.853 -353.016 431.079 -3.1162 -7.2073 -36.9768][0.792567 -0.595154 0.132777 0.596739 0.801800 0.031924 -0.125460 0.053932 0.990632] 
3d 0 
fr 135714
ts 36840.897932
6d 1 [12 1.000][574.848 -353.051 431.075 -3.1159 -7.2070 -36.9760][0.792575 -0.595144 0.132770 0.596729 0.801808 0.031923 -0.125455 0.053926 0.990633] 
3d 0 
fr 135715
ts 36840.914593
6d 1 [12 1.000][574.848 -353.017 431.063 -3.1149 -7.2079 -36.9718][0.792618 -0.595087 0.132774 0.596669 0.801852 0.031937 -0.125470 0.053909 0.990632] 
3d 0 
fr 135716
ts 36840.931258
6d 1 [12 1.000][574.848 -353.017 431.063 -3.1149 -7.2079 -36.9718][0.792618 -0.595087 0.132774 0.596669 0.801852 0.031937 -0.125470 0.053909 0.990632] 
3d 0 
fr 135717
ts 36840.947915
6d 1 [12 1.000][574.853 -352.955 431.074 -3.1158 -7.2073 -36.9717][0.792620 -0.595084 0.132774 0.596669 0.801853 0.031918 -0.125459 0.053924 0.990632] 
3d 0 
fr 135718
ts 36840.964575
6d 1 [12 1.000][574.859 -352.988 431.080 -3.1178 -7.2049 -36.9705][0.792636 -0.595064 0.132764 0.596656 0.801865 0.031862 -0.125418 0.053960 0.990635] 
3d 0 
fr 135719
ts 36840.981227
6d 1 [12 1.000][574.874 -352.880 431.082 -3.1195 -7.2051 -36.9716][0.792625 -0.595074 0.132784 0.596669 0.801855 0.031843 -0.125422 0.053989 0.990633] 
3d 0 
fr 135720
ts 36840.997888
6d 1 [12 1.000][574.869 -352.964 431.113 -3.1188 -7.2032 -36.9731][0.792612 -0.595100 0.132748 0.596694 0.801837 0.031836 -0.125388 0.053976 0.990638] 
3d 0 
fr 135721
ts 36841.014530
6d 1 [12 1.000][574.865 -353.050 431.084 -3.1258 -7.2017 -36.9775][0.792569 -0.595146 0.132799 0.596757 0.801795 0.031733 -0.125363 0.054098 0.990635] 
3d 0 
fr 135722
ts 36841.031194
6d 1 [12 1.000][574.860 -353.119 431.083 -3.1263 -7.2009 -36.9774][0.792572 -0.595144 0.132793 0.596756 0.801796 0.031717 -0.125348 0.054107 0.990636] 
3d 0 
fr 135723
ts 36841.047882
6d 1 [12 1.000][574.860 -353.014 431.085 -3.1317 -7.1995 -36.9791][0.792556 -0.595156 0.132829 0.596781 0.801780 0.031631 -0.125325 0.054201 0.990634] 
3d 0 
fr 135724
ts 36841.064544
6d 1 [12 1.000][574.852 -353.112 431.085 -3.1310 -7.1995 -36.9784][0.792564 -0.595148 0.132821 0.596771 0.801787 0.031638 -0.125324 0.054188 0.990635] 
3d 0 
fr 135725
ts 36841.081225
6d 1 [12 1.000][574.867 -353.011 431.081 -3.1336 -7.1972 -36.9759][0.792594 -0.595109 0.132818 0.596740 0.801813 0.031573 -0.125285 0.054233 0.990637] 
3d 0 
fr 135726
ts 36841.097886
6d 1 [12 1.000][574.867 -353.011 431.081 -3.1336 -7.1972 -36.9759][0.792594 -0.595109 0.132818 0.596740 0.801813 0.031573 -0.125285 0.054233 0.990637] 
3d 0 
fr 135727
ts 36841.114560
6d 1 [12 1.000][574.867 -353.011 431.081 -3.1336 -7.1972 -36.9759][0.792594 -0.595109 0.132818 0.596740 0.801813 0.031573 -0.125285 0.054233 0.990637] 
3d 0 
fr 135728
ts 36841.131219
6d 1 [12 1.000][574.867 -353.011 431.081 -3.1336 -7.1972 -36.9759][0.792594 -0.595109 0.132818 0.596740 0.801813 0.031573 -0.125285 0.054233 0.990637] 
3d 0 
fr 135729
ts 36841.147890
6d 1 [12 1.000][574.861 -352.988 431.081 -3.1345 -7.1964 -36.9760][0.792595 -0.595108 0.132817 0.596742 0.801813 0.031553 -0.125272 0.054249 0.990638] 
3d 0 
fr 135730
ts 36841.164551
6d 1 [12 1.000][574.861 -352.988 431.095 -3.1375 -7.1853 -36.9762][0.792611 -0.595113 0.132694 0.596760 0.801805 0.031396 -0.125079 0.054302 0.990660] 
3d 0 
fr 135731
ts 36841.181208
6d 1 [12 1.000][574.863 -352.955 431.090 -3.1383 -7.1851 -36.9765][0.792609 -0.595115 0.132701 0.596764 0.801803 0.031383 -0.125076 0.054317 0.990659] 
3d 0 
fr 135732
ts 36841.197874
6d 1 [12 1.000][574.850 -352.994 431.094 -3.1375 -7.1842 -36.9765][0.792610 -0.595118 0.132679 0.596765 0.801802 0.031385 -0.125060 0.054303 0.990662] 
3d 0 
fr 135733
ts 36841.214528
6d 1 [12 1.000][574.850 -352.994 431.094 -3.1375 -7.1842 -36.9765][0.792610 -0.595118 0.132679 0.596765 0.801802 0.031385 -0.125060 0.054303 0.990662] 
3d 0 
fr 135734
ts 36841.231189
6d 1 [12 1.000][574.850 -352.994 431.094 -3.1375 -7.1842 -36.9765][0.792610 -0.595118 0.132679 0.596765 0.801802 0.031385 -0.125060 0.054303 0.990662] 
3d 0 
fr 135735
ts 36841.247837
6d 1 [12 1.000][574.850 -352.994 431.094 -3.1375 -7.1842 -36.9765][0.792610 -0.595118 0.132679 0.596765 0.801802 0.031385 -0.125060 0.054303 0.990662] 
3d 0 
fr 135736
ts 36841.264498
6d 1 [12 1.000][574.850 -352.994 431.094 -3.1375 -7.1842 -36.9765][0.792610 -0.595118 0.132679 0.596765 0.801802 0.031385 -0.125060 0.054303 0.990662] 
3d 0 
fr 135737
ts 36841.281186
6d 1 [12 1.000][574.850 -352.994 431.094 -3.1375 -7.1842 -36.9765][0.792610 -0.595118 0.132679 0.596765 0.801802 0.031385 -0.125060 0.054303 0.990662] 
3d 0 
fr 135738
ts 36841.297851
6d 1 [12 1.000][574.850 -352.994 431.094 -3.1375 -7.1842 -36.9765][0.792610 -0.595118 0.132679 0.596765 0.801802 0.031385 -0.125060 0.054303 0.990662] 
3d 0 
fr 135739
ts 36841.314532
6d 1 [12 1.000][574.850 -352.994 431.094 -3.1375 -7.1842 -36.9765][0.792610 -0.595118 0.132679 0.596765 0.801802 0.031385 -0.125060 0.054303 0.990662] 
3d 0 
fr 135740
ts 36841.331198
6d 1 [12 1.000][574.850 -352.994 431.094 -3.1375 -7.1842 -36.9765][0.792610 -0.595118 0.132679 0.596765 0.801802 0.031385 -0.125060 0.054303 0.990662] 
3d 0 
fr 135741
ts 36841.347876
6d 1 [12 1.000][574.850 -352.994 431.094 -3.1375 -7.1842 -36.9765][0.792610 -0.595118 0.132679 0.596765 0.801802 0.031385 -0.125060 0.054303 0.990662] 
3d 0 
fr 135742
ts 36841.364536
6d 1 [12 1.000][574.850 -352.994 431.094 -3.1375 -7.1842 -36.9765][0.792610 -0.595118 0.132679 0.596765 0.801802 0.031385 -0.125060 0.054303 0.990662] 
3d 0 
fr 135743
ts 36841.381205
6d 1 [12 1.000][574.871 -352.970 431.082 -3.1358 -7.1872 -36.9767][0.792603 -0.595122 0.132703 0.596764 0.801800 0.031440 -0.125112 0.054273 0.990657] 
3d 0 
fr 135744
ts 36841.397871
6d 1 [12 1.000][574.863 -353.088 431.088 -3.1317 -7.1886 -36.9758][0.792610 -0.595118 0.132681 0.596750 0.801808 0.031510 -0.125137 0.054202 0.990658] 
3d 0 
fr 135745
ts 36841.414535
6d 1 [12 1.000][574.860 -353.059 431.084 -3.1290 -7.1930 -36.9753][0.792608 -0.595113 0.132713 0.596737 0.801815 0.031591 -0.125212 0.054155 0.990651] 
3d 0 
fr 135746
ts 36841.431196
6d 1 [12 1.000][574.815 -353.058 431.073 -3.1261 -7.1947 -36.9727][0.792632 -0.595083 0.132707 0.596699 0.801841 0.031644 -0.125241 0.054104 0.990650] 
3d 0 
fr 135747
ts 36841.447854
6d 1 [12 1.000][574.853 -353.018 431.078 -3.1138 -7.2112 -36.9720][0.792610 -0.595090 0.132808 0.596668 0.801850 0.031986 -0.125527 0.053889 0.990626] 
3d 0 
fr 135748
ts 36841.464516
6d 1 [12 1.000][574.853 -353.018 431.078 -3.1138 -7.2112 -36.9720][0.792610 -0.595090 0.132808 0.596668 0.801850 0.031986 -0.125527 0.053889 0.990626] 
3d 0 
fr 135749
ts 36841.481164
6d 1 [12 1.000][574.853 -353.018 431.078 -3.1138 -7.2112 -36.9720][0.792610 -0.595090 0.132808 0.596668 0.801850 0.031986 -0.125527 0.053889 0.990626] 
3d 0 
fr 135750
ts 36841.497827
6d 1 [12 1.000][574.853 -353.018 431.078 -3.1138 -7.2112 -36.9720][0.792610 -0.595090 0.132808 0.596668 0.801850 0.031986 -0.125527 0.053889 0.990626] 
3d 0 
fr 135751
ts 36841.514471
6d 1 [12 1.000][574.883 -352.898 431.100 -3.1137 -7.2105 -36.9722][0.792609 -0.595093 0.132798 0.596672 0.801848 0.031981 -0.125516 0.053889 0.990627] 
3d 0 
fr 135752
ts 36841.531132
6d 1 [12 1.000][574.853 -352.982 431.093 -3.1131 -7.2108 -36.9720][0.792611 -0.595092 0.132795 0.596668 0.801850 0.031992 -0.125520 0.053877 0.990627] 
3d 0 
fr 135753
ts 36841.547821
6d 1 [12 1.000][574.868 -352.953 431.093 -3.1160 -7.2132 -36.9733][0.792593 -0.595101 0.132858 0.596683 0.801839 0.031980 -0.125562 0.053927 0.990619] 
3d 0 
fr 135754
ts 36841.564484
6d 1 [12 1.000][574.869 -352.942 431.101 -3.1153 -7.2101 -36.9763][0.792567 -0.595147 0.132806 0.596729 0.801806 0.031964 -0.125508 0.053915 0.990626] 
3d 0 
fr 135755
ts 36841.581163
6d 1 [12 1.000][574.876 -352.944 431.088 -3.1213 -7.2127 -36.9781][0.792544 -0.595156 0.132904 0.596750 0.801792 0.031910 -0.125553 0.054020 0.990615] 
3d 0 
fr 135756
ts 36841.597826
6d 1 [12 1.000][574.867 -353.056 431.092 -3.1194 -7.2066 -36.9782][0.792553 -0.595167 0.132799 0.596760 0.801787 0.031875 -0.125447 0.053987 0.990630] 
3d 0 
fr 135757
ts 36841.614501
6d 1 [12 1.000][574.875 -352.980 431.104 -3.1237 -7.2110 -36.9821][0.792505 -0.595208 0.132903 0.596808 0.801751 0.031869 -0.125524 0.054062 0.990617] 
3d 0 
fr 135758
ts 36841.631162
6d 1 [12 1.000][574.865 -353.072 431.103 -3.1234 -7.2099 -36.9821][0.792508 -0.595209 0.132883 0.596808 0.801751 0.031862 -0.125504 0.054055 0.990619] 
3d 0 
fr 135759
ts 36841.647830
6d 1 [12 1.000][574.864 -353.008 431.098 -3.1238 -7.2110 -36.9821][0.792505 -0.595208 0.132904 0.596808 0.801751 0.031867 -0.125524 0.054063 0.990616] 
3d 0 
fr 135760
ts 36841.664492
6d 1 [12 1.000][574.867 -353.014 431.104 -3.1216 -7.2082 -36.9823][0.792508 -0.595217 0.132842 0.596814 0.801747 0.031870 -0.125475 0.054024 0.990625] 
3d 0 
fr 135761
ts 36841.681150
6d 1 [12 1.000][574.877 -353.001 431.106 -3.1226 -7.2045 -36.9830][0.792508 -0.595227 0.132801 0.596828 0.801738 0.031819 -0.125411 0.054042 0.990632] 
3d 0 
fr 135762
ts 36841.697815
6d 1 [12 1.000][574.877 -353.001 431.106 -3.1226 -7.2045 -36.9830][0.792508 -0.595227 0.132801 0.596828 0.801738 0.031819 -0.125411 0.054042 0.990632] 
3d 0 
fr 135763
ts 36841.714469
6d 1 [12 1.000][574.877 -353.001 431.106 -3.1226 -7.2045 -36.9830][0.792508 -0.595227 0.132801 0.596828 0.801738 0.031819 -0.125411 0.054042 0.990632] 
3d 0 
fr 135764
ts 36841.731130
6d 1 [12 1.000][574.877 -353.001 431.106 -3.1226 -7.2045 -36.9830][0.792508 -0.595227 0.132801 0.596828 0.801738 0.031819 -0.125411 0.054042 0.990632] 
3d 0 
fr 135765
ts 36841.747777
6d 1 [12 1.000][574.877 -353.001 431.106 -3.1226 -7.2045 -36.9830][0.792508 -0.595227 0.132801 0.596828 0.801738 0.031819 -0.125411 0.054042 0.990632] 
3d 0 
fr 135766
ts 36841.764438
6d 1 [12 1.000][574.877 -353.001 431.106 -3.1226 -7.2045 -36.9830][0.792508 -0.595227 0.132801 0.596828 0.801738 0.031819 -0.125411 0.054042 0.990632] 
3d 0 
fr 135767
ts 36841.781131
6d 1 [12 1.000][574.877 -353.001 431.106 -3.1226 -7.2045 -36.9830][0.792508 -0.595227 0.132801 0.596828 0.801738 0.031819 -0.125411 0.054042 0.990632] 
3d 0 
fr 135768
ts 36841.797793
6d 1 [12 1.000][574.877 -353.001 431.106 -3.1226 -7.2045 -36.9830][0.792508 -0.595227 0.132801 0.596828 0.801738 0.031819 -0.125411 0.054042 0.990632] 
3d 0 
fr 135769
ts 36841.814477
6d 1 [12 1.000][574.884 -352.947 431.111 -3.1252 -7.2024 -36.9828][0.792513 -0.595220 0.132799 0.596828 0.801740 0.031761 -0.125375 0.054087 0.990634] 
3d 0 
fr 135770
ts 36841.831139
6d 1 [12 1.000][574.873 -352.988 431.116 -3.1204 -7.1845 -36.9786][0.792588 -0.595187 0.132504 0.596794 0.801771 0.031632 -0.125065 0.054007 0.990678] 
3d 0 
fr 135771
ts 36841.847818
6d 1 [12 1.000][574.873 -352.988 431.116 -3.1204 -7.1845 -36.9786][0.792588 -0.595187 0.132504 0.596794 0.801771 0.031632 -0.125065 0.054007 0.990678] 
3d 0 
fr 135772
ts 36841.864480
6d 1 [12 1.000][574.873 -352.988 431.116 -3.1204 -7.1845 -36.9786][0.792588 -0.595187 0.132504 0.596794 0.801771 0.031632 -0.125065 0.054007 0.990678] 
3d 0 
fr 135773
ts 36841.881148
6d 1 [12 1.000][574.873 -352.988 431.116 -3.1204 -7.1845 -36.9786][0.792588 -0.595187 0.132504 0.596794 0.801771 0.031632 -0.125065 0.054007 0.990678] 
3d 0 
fr 135774
ts 36841.897814
6d 1 [12 1.000][574.843 -353.005 431.100 -3.1216 -7.1837 -36.9783][0.792593 -0.595180 0.132506 0.596790 0.801774 0.031606 -0.125051 0.054027 0.990678] 
3d 0 
fr 135775
ts 36841.914472
6d 1 [12 1.000][574.860 -352.990 431.105 -3.1353 -7.1777 -36.9764][0.792623 -0.595126 0.132567 0.596772 0.801798 0.031347 -0.124948 0.054266 0.990678] 
3d 0 
fr 135776
ts 36841.931138
6d 1 [12 1.000][574.856 -353.034 431.102 -3.1349 -7.1774 -36.9757][0.792631 -0.595117 0.132559 0.596763 0.801805 0.031349 -0.124943 0.054258 0.990679] 
3d 0 
fr 135777
ts 36841.947796
6d 1 [12 1.000][574.848 -353.012 431.089 -3.1361 -7.1792 -36.9721][0.792665 -0.595063 0.132597 0.596711 0.801844 0.031342 -0.124973 0.054278 0.990674] 
3d 0 
fr 135778
ts 36841.964457
6d 1 [12 1.000][574.848 -353.012 431.089 -3.1361 -7.1792 -36.9721][0.792665 -0.595063 0.132597 0.596711 0.801844 0.031342 -0.124973 0.054278 0.990674] 
3d 0 
fr 135779
ts 36841.981104
6d 1 [12 1.000][574.861 -352.932 431.091 -3.1358 -7.1809 -36.9718][0.792665 -0.595059 0.132618 0.596705 0.801848 0.031363 -0.125002 0.054273 0.990671] 
3d 0 
fr 135780
ts 36841.997770
6d 1 [12 1.000][574.864 -352.975 431.091 -3.1320 -7.1866 -36.9710][0.792664 -0.595051 0.132658 0.596686 0.801858 0.031473 -0.125101 0.054208 0.990662] 
3d 0 
fr 135781
ts 36842.014410
6d 1 [12 1.000][574.858 -352.964 431.095 -3.1314 -7.1879 -36.9719][0.792652 -0.595064 0.132670 0.596696 0.801849 0.031497 -0.125124 0.054198 0.990660] 
3d 0 
fr 135782
ts 36842.031075
6d 1 [12 1.000][574.852 -352.983 431.093 -3.1259 -7.1951 -36.9751][0.792606 -0.595117 0.132710 0.596732 0.801816 0.031657 -0.125248 0.054101 0.990649] 
3d 0 
fr 135783
ts 36842.047763
6d 1 [12 1.000][574.867 -352.950 431.091 -3.1248 -7.1963 -36.9759][0.792596 -0.595129 0.132714 0.596741 0.801808 0.031687 -0.125269 0.054081 0.990648] 
3d 0 
fr 135784
ts 36842.064425
6d 1 [12 1.000][574.866 -352.971 431.097 -3.1156 -7.2022 -36.9816][0.792526 -0.595226 0.132698 0.596812 0.801747 0.031891 -0.125372 0.053921 0.990643] 
3d 0 
fr 135785
ts 36842.081108
6d 1 [12 1.000][574.866 -352.971 431.097 -3.1156 -7.2022 -36.9816][0.792526 -0.595226 0.132698 0.596812 0.801747 0.031891 -0.125372 0.053921 0.990643] 
3d 0 
fr 135786
ts 36842.097769
6d 1 [12 1.000][574.866 -352.971 431.097 -3.1156 -7.2022 -36.9816][0.792526 -0.595226 0.132698 0.596812 0.801747 0.031891 -0.125372 0.053921 0.990643] 
3d 0 
fr 135787
ts 36842.114442
6d 1 [12 1.000][574.866 -352.971 431.097 -3.1156 -7.2022 -36.9816][0.792526 -0.595226 0.132698 0.596812 0.801747 0.031891 -0.125372 0.053921 0.990643] 
3d 0 
fr 135788
ts 36842.131105
6d 1 [12 1.000][574.866 -352.971 431.097 -3.1156 -7.2022 -36.9816][0.792526 -0.595226 0.132698 0.596812 0.801747 0.031891 -0.125372 0.053921 0.990643] 
3d 0 
fr 135789
ts 36842.147773
6d 1 [12 1.000][574.881 -352.960 431.063 -3.1182 -7.2043 -36.9828][0.792510 -0.595235 0.132752 0.596826 0.801737 0.031878 -0.125407 0.053966 0.990637] 
3d 0 
fr 135790
ts 36842.164435
6d 1 [12 1.000][574.878 -352.975 431.075 -3.1080 -7.2167 -36.9910][0.792403 -0.595364 0.132814 0.596923 0.801654 0.032168 -0.125623 0.053789 0.990619] 
3d 0 
fr 135791
ts 36842.181096
6d 1 [12 1.000][574.878 -352.975 431.075 -3.1080 -7.2167 -36.9910][0.792403 -0.595364 0.132814 0.596923 0.801654 0.032168 -0.125623 0.053789 0.990619] 
3d 0 
fr 135792
ts 36842.197758
6d 1 [12 1.000][574.878 -352.975 431.075 -3.1080 -7.2167 -36.9910][0.792403 -0.595364 0.132814 0.596923 0.801654 0.032168 -0.125623 0.053789 0.990619] 
3d 0 
fr 135793
ts 36842.214412
6d 1 [12 1.000][574.878 -352.975 431.075 -3.1080 -7.2167 -36.9910][0.792403 -0.595364 0.132814 0.596923 0.801654 0.032168 -0.125623 0.053789 0.990619] 
3d 0 
fr 135794
ts 36842.231075
6d 1 [12 1.000][574.868 -353.035 431.065 -3.1082 -7.2153 -36.9903][0.792412 -0.595356 0.132796 0.596916 0.801660 0.032150 -0.125598 0.053792 0.990622] 
3d 0 
fr 135795
ts 36842.247721
6d 1 [12 1.000][574.874 -353.002 431.060 -3.1137 -7.2083 -36.9864][0.792465 -0.595293 0.132759 0.596871 0.801699 0.031991 -0.125477 0.053888 0.990632] 
3d 0 
fr 135796
ts 36842.264383
6d 1 [12 1.000][574.874 -353.002 431.060 -3.1137 -7.2083 -36.9864][0.792465 -0.595293 0.132759 0.596871 0.801699 0.031991 -0.125477 0.053888 0.990632] 
3d 0 
fr 135797
ts 36842.281074
6d 1 [12 1.000][574.874 -353.002 431.060 -3.1137 -7.2083 -36.9864][0.792465 -0.595293 0.132759 0.596871 0.801699 0.031991 -0.125477 0.053888 0.990632] 
3d 0 
fr 135798
ts 36842.297738
6d 1 [12 1.000][574.867 -353.019 431.121 -3.1138 -7.2061 -36.9860][0.792474 -0.595289 0.132729 0.596867 0.801703 0.031966 -0.125438 0.053890 0.990637] 
3d 0 
fr 135799
ts 36842.314422
6d 1 [12 1.000][574.872 -353.016 431.122 -3.1140 -7.2051 -36.9860][0.792474 -0.595290 0.132719 0.596870 0.801702 0.031953 -0.125422 0.053894 0.990638] 
3d 0 
fr 135800
ts 36842.331084
6d 1 [12 1.000][574.873 -353.025 431.122 -3.1136 -7.2018 -36.9867][0.792473 -0.595303 0.132669 0.596883 0.801693 0.031926 -0.125365 0.053887 0.990646] 
3d 0 
fr 135801
ts 36842.347763
6d 1 [12 1.000][574.876 -353.005 431.105 -3.1177 -7.1914 -36.9852][0.792507 -0.595280 0.132567 0.596876 0.801704 0.031756 -0.125184 0.053959 0.990665] 
3d 0 
fr 135802
ts 36842.364425
6d 1 [12 1.000][574.864 -353.057 431.101 -3.1182 -7.1905 -36.9843][0.792518 -0.595267 0.132561 0.596866 0.801713 0.031737 -0.125168 0.053969 0.990667] 
3d 0 
fr 135803
ts 36842.381095
6d 1 [12 1.000][574.861 -353.028 431.094 -3.1217 -7.1881 -36.9818][0.792549 -0.595225 0.132565 0.596833 0.801741 0.031658 -0.125127 0.054029 0.990669] 
3d 0 
fr 135804
ts 36842.397757
6d 1 [12 1.000][574.861 -353.028 431.094 -3.1217 -7.1881 -36.9818][0.792549 -0.595225 0.132565 0.596833 0.801741 0.031658 -0.125127 0.054029 0.990669] 
3d 0 
fr 135805
ts 36842.414422
6d 1 [12 1.000][574.861 -353.028 431.094 -3.1217 -7.1881 -36.9818][0.792549 -0.595225 0.132565 0.596833 0.801741 0.031658 -0.125127 0.054029 0.990669] 
3d 0 
fr 135806
ts 36842.431083
6d 1 [12 1.000][574.851 -353.125 431.108 -3.1212 -7.1869 -36.9802][0.792567 -0.595205 0.132545 0.596813 0.801756 0.031649 -0.125106 0.054021 0.990672] 
3d 0 
fr 135807
ts 36842.447738
6d 1 [12 1.000][574.858 -353.053 431.108 -3.1245 -7.1831 -36.9695][0.792686 -0.595050 0.132532 0.596670 0.801867 0.031539 -0.125040 0.054077 0.990677] 
3d 0 
fr 135808
ts 36842.464403
6d 1 [12 1.000][574.858 -353.053 431.108 -3.1245 -7.1831 -36.9695][0.792686 -0.595050 0.132532 0.596670 0.801867 0.031539 -0.125040 0.054077 0.990677] 
3d 0 
fr 135809
ts 36842.481054
6d 1 [12 1.000][574.848 -353.052 431.003 -3.1238 -7.1877 -36.9687][0.792685 -0.595038 0.132588 0.596653 0.801877 0.031595 -0.125120 0.054065 0.990667] 
3d 0 
fr 135810
ts 36842.497716
6d 1 [12 1.000][574.839 -353.071 431.052 -3.1147 -7.1910 -36.9635][0.792734 -0.594983 0.132543 0.596577 0.801928 0.031744 -0.125177 0.053908 0.990669] 
3d 0 
fr 135811
ts 36842.514349
6d 1 [12 1.000][574.853 -353.041 431.049 -3.1155 -7.1944 -36.9627][0.792737 -0.594967 0.132599 0.596560 0.801939 0.031767 -0.125237 0.053920 0.990661] 
3d 0 
fr 135812
ts 36842.531021
6d 1 [12 1.000][574.854 -352.995 431.055 -3.1161 -7.1945 -36.9630][0.792733 -0.594971 0.132606 0.596565 0.801936 0.031760 -0.125238 0.053931 0.990660] 
3d 0 
fr 135813
ts 36842.547710
6d 1 [12 1.000][574.867 -352.997 431.069 -3.1171 -7.2003 -36.9644][0.792708 -0.594984 0.132697 0.596577 0.801925 0.031810 -0.125339 0.053948 0.990646] 
3d 0 
fr 135814
ts 36842.564373
6d 1 [12 1.000][574.872 -353.001 431.074 -3.1148 -7.2005 -36.9680][0.792671 -0.595038 0.132673 0.596626 0.801887 0.031852 -0.125342 0.053908 0.990648] 
3d 0 
fr 135815
ts 36842.581054
6d 1 [12 1.000][574.893 -352.984 431.074 -3.1222 -7.2071 -36.9676][0.792664 -0.595010 0.132841 0.596611 0.801899 0.031815 -0.125456 0.054036 0.990627] 
3d 0 
fr 135816
ts 36842.597714
6d 1 [12 1.000][574.867 -353.028 431.112 -3.1122 -7.2064 -36.9666][0.792674 -0.595022 0.132727 0.596600 0.801903 0.031946 -0.125443 0.053862 0.990638] 
3d 0 
fr 135817
ts 36842.614389
6d 1 [12 1.000][574.878 -353.014 431.121 -3.1140 -7.2088 -36.9676][0.792660 -0.595029 0.132780 0.596610 0.801895 0.031949 -0.125486 0.053893 0.990630] 
3d 0 
fr 135818
ts 36842.631051
6d 1 [12 1.000][574.868 -353.018 431.122 -3.1122 -7.2037 -36.9709][0.792635 -0.595083 0.132688 0.596662 0.801857 0.031929 -0.125397 0.053862 0.990643] 
3d 0 
fr 135819
ts 36842.647715
6d 1 [12 1.000][574.809 -353.019 431.091 -3.1171 -7.2153 -36.9699][0.792624 -0.595050 0.132900 0.596634 0.801876 0.031978 -0.125598 0.053946 0.990613] 
3d 0 
fr 135820
ts 36842.664383
6d 1 [12 1.000][574.834 -353.022 431.099 -3.1165 -7.2145 -36.9695][0.792630 -0.595046 0.132884 0.596629 0.801880 0.031977 -0.125585 0.053937 0.990616] 
3d 0 
fr 135821
ts 36842.681038
6d 1 [12 1.000][574.855 -353.011 431.098 -3.1142 -7.2116 -36.9686][0.792644 -0.595041 0.132820 0.596620 0.801886 0.031977 -0.125535 0.053897 0.990624] 
3d 0 
fr 135822
ts 36842.697706
6d 1 [12 1.000][574.856 -352.909 431.094 -3.1137 -7.2115 -36.9698][0.792632 -0.595059 0.132812 0.596637 0.801873 0.031986 -0.125532 0.053887 0.990625] 
3d 0 
fr 135823
ts 36842.714359
6d 1 [12 1.000][574.860 -352.876 431.093 -3.1156 -7.2119 -36.9716][0.792613 -0.595079 0.132838 0.596661 0.801856 0.031968 -0.125540 0.053921 0.990622] 
3d 0 
fr 135824
ts 36842.731020
6d 1 [12 1.000][574.857 -352.974 431.105 -3.1119 -7.2103 -36.9762][0.792568 -0.595153 0.132774 0.596727 0.801806 0.032013 -0.125511 0.053857 0.990629] 
3d 0 
fr 135825
ts 36842.747664
6d 1 [12 1.000][574.857 -352.974 431.105 -3.1119 -7.2103 -36.9762][0.792568 -0.595153 0.132774 0.596727 0.801806 0.032013 -0.125511 0.053857 0.990629] 
3d 0 
fr 135826
ts 36842.764329
6d 1 [12 1.000][574.857 -352.974 431.105 -3.1119 -7.2103 -36.9762][0.792568 -0.595153 0.132774 0.596727 0.801806 0.032013 -0.125511 0.053857 0.990629] 
3d 0 
fr 135827
ts 36842.781019
6d 1 [12 1.000][574.854 -353.057 431.073 -3.1126 -7.2106 -36.9761][0.792568 -0.595150 0.132785 0.596726 0.801807 0.032007 -0.125517 0.053868 0.990628] 
3d 0 
fr 135828
ts 36842.797683
6d 1 [12 1.000][574.851 -352.986 431.064 -3.1135 -7.2102 -36.9756][0.792574 -0.595141 0.132790 0.596719 0.801813 0.031988 -0.125510 0.053885 0.990628] 
3d 0 
fr 135829
ts 36842.814370
6d 1 [12 1.000][574.859 -352.979 431.053 -3.1172 -7.2117 -36.9772][0.792555 -0.595154 0.132848 0.596739 0.801799 0.031956 -0.125536 0.053949 0.990621] 
3d 0 
fr 135830
ts 36842.831031
6d 1 [12 1.000][574.849 -352.994 431.056 -3.1205 -7.2111 -36.9767][0.792561 -0.595140 0.132874 0.596733 0.801805 0.031902 -0.125525 0.054006 0.990619] 
3d 0 
fr 135831
ts 36842.847709
6d 1 [12 1.000][574.849 -352.994 431.056 -3.1205 -7.2111 -36.9767][0.792561 -0.595140 0.132874 0.596733 0.801805 0.031902 -0.125525 0.054006 0.990619] 
3d 0 
fr 135832
ts 36842.864368
6d 1 [12 1.000][574.849 -352.994 431.056 -3.1205 -7.2111 -36.9767][0.792561 -0.595140 0.132874 0.596733 0.801805 0.031902 -0.125525 0.054006 0.990619] 
3d 0 
fr 135833
ts 36842.881043
6d 1 [12 1.000][574.865 -352.936 431.065 -3.1229 -7.2103 -36.9774][0.792556 -0.595144 0.132887 0.596743 0.801800 0.031862 -0.125511 0.054047 0.990619] 
3d 0 
fr 135834
ts 36842.897705
6d 1 [12 1.000][574.871 -352.982 431.074 -3.1358 -7.2033 -36.9789][0.792552 -0.595141 0.132924 0.596774 0.801787 0.031612 -0.125391 0.054271 0.990622] 
3d 0 
fr 135835
ts 36842.914370
6d 1 [12 1.000][574.907 -352.964 431.107 -3.1360 -7.2027 -36.9802][0.792540 -0.595158 0.132917 0.596792 0.801773 0.031606 -0.125380 0.054275 0.990623] 
3d 0 
fr 135836
ts 36842.931031
6d 1 [12 1.000][574.883 -352.940 431.114 -3.1343 -7.2004 -36.9817][0.792528 -0.595186 0.132866 0.596816 0.801755 0.031610 -0.125340 0.054245 0.990630] 
3d 0 
fr 135837
ts 36842.947684
6d 1 [12 1.000][574.894 -352.957 431.094 -3.1355 -7.1954 -36.9899][0.792451 -0.595302 0.132806 0.596937 0.801667 0.031560 -0.125254 0.054267 0.990639] 
3d 0 
fr 135838
ts 36842.964350
6d 1 [12 1.000][574.894 -352.957 431.094 -3.1355 -7.1954 -36.9899][0.792451 -0.595302 0.132806 0.596937 0.801667 0.031560 -0.125254 0.054267 0.990639] 
3d 0 
fr 135839
ts 36842.981001
6d 1 [12 1.000][574.894 -352.957 431.094 -3.1355 -7.1954 -36.9899][0.792451 -0.595302 0.132806 0.596937 0.801667 0.031560 -0.125254 0.054267 0.990639] 
3d 0 
fr 135840
ts 36842.997665
6d 1 [12 1.000][574.894 -352.957 431.094 -3.1355 -7.1954 -36.9899][0.792451 -0.595302 0.132806 0.596937 0.801667 0.031560 -0.125254 0.054267 0.990639] 
3d 0 
fr 135841
ts 36843.014307
6d 1 [12 1.000][574.895 -352.989 431.096 -3.1355 -7.1949 -36.9897][0.792454 -0.595299 0.132799 0.596934 0.801670 0.031555 -0.125246 0.054267 0.990641] 
3d 0 
fr 135842
ts 36843.030969
6d 1 [12 1.000][574.890 -353.001 431.095 -3.1330 -7.1943 -36.9891][0.792461 -0.595297 0.132765 0.596927 0.801674 0.031581 -0.125234 0.054224 0.990644] 
3d 0 
fr 135843
ts 36843.047658
6d 1 [12 1.000][574.893 -352.970 431.092 -3.1291 -7.1877 -36.9901][0.792463 -0.595324 0.132633 0.596948 0.801658 0.031569 -0.125120 0.054158 0.990662] 
3d 0 
fr 135844
ts 36843.064320
6d 1 [12 1.000][574.893 -352.970 431.092 -3.1291 -7.1877 -36.9901][0.792463 -0.595324 0.132633 0.596948 0.801658 0.031569 -0.125120 0.054158 0.990662] 
3d 0 
fr 135845
ts 36843.081000
6d 1 [12 1.000][574.893 -352.970 431.092 -3.1291 -7.1877 -36.9901][0.792463 -0.595324 0.132633 0.596948 0.801658 0.031569 -0.125120 0.054158 0.990662] 
3d 0 
fr 135846
ts 36843.097665
6d 1 [12 1.000][574.844 -352.980 431.086 -3.1284 -7.1880 -36.9891][0.792472 -0.595312 0.132631 0.596935 0.801668 0.031581 -0.125126 0.054145 0.990662] 
3d 0 
fr 135847
ts 36843.114339
6d 1 [12 1.000][574.867 -353.002 431.087 -3.1261 -7.1939 -36.9846][0.792509 -0.595251 0.132690 0.596865 0.801717 0.031664 -0.125228 0.054104 0.990652] 
3d 0 
fr 135848
ts 36843.131000
6d 1 [12 1.000][574.867 -353.002 431.087 -3.1261 -7.1939 -36.9846][0.792509 -0.595251 0.132690 0.596865 0.801717 0.031664 -0.125228 0.054104 0.990652] 
3d 0 
fr 135849
ts 36843.147668
6d 1 [12 1.000][574.867 -353.002 431.087 -3.1261 -7.1939 -36.9846][0.792509 -0.595251 0.132690 0.596865 0.801717 0.031664 -0.125228 0.054104 0.990652] 
3d 0 
fr 135850
ts 36843.164330
6d 1 [12 1.000][574.854 -353.021 431.108 -3.1247 -7.1937 -36.9836][0.792520 -0.595240 0.132673 0.596851 0.801726 0.031679 -0.125224 0.054080 0.990653] 
3d 0 
fr 135851
ts 36843.180991
6d 1 [12 1.000][574.861 -353.001 431.109 -3.1180 -7.1945 -36.9766][0.792591 -0.595157 0.132619 0.596753 0.801796 0.031765 -0.125238 0.053964 0.990658] 
3d 0 
fr 135852
ts 36843.197653
6d 1 [12 1.000][574.861 -353.001 431.109 -3.1180 -7.1945 -36.9766][0.792591 -0.595157 0.132619 0.596753 0.801796 0.031765 -0.125238 0.053964 0.990658] 
3d 0 
fr 135853
ts 36843.214304
6d 1 [12 1.000][574.910 -352.904 431.126 -3.1181 -7.1938 -36.9780][0.792578 -0.595176 0.132610 0.596773 0.801781 0.031759 -0.125226 0.053967 0.990659] 
3d 0 
fr 135854
ts 36843.230970
6d 1 [12 1.000][574.871 -353.011 431.128 -3.1150 -7.1893 -36.9820][0.792544 -0.595243 0.132513 0.596834 0.801735 0.031766 -0.125149 0.053912 0.990672] 
3d 0 
fr 135855
ts 36843.247617
6d 1 [12 1.000][574.828 -353.034 431.045 -3.1156 -7.1899 -36.9823][0.792540 -0.595245 0.132527 0.596838 0.801733 0.031764 -0.125159 0.053923 0.990670] 
3d 0 
fr 135856
ts 36843.264279
6d 1 [12 1.000][574.862 -353.031 431.046 -3.1155 -7.1892 -36.9851][0.792512 -0.595285 0.132515 0.596877 0.801704 0.031763 -0.125146 0.053922 0.990672] 
3d 0 
fr 135857
ts 36843.280972
6d 1 [12 1.000][574.877 -353.009 431.080 -3.1158 -7.1907 -36.9859][0.792502 -0.595294 0.132539 0.596886 0.801696 0.031777 -0.125173 0.053927 0.990668] 
3d 0 
fr 135858
ts 36843.297633
6d 1 [12 1.000][574.897 -353.108 431.109 -3.1128 -7.1903 -36.9863][0.792498 -0.595307 0.132501 0.596893 0.801690 0.031815 -0.125165 0.053875 0.990672] 
3d 0 
fr 135859
ts 36843.314320
6d 1 [12 1.000][574.882 -353.207 431.112 -3.1056 -7.1932 -36.9846][0.792510 -0.595299 0.132467 0.596866 0.801705 0.031944 -0.125216 0.053749 0.990673] 
3d 0 
fr 135860
ts 36843.330981
6d 1 [12 1.000][574.888 -353.265 431.103 -3.0883 -7.1968 -36.9861][0.792489 -0.595356 0.132337 0.596881 0.801682 0.032226 -0.125279 0.053450 0.990681] 
3d 0 
fr 135861
ts 36843.347657
6d 1 [12 1.000][574.882 -353.272 431.076 -3.0785 -7.2062 -36.9859][0.792474 -0.595369 0.132365 0.596866 0.801684 0.032461 -0.125441 0.053280 0.990669] 
3d 0 
fr 135862
ts 36843.364323
6d 1 [12 1.000][574.879 -353.140 431.053 -3.0676 -7.2132 -36.9871][0.792450 -0.595405 0.132347 0.596873 0.801669 0.032689 -0.125562 0.053090 0.990664] 
3d 0 
fr 135863
ts 36843.380993
6d 1 [12 1.000][574.887 -353.124 431.076 -3.0728 -7.2339 -36.9881][0.792403 -0.595392 0.132687 0.596860 0.801673 0.032833 -0.125921 0.053178 0.990614] 
3d 0 
fr 135864
ts 36843.397654
6d 1 [12 1.000][574.882 -353.222 431.071 -3.0629 -7.2251 -36.9844][0.792457 -0.595370 0.132465 0.596820 0.801701 0.032872 -0.125768 0.053008 0.990642] 
3d 0 
fr 135865
ts 36843.414319
6d 1 [12 1.000][574.887 -353.213 431.079 -3.0674 -7.2251 -36.9838][0.792463 -0.595351 0.132512 0.596812 0.801710 0.032807 -0.125768 0.053086 0.990638] 
3d 0 
fr 135866
ts 36843.430982
6d 1 [12 1.000][574.878 -353.245 431.100 -3.0510 -7.2267 -36.9760][0.792542 -0.595279 0.132367 0.596702 0.801783 0.033036 -0.125795 0.052801 0.990650] 
3d 0 
fr 135867
ts 36843.447635
6d 1 [12 1.000][574.880 -353.237 431.084 -3.0814 -7.2315 -36.9707][0.792588 -0.595131 0.132754 0.596623 0.801857 0.032647 -0.125879 0.053328 0.990611] 
3d 0 
fr 135868
ts 36843.464301
6d 1 [12 1.000][574.878 -353.159 431.075 -3.0955 -7.2030 -36.9688][0.792658 -0.595093 0.132507 0.596634 0.801869 0.032150 -0.125385 0.053574 0.990661] 
3d 0 
fr 135869
ts 36843.480948
6d 1 [12 1.000][574.891 -353.232 431.079 -3.0826 -7.2259 -36.9685][0.792621 -0.595101 0.132689 0.596599 0.801878 0.032568 -0.125782 0.053348 0.990622] 
3d 0 
fr 135870
ts 36843.497613
6d 1 [12 1.000][574.884 -353.209 431.061 -3.0619 -7.2298 -36.9710][0.792588 -0.595181 0.132526 0.596629 0.801842 0.032904 -0.125849 0.052989 0.990633] 
3d 0 
fr 135871
ts 36843.514255
