fr 141368
ts 36935.118024
6d 1 [12 1.000][574.672 -353.496 430.844 -2.9634 -7.2866 -36.9682][0.792518 -0.595328 0.132289 0.596515 0.801845 0.034866 -0.126832 0.051280 0.990598] 
3d 0 
fr 141369
ts 36935.134683
6d 1 [12 1.000][574.679 -353.403 430.851 -2.9645 -7.2879 -36.9678][0.792519 -0.595319 0.132319 0.596507 0.801850 0.034863 -0.126855 0.051300 0.990594] 
3d 0 
fr 141370
ts 36935.151344
6d 1 [12 1.000][574.674 -353.465 430.859 -2.9676 -7.2912 -36.9656][0.792536 -0.595279 0.132399 0.596473 0.801876 0.034850 -0.126913 0.051353 0.990584] 
3d 0 
fr 141371
ts 36935.167997
6d 1 [12 1.000][574.674 -353.465 430.859 -2.9676 -7.2912 -36.9656][0.792536 -0.595279 0.132399 0.596473 0.801876 0.034850 -0.126913 0.051353 0.990584] 
3d 0 
fr 141372
ts 36935.184659
6d 1 [12 1.000][574.659 -353.466 430.851 -2.9676 -7.2912 -36.9657][0.792535 -0.595280 0.132398 0.596474 0.801876 0.034850 -0.126913 0.051352 0.990584] 
3d 0 
fr 141373
ts 36935.201305
6d 1 [12 1.000][574.653 -353.484 430.845 -2.9724 -7.2934 -36.9670][0.792517 -0.595286 0.132479 0.596489 0.801866 0.034809 -0.126951 0.051436 0.990574] 
3d 0 
fr 141374
ts 36935.217966
6d 1 [12 1.000][574.653 -353.484 430.845 -2.9724 -7.2934 -36.9670][0.792517 -0.595286 0.132479 0.596489 0.801866 0.034809 -0.126951 0.051436 0.990574] 
3d 0 
fr 141375
ts 36935.234657
6d 1 [12 1.000][574.653 -353.484 430.845 -2.9724 -7.2934 -36.9670][0.792517 -0.595286 0.132479 0.596489 0.801866 0.034809 -0.126951 0.051436 0.990574] 
3d 0 
fr 141376
ts 36935.251319
6d 1 [12 1.000][574.668 -353.484 430.907 -2.9708 -7.2915 -36.9678][0.792513 -0.595302 0.132434 0.596503 0.801856 0.034813 -0.126917 0.051408 0.990580] 
3d 0 
fr 141377
ts 36935.268003
6d 1 [12 1.000][574.678 -353.495 430.882 -2.9642 -7.2821 -36.9728][0.792477 -0.595395 0.132232 0.596585 0.801794 0.034819 -0.126754 0.051295 0.990607] 
3d 0 
fr 141378
ts 36935.284664
6d 1 [12 1.000][574.693 -353.490 430.881 -2.9634 -7.2815 -36.9732][0.792474 -0.595402 0.132216 0.596591 0.801790 0.034825 -0.126744 0.051281 0.990609] 
3d 0 
fr 141379
ts 36935.301338
6d 1 [12 1.000][574.685 -353.487 430.882 -2.9599 -7.2784 -36.9746][0.792465 -0.595432 0.132136 0.596615 0.801771 0.034844 -0.126690 0.051222 0.990619] 
3d 0 
fr 141380
ts 36935.318004
6d 1 [12 1.000][574.685 -353.487 430.882 -2.9599 -7.2784 -36.9746][0.792465 -0.595432 0.132136 0.596615 0.801771 0.034844 -0.126690 0.051222 0.990619] 
3d 0 
fr 141381
ts 36935.334668
6d 1 [12 1.000][574.689 -353.330 430.883 -2.9597 -7.2791 -36.9760][0.792449 -0.595451 0.132143 0.596632 0.801757 0.034858 -0.126703 0.051218 0.990617] 
3d 0 
fr 141382
ts 36935.351332
6d 1 [12 1.000][574.689 -353.425 430.880 -2.9589 -7.2790 -36.9782][0.792426 -0.595485 0.132132 0.596664 0.801733 0.034873 -0.126701 0.051204 0.990618] 
3d 0 
fr 141383
ts 36935.367995
6d 1 [12 1.000][574.683 -353.399 430.886 -2.9628 -7.2798 -36.9793][0.792414 -0.595490 0.132183 0.596678 0.801725 0.034829 -0.126715 0.051271 0.990613] 
3d 0 
fr 141384
ts 36935.384658
6d 1 [12 1.000][574.680 -353.556 430.884 -2.9620 -7.2761 -36.9785][0.792428 -0.595484 0.132124 0.596672 0.801731 0.034800 -0.126650 0.051258 0.990622] 
3d 0 
fr 141385
ts 36935.401315
6d 1 [12 1.000][574.680 -353.430 430.849 -2.9645 -7.2818 -36.9793][0.792410 -0.595485 0.132228 0.596675 0.801727 0.034827 -0.126749 0.051300 0.990607] 
3d 0 
fr 141386
ts 36935.417978
6d 1 [12 1.000][574.674 -353.534 430.869 -2.9625 -7.2813 -36.9744][0.792461 -0.595422 0.132204 0.596608 0.801776 0.034838 -0.126742 0.051266 0.990610] 
3d 0 
fr 141387
ts 36935.434625
6d 1 [12 1.000][574.669 -353.527 430.853 -2.9726 -7.2901 -36.9559][0.792639 -0.595133 0.132441 0.596340 0.801980 0.034746 -0.126893 0.051438 0.990582] 
3d 0 
fr 141388
ts 36935.451287
6d 1 [12 1.000][574.664 -353.535 430.852 -2.9648 -7.2922 -36.9432][0.792767 -0.594972 0.132397 0.596162 0.802107 0.034848 -0.126930 0.051304 0.990584] 
3d 0 
fr 141389
ts 36935.467930
6d 1 [12 1.000][574.666 -353.512 430.825 -2.9686 -7.3025 -36.9590][0.792585 -0.595176 0.132570 0.596366 0.801952 0.034938 -0.127109 0.051369 0.990558] 
3d 0 
fr 141390
ts 36935.484591
6d 1 [12 1.000][574.661 -353.477 430.843 -2.9679 -7.2965 -36.9624][0.792560 -0.595230 0.132477 0.596421 0.801913 0.034892 -0.127004 0.051358 0.990572] 
3d 0 
fr 141391
ts 36935.501280
6d 1 [12 1.000][574.670 -353.409 430.837 -2.9679 -7.2984 -36.9623][0.792558 -0.595227 0.132503 0.596417 0.801915 0.034912 -0.127037 0.051357 0.990568] 
3d 0 
fr 141392
ts 36935.517941
6d 1 [12 1.000][574.661 -353.488 430.834 -2.9657 -7.3057 -36.9582][0.792587 -0.595170 0.132584 0.596351 0.801960 0.035009 -0.127163 0.051319 0.990553] 
3d 0 
fr 141393
ts 36935.534619
6d 1 [12 1.000][574.661 -353.488 430.834 -2.9657 -7.3057 -36.9582][0.792587 -0.595170 0.132584 0.596351 0.801960 0.035009 -0.127163 0.051319 0.990553] 
3d 0 
fr 141394
ts 36935.551283
6d 1 [12 1.000][574.661 -353.488 430.834 -2.9657 -7.3057 -36.9582][0.792587 -0.595170 0.132584 0.596351 0.801960 0.035009 -0.127163 0.051319 0.990553] 
3d 0 
fr 141395
ts 36935.567953
6d 1 [12 1.000][574.661 -353.488 430.834 -2.9657 -7.3057 -36.9582][0.792587 -0.595170 0.132584 0.596351 0.801960 0.035009 -0.127163 0.051319 0.990553] 
3d 0 
fr 141396
ts 36935.584618
6d 1 [12 1.000][574.661 -353.488 430.834 -2.9657 -7.3057 -36.9582][0.792587 -0.595170 0.132584 0.596351 0.801960 0.035009 -0.127163 0.051319 0.990553] 
3d 0 
fr 141397
ts 36935.601286
6d 1 [12 1.000][574.661 -353.488 430.834 -2.9657 -7.3057 -36.9582][0.792587 -0.595170 0.132584 0.596351 0.801960 0.035009 -0.127163 0.051319 0.990553] 
3d 0 
fr 141398
ts 36935.617946
6d 1 [12 1.000][574.702 -353.474 430.871 -2.9646 -7.3059 -36.9597][0.792571 -0.595194 0.132574 0.596372 0.801943 0.035031 -0.127167 0.051299 0.990554] 
3d 0 
fr 141399
ts 36935.634603
6d 1 [12 1.000][574.680 -353.446 430.844 -2.9646 -7.3074 -36.9621][0.792544 -0.595225 0.132593 0.596402 0.801920 0.035052 -0.127193 0.051298 0.990551] 
3d 0 
fr 141400
ts 36935.651268
6d 1 [12 1.000][574.674 -353.476 430.851 -2.9628 -7.3004 -36.9636][0.792541 -0.595255 0.132477 0.596432 0.801900 0.035007 -0.127071 0.051269 0.990568] 
3d 0 
fr 141401
ts 36935.667920
6d 1 [12 1.000][574.695 -353.477 430.860 -2.9595 -7.3105 -36.9753][0.792400 -0.595420 0.132575 0.596582 0.801780 0.035185 -0.127246 0.051211 0.990548] 
3d 0 
fr 141402
ts 36935.684582
6d 1 [12 1.000][574.688 -353.558 430.853 -2.9594 -7.3098 -36.9754][0.792401 -0.595422 0.132565 0.596584 0.801779 0.035180 -0.127235 0.051209 0.990550] 
3d 0 
fr 141403
ts 36935.701224
6d 1 [12 1.000][574.692 -353.527 430.870 -2.9596 -7.3093 -36.9749][0.792407 -0.595415 0.132559 0.596578 0.801784 0.035171 -0.127225 0.051212 0.990551] 
3d 0 
fr 141404
ts 36935.717889
6d 1 [12 1.000][574.690 -353.521 430.874 -2.9579 -7.3053 -36.9754][0.792409 -0.595429 0.132486 0.596590 0.801776 0.035155 -0.127157 0.051183 0.990561] 
3d 0 
fr 141405
ts 36935.734578
6d 1 [12 1.000][574.682 -353.505 430.864 -2.9598 -7.3008 -36.9764][0.792406 -0.595442 0.132444 0.596610 0.801764 0.035084 -0.127079 0.051217 0.990569] 
3d 0 
fr 141406
ts 36935.751243
6d 1 [12 1.000][574.682 -353.505 430.864 -2.9598 -7.3008 -36.9764][0.792406 -0.595442 0.132444 0.596610 0.801764 0.035084 -0.127079 0.051217 0.990569] 
3d 0 
fr 141407
ts 36935.767927
6d 1 [12 1.000][574.682 -353.505 430.864 -2.9598 -7.3008 -36.9764][0.792406 -0.595442 0.132444 0.596610 0.801764 0.035084 -0.127079 0.051217 0.990569] 
3d 0 
fr 141408
ts 36935.784589
6d 1 [12 1.000][574.669 -353.518 430.828 -2.9596 -7.3001 -36.9755][0.792417 -0.595430 0.132431 0.596598 0.801773 0.035077 -0.127066 0.051213 0.990571] 
3d 0 
fr 141409
ts 36935.801266
6d 1 [12 1.000][574.668 -353.507 430.836 -2.9595 -7.3014 -36.9744][0.792427 -0.595413 0.132449 0.596581 0.801786 0.035089 -0.127088 0.051211 0.990569] 
3d 0 
fr 141410
ts 36935.817928
6d 1 [12 1.000][574.656 -353.480 430.837 -2.9579 -7.2973 -36.9687][0.792493 -0.595340 0.132380 0.596507 0.801842 0.035056 -0.127018 0.051184 0.990579] 
3d 0 
fr 141411
ts 36935.834598
6d 1 [12 1.000][574.656 -353.480 430.837 -2.9579 -7.2973 -36.9687][0.792493 -0.595340 0.132380 0.596507 0.801842 0.035056 -0.127018 0.051184 0.990579] 
3d 0 
fr 141412
ts 36935.851261
6d 1 [12 1.000][574.656 -353.480 430.837 -2.9579 -7.2973 -36.9687][0.792493 -0.595340 0.132380 0.596507 0.801842 0.035056 -0.127018 0.051184 0.990579] 
3d 0 
fr 141413
ts 36935.867920
6d 1 [12 1.000][574.670 -353.454 430.848 -2.9598 -7.2967 -36.9684][0.792498 -0.595332 0.132392 0.596504 0.801846 0.035022 -0.127007 0.051217 0.990579] 
3d 0 
fr 141414
ts 36935.884585
6d 1 [12 1.000][574.675 -353.493 430.859 -2.9662 -7.2948 -36.9658][0.792528 -0.595282 0.132434 0.596471 0.801876 0.034906 -0.126974 0.051329 0.990577] 
3d 0 
fr 141415
ts 36935.901240
6d 1 [12 1.000][574.675 -353.493 430.859 -2.9662 -7.2948 -36.9658][0.792528 -0.595282 0.132434 0.596471 0.801876 0.034906 -0.126974 0.051329 0.990577] 
3d 0 
fr 141416
ts 36935.917903
6d 1 [12 1.000][574.675 -353.493 430.859 -2.9662 -7.2948 -36.9658][0.792528 -0.595282 0.132434 0.596471 0.801876 0.034906 -0.126974 0.051329 0.990577] 
3d 0 
fr 141417
ts 36935.934549
6d 1 [12 1.000][574.675 -353.493 430.859 -2.9662 -7.2948 -36.9658][0.792528 -0.595282 0.132434 0.596471 0.801876 0.034906 -0.126974 0.051329 0.990577] 
3d 0 
fr 141418
ts 36935.951213
6d 1 [12 1.000][574.675 -353.493 430.859 -2.9662 -7.2948 -36.9658][0.792528 -0.595282 0.132434 0.596471 0.801876 0.034906 -0.126974 0.051329 0.990577] 
3d 0 
fr 141419
ts 36935.967853
6d 1 [12 1.000][574.675 -353.493 430.859 -2.9662 -7.2948 -36.9658][0.792528 -0.595282 0.132434 0.596471 0.801876 0.034906 -0.126974 0.051329 0.990577] 
3d 0 
fr 141420
ts 36935.984518
6d 1 [12 1.000][574.675 -353.493 430.859 -2.9662 -7.2948 -36.9658][0.792528 -0.595282 0.132434 0.596471 0.801876 0.034906 -0.126974 0.051329 0.990577] 
3d 0 
fr 141421
ts 36936.001205
6d 1 [12 1.000][574.702 -353.375 430.873 -2.9672 -7.2939 -36.9671][0.792515 -0.595299 0.132431 0.596490 0.801862 0.034886 -0.126959 0.051346 0.990578] 
3d 0 
fr 141422
ts 36936.017867
6d 1 [12 1.000][574.692 -353.423 430.914 -2.9700 -7.2851 -36.9763][0.792435 -0.595428 0.132333 0.596629 0.801763 0.034778 -0.126807 0.051394 0.990595] 
3d 0 
fr 141423
ts 36936.034548
6d 1 [12 1.000][574.708 -353.443 430.881 -2.9692 -7.2855 -36.9775][0.792422 -0.595446 0.132329 0.596645 0.801751 0.034795 -0.126814 0.051381 0.990595] 
3d 0 
fr 141424
ts 36936.051210
6d 1 [12 1.000][574.694 -353.568 430.812 -2.9684 -7.2854 -36.9779][0.792419 -0.595453 0.132319 0.596650 0.801746 0.034806 -0.126812 0.051367 0.990596] 
3d 0 
fr 141425
ts 36936.067885
6d 1 [12 1.000][574.703 -353.458 430.799 -2.9660 -7.2884 -36.9851][0.792338 -0.595557 0.132331 0.596746 0.801672 0.034888 -0.126864 0.051325 0.990591] 
3d 0 
fr 141426
ts 36936.084546
6d 1 [12 1.000][574.689 -353.496 430.856 -2.9651 -7.2890 -36.9850][0.792337 -0.595559 0.132329 0.596745 0.801671 0.034907 -0.126873 0.051309 0.990591] 
3d 0 
fr 141427
ts 36936.101208
6d 1 [12 1.000][574.688 -353.449 430.845 -2.9657 -7.2890 -36.9842][0.792346 -0.595546 0.132337 0.596733 0.801680 0.034897 -0.126875 0.051319 0.990590] 
3d 0 
fr 141428
ts 36936.117869
6d 1 [12 1.000][574.677 -353.463 430.869 -2.9613 -7.2908 -36.9823][0.792363 -0.595528 0.132317 0.596705 0.801698 0.034972 -0.126905 0.051243 0.990590] 
3d 0 
fr 141429
ts 36936.134535
6d 1 [12 1.000][574.677 -353.463 430.869 -2.9613 -7.2908 -36.9823][0.792363 -0.595528 0.132317 0.596705 0.801698 0.034972 -0.126905 0.051243 0.990590] 
3d 0 
fr 141430
ts 36936.151195
6d 1 [12 1.000][574.637 -353.469 430.870 -2.9612 -7.2911 -36.9800][0.792386 -0.595496 0.132321 0.596673 0.801722 0.034971 -0.126910 0.051242 0.990590] 
3d 0 
fr 141431
ts 36936.167849
6d 1 [12 1.000][574.661 -353.472 430.856 -2.9630 -7.2922 -36.9681][0.792508 -0.595324 0.132363 0.596506 0.801848 0.034930 -0.126930 0.051273 0.990586] 
3d 0 
fr 141432
ts 36936.184511
6d 1 [12 1.000][574.658 -353.497 430.835 -2.9632 -7.2929 -36.9668][0.792520 -0.595306 0.132375 0.596488 0.801862 0.034931 -0.126941 0.051276 0.990584] 
3d 0 
fr 141433
ts 36936.201157
6d 1 [12 1.000][574.667 -353.484 430.858 -2.9646 -7.2977 -36.9586][0.792598 -0.595183 0.132461 0.596367 0.801951 0.034943 -0.127025 0.051299 0.990572] 
3d 0 
fr 141434
ts 36936.217818
6d 1 [12 1.000][574.667 -353.484 430.858 -2.9646 -7.2977 -36.9586][0.792598 -0.595183 0.132461 0.596367 0.801951 0.034943 -0.127025 0.051299 0.990572] 
3d 0 
fr 141435
ts 36936.234509
6d 1 [12 1.000][574.699 -353.480 430.866 -2.9646 -7.2973 -36.9589][0.792595 -0.595188 0.132456 0.596372 0.801947 0.034939 -0.127018 0.051300 0.990573] 
3d 0 
fr 141436
ts 36936.251171
6d 1 [12 1.000][574.673 -353.487 430.864 -2.9614 -7.2959 -36.9574][0.792613 -0.595175 0.132404 0.596353 0.801960 0.034966 -0.126994 0.051245 0.990579] 
3d 0 
fr 141437
ts 36936.267851
6d 1 [12 1.000][574.666 -353.569 430.853 -2.9606 -7.2970 -36.9574][0.792611 -0.595177 0.132410 0.596352 0.801960 0.034989 -0.127012 0.051231 0.990577] 
3d 0 
fr 141438
ts 36936.284517
6d 1 [12 1.000][574.655 -353.636 430.851 -2.9580 -7.2966 -36.9570][0.792616 -0.595177 0.132379 0.596347 0.801963 0.035020 -0.127006 0.051187 0.990580] 
3d 0 
fr 141439
ts 36936.301191
6d 1 [12 1.000][574.668 -353.524 430.861 -2.9541 -7.2983 -36.9587][0.792595 -0.595209 0.132361 0.596368 0.801943 0.035096 -0.127036 0.051119 0.990580] 
3d 0 
fr 141440
ts 36936.317856
6d 1 [12 1.000][574.668 -353.524 430.861 -2.9541 -7.2983 -36.9587][0.792595 -0.595209 0.132361 0.596368 0.801943 0.035096 -0.127036 0.051119 0.990580] 
3d 0 
fr 141441
ts 36936.334524
6d 1 [12 1.000][574.668 -353.524 430.861 -2.9541 -7.2983 -36.9587][0.792595 -0.595209 0.132361 0.596368 0.801943 0.035096 -0.127036 0.051119 0.990580] 
3d 0 
fr 141442
ts 36936.351187
6d 1 [12 1.000][574.677 -353.614 430.871 -2.9540 -7.2975 -36.9586][0.792598 -0.595208 0.132349 0.596368 0.801944 0.035089 -0.127021 0.051117 0.990582] 
3d 0 
fr 141443
ts 36936.367850
6d 1 [12 1.000][574.679 -353.544 430.862 -2.9564 -7.2932 -36.9579][0.792612 -0.595196 0.132315 0.596364 0.801950 0.035009 -0.126947 0.051160 0.990589] 
3d 0 
fr 141444
ts 36936.384513
6d 1 [12 1.000][574.679 -353.544 430.862 -2.9564 -7.2932 -36.9579][0.792612 -0.595196 0.132315 0.596364 0.801950 0.035009 -0.126947 0.051160 0.990589] 
3d 0 
fr 141445
ts 36936.401168
6d 1 [12 1.000][574.689 -353.396 430.876 -2.9576 -7.2928 -36.9588][0.792604 -0.595206 0.132320 0.596377 0.801941 0.034989 -0.126939 0.051180 0.990589] 
3d 0 
fr 141446
ts 36936.417831
6d 1 [12 1.000][574.692 -353.518 430.880 -2.9597 -7.2883 -36.9627][0.792571 -0.595260 0.132278 0.596437 0.801899 0.034923 -0.126862 0.051216 0.990597] 
3d 0 
fr 141447
ts 36936.434477
6d 1 [12 1.000][574.697 -353.438 430.867 -2.9602 -7.2886 -36.9643][0.792554 -0.595281 0.132287 0.596459 0.801883 0.034923 -0.126867 0.051226 0.990596] 
3d 0 
fr 141448
ts 36936.451143
6d 1 [12 1.000][574.692 -353.465 430.871 -2.9602 -7.2870 -36.9667][0.792532 -0.595314 0.132263 0.596493 0.801859 0.034911 -0.126839 0.051226 0.990600] 
3d 0 
fr 141449
ts 36936.467786
6d 1 [12 1.000][574.708 -353.434 430.878 -2.9630 -7.2868 -36.9697][0.792501 -0.595350 0.132288 0.596535 0.801829 0.034877 -0.126836 0.051274 0.990598] 
3d 0 
fr 141450
ts 36936.484448
6d 1 [12 1.000][574.698 -353.463 430.881 -2.9650 -7.2833 -36.9805][0.792394 -0.595500 0.132253 0.596690 0.801715 0.034839 -0.126776 0.051308 0.990604] 
3d 0 
fr 141451
ts 36936.501132
6d 1 [12 1.000][574.680 -353.446 430.867 -2.9660 -7.2839 -36.9807][0.792392 -0.595499 0.132272 0.596691 0.801715 0.034831 -0.126786 0.051326 0.990601] 
3d 0 
fr 141452
ts 36936.517797
6d 1 [12 1.000][574.686 -353.530 430.846 -2.9705 -7.2829 -36.9834][0.792366 -0.595527 0.132303 0.596730 0.801689 0.034763 -0.126768 0.051404 0.990600] 
3d 0 
fr 141453
ts 36936.534479
6d 1 [12 1.000][574.692 -353.559 430.849 -2.9709 -7.2842 -36.9829][0.792369 -0.595518 0.132325 0.596721 0.801695 0.034770 -0.126791 0.051410 0.990596] 
3d 0 
fr 141454
ts 36936.551142
6d 1 [12 1.000][574.685 -353.541 430.825 -2.9690 -7.2848 -36.9825][0.792371 -0.595518 0.132314 0.596716 0.801698 0.034803 -0.126801 0.051377 0.990597] 
3d 0 
fr 141455
ts 36936.567815
6d 1 [12 1.000][574.693 -353.469 430.846 -2.9708 -7.2913 -36.9810][0.792376 -0.595487 0.132423 0.596685 0.801719 0.034842 -0.126914 0.051407 0.990581] 
3d 0 
fr 141456
ts 36936.584476
6d 1 [12 1.000][574.692 -353.522 430.852 -2.9697 -7.2907 -36.9807][0.792380 -0.595486 0.132404 0.596683 0.801720 0.034850 -0.126904 0.051389 0.990583] 
3d 0 
fr 141457
ts 36936.601143
6d 1 [12 1.000][574.695 -353.476 430.858 -2.9657 -7.2915 -36.9798][0.792388 -0.595482 0.132374 0.596668 0.801728 0.034912 -0.126917 0.051319 0.990585] 
3d 0 
fr 141458
ts 36936.617807
6d 1 [12 1.000][574.695 -353.476 430.858 -2.9657 -7.2915 -36.9798][0.792388 -0.595482 0.132374 0.596668 0.801728 0.034912 -0.126917 0.051319 0.990585] 
3d 0 
fr 141459
ts 36936.634465
6d 1 [12 1.000][574.695 -353.476 430.858 -2.9657 -7.2915 -36.9798][0.792388 -0.595482 0.132374 0.596668 0.801728 0.034912 -0.126917 0.051319 0.990585] 
3d 0 
fr 141460
ts 36936.651126
6d 1 [12 1.000][574.676 -353.618 430.852 -2.9639 -7.2912 -36.9782][0.792404 -0.595465 0.132352 0.596648 0.801743 0.034930 -0.126912 0.051289 0.990587] 
3d 0 
fr 141461
ts 36936.667780
6d 1 [12 1.000][574.669 -353.574 430.834 -2.9647 -7.2932 -36.9757][0.792427 -0.595426 0.132390 0.596610 0.801770 0.034935 -0.126948 0.051302 0.990582] 
3d 0 
fr 141462
ts 36936.684442
6d 1 [12 1.000][574.670 -353.566 430.832 -2.9643 -7.2917 -36.9745][0.792443 -0.595411 0.132366 0.596595 0.801782 0.034920 -0.126920 0.051296 0.990586] 
3d 0 
fr 141463
ts 36936.701087
6d 1 [12 1.000][574.671 -353.541 430.827 -2.9597 -7.2936 -36.9635][0.792553 -0.595267 0.132351 0.596441 0.801894 0.034981 -0.126955 0.051216 0.990585] 
3d 0 
fr 141464
ts 36936.717750
6d 1 [12 1.000][574.671 -353.541 430.827 -2.9597 -7.2936 -36.9635][0.792553 -0.595267 0.132351 0.596441 0.801894 0.034981 -0.126955 0.051216 0.990585] 
3d 0 
fr 141465
ts 36936.734438
6d 1 [12 1.000][574.680 -353.423 430.833 -2.9634 -7.2932 -36.9637][0.792553 -0.595260 0.132384 0.596443 0.801895 0.034924 -0.126946 0.051280 0.990583] 
3d 0 
fr 141466
ts 36936.751104
6d 1 [12 1.000][574.680 -353.494 430.882 -2.9606 -7.2918 -36.9652][0.792539 -0.595289 0.132334 0.596466 0.801877 0.034954 -0.126923 0.051231 0.990589] 
3d 0 
fr 141467
ts 36936.767788
6d 1 [12 1.000][574.685 -353.411 430.851 -2.9632 -7.2945 -36.9676][0.792509 -0.595316 0.132398 0.596497 0.801854 0.034950 -0.126970 0.051277 0.990580] 
3d 0 
fr 141468
ts 36936.784450
6d 1 [12 1.000][574.684 -353.433 430.884 -2.9613 -7.2916 -36.9710][0.792479 -0.595370 0.132335 0.596548 0.801816 0.034955 -0.126919 0.051243 0.990589] 
3d 0 
fr 141469
ts 36936.801127
6d 1 [12 1.000][574.686 -353.386 430.862 -2.9642 -7.2943 -36.9763][0.792420 -0.595434 0.132400 0.596616 0.801765 0.034953 -0.126966 0.051294 0.990580] 
3d 0 
fr 141470
ts 36936.817789
6d 1 [12 1.000][574.685 -353.420 430.870 -2.9590 -7.2908 -36.9802][0.792385 -0.595504 0.132295 0.596675 0.801719 0.035000 -0.126906 0.051203 0.990592] 
3d 0 
fr 141471
ts 36936.834455
6d 1 [12 1.000][574.688 -353.394 430.869 -2.9642 -7.2920 -36.9871][0.792310 -0.595588 0.132362 0.596770 0.801651 0.034956 -0.126927 0.051294 0.990585] 
3d 0 
fr 141472
ts 36936.851121
6d 1 [12 1.000][574.680 -353.428 430.792 -2.9595 -7.2928 -36.9874][0.792306 -0.595602 0.132323 0.596773 0.801645 0.035029 -0.126940 0.051213 0.990587] 
3d 0 
fr 141473
ts 36936.867781
6d 1 [12 1.000][574.689 -353.412 430.870 -2.9629 -7.2932 -36.9931][0.792246 -0.595674 0.132360 0.596851 0.801588 0.035000 -0.126947 0.051270 0.990584] 
3d 0 
fr 141474
ts 36936.884447
6d 1 [12 1.000][574.676 -353.556 430.873 -2.9615 -7.2930 -36.9925][0.792253 -0.595668 0.132344 0.596843 0.801594 0.035016 -0.126944 0.051247 0.990585] 
3d 0 
fr 141475
ts 36936.901102
6d 1 [12 1.000][574.680 -353.451 430.859 -2.9583 -7.2950 -36.9921][0.792253 -0.595669 0.132338 0.596835 0.801597 0.035081 -0.126979 0.051191 0.990584] 
3d 0 
fr 141476
ts 36936.917764
6d 1 [12 1.000][574.684 -353.460 430.833 -2.9576 -7.2957 -36.9916][0.792258 -0.595662 0.132341 0.596826 0.801603 0.035096 -0.126991 0.051179 0.990583] 
3d 0 
fr 141477
ts 36936.934414
6d 1 [12 1.000][574.693 -353.425 430.851 -2.9571 -7.2987 -36.9890][0.792279 -0.595625 0.132378 0.596786 0.801631 0.035128 -0.127042 0.051170 0.990577] 
3d 0 
fr 141478
ts 36936.951077
6d 1 [12 1.000][574.693 -353.484 430.860 -2.9572 -7.2981 -36.9884][0.792286 -0.595618 0.132371 0.596780 0.801636 0.035120 -0.127031 0.051171 0.990578] 
3d 0 
fr 141479
ts 36936.967715
6d 1 [12 1.000][574.690 -353.473 430.850 -2.9598 -7.3003 -36.9848][0.792319 -0.595560 0.132431 0.596727 0.801676 0.035097 -0.127069 0.051217 0.990571] 
3d 0 
fr 141480
ts 36936.984380
6d 1 [12 1.000][574.697 -353.506 430.855 -2.9590 -7.2998 -36.9842][0.792327 -0.595553 0.132416 0.596719 0.801682 0.035102 -0.127061 0.051203 0.990572] 
3d 0 
fr 141481
ts 36937.001070
6d 1 [12 1.000][574.706 -353.452 430.860 -2.9607 -7.2981 -36.9820][0.792353 -0.595519 0.132411 0.596690 0.801706 0.035055 -0.127031 0.051232 0.990575] 
3d 0 
fr 141482
ts 36937.017731
6d 1 [12 1.000][574.693 -353.467 430.855 -2.9599 -7.2974 -36.9824][0.792350 -0.595527 0.132395 0.596697 0.801701 0.035060 -0.127020 0.051220 0.990577] 
3d 0 
fr 141483
ts 36937.034412
6d 1 [12 1.000][574.679 -353.473 430.846 -2.9587 -7.2982 -36.9811][0.792362 -0.595512 0.132393 0.596678 0.801713 0.035082 -0.127033 0.051199 0.990576] 
3d 0 
fr 141484
ts 36937.051076
6d 1 [12 1.000][574.679 -353.473 430.846 -2.9587 -7.2982 -36.9811][0.792362 -0.595512 0.132393 0.596678 0.801713 0.035082 -0.127033 0.051199 0.990576] 
3d 0 
fr 141485
ts 36937.067749
6d 1 [12 1.000][574.679 -353.473 430.846 -2.9587 -7.2982 -36.9811][0.792362 -0.595512 0.132393 0.596678 0.801713 0.035082 -0.127033 0.051199 0.990576] 
3d 0 
fr 141486
ts 36937.084410
6d 1 [12 1.000][574.679 -353.473 430.846 -2.9587 -7.2982 -36.9811][0.792362 -0.595512 0.132393 0.596678 0.801713 0.035082 -0.127033 0.051199 0.990576] 
3d 0 
fr 141487
ts 36937.101073
6d 1 [12 1.000][574.679 -353.473 430.846 -2.9587 -7.2982 -36.9811][0.792362 -0.595512 0.132393 0.596678 0.801713 0.035082 -0.127033 0.051199 0.990576] 
3d 0 
fr 141488
ts 36937.117739
6d 1 [12 1.000][574.679 -353.473 430.846 -2.9587 -7.2982 -36.9811][0.792362 -0.595512 0.132393 0.596678 0.801713 0.035082 -0.127033 0.051199 0.990576] 
3d 0 
fr 141489
ts 36937.134400
6d 1 [12 1.000][574.679 -353.473 430.846 -2.9587 -7.2982 -36.9811][0.792362 -0.595512 0.132393 0.596678 0.801713 0.035082 -0.127033 0.051199 0.990576] 
3d 0 
fr 141490
ts 36937.151063
6d 1 [12 1.000][574.679 -353.473 430.846 -2.9587 -7.2982 -36.9811][0.792362 -0.595512 0.132393 0.596678 0.801713 0.035082 -0.127033 0.051199 0.990576] 
3d 0 
fr 141491
ts 36937.167715
6d 1 [12 1.000][574.673 -353.471 430.823 -2.9616 -7.2978 -36.9806][0.792368 -0.595498 0.132418 0.596671 0.801721 0.035036 -0.127026 0.051248 0.990575] 
3d 0 
fr 141492
ts 36937.184376
6d 1 [12 1.000][574.675 -353.564 430.829 -2.9619 -7.2965 -36.9788][0.792389 -0.595473 0.132405 0.596649 0.801738 0.035014 -0.127004 0.051254 0.990577] 
3d 0 
fr 141493
ts 36937.201019
6d 1 [12 1.000][574.679 -353.495 430.826 -2.9816 -7.2890 -36.9756][0.792436 -0.595388 0.132507 0.596614 0.801780 0.034654 -0.126874 0.051594 0.990576] 
3d 0 
fr 141494
ts 36937.217684
6d 1 [12 1.000][574.675 -353.519 430.839 -2.9800 -7.2891 -36.9742][0.792450 -0.595373 0.132493 0.596595 0.801793 0.034675 -0.126876 0.051567 0.990577] 
3d 0 
fr 141495
ts 36937.234372
6d 1 [12 1.000][574.683 -353.488 430.861 -2.9760 -7.2928 -36.9676][0.792513 -0.595286 0.132506 0.596498 0.801862 0.034753 -0.126939 0.051498 0.990573] 
3d 0 
fr 141496
ts 36937.251038
6d 1 [12 1.000][574.673 -353.496 430.885 -2.9749 -7.2920 -36.9666][0.792524 -0.595276 0.132485 0.596486 0.801870 0.034759 -0.126927 0.051479 0.990575] 
3d 0 
fr 141497
ts 36937.267722
6d 1 [12 1.000][574.669 -353.508 430.844 -2.9705 -7.2938 -36.9603][0.792586 -0.595197 0.132467 0.596397 0.801934 0.034824 -0.126957 0.051402 0.990575] 
3d 0 
fr 141498
ts 36937.284386
6d 1 [12 1.000][574.627 -353.610 430.741 -2.9706 -7.2947 -36.9586][0.792603 -0.595172 0.132482 0.596372 0.801953 0.034827 -0.126972 0.051405 0.990573] 
3d 0 
fr 141499
ts 36937.301058
6d 1 [12 1.000][574.657 -353.528 430.825 -2.9718 -7.2985 -36.9528][0.792656 -0.595085 0.132550 0.596286 0.802016 0.034837 -0.127039 0.051424 0.990564] 
3d 0 
fr 141500
ts 36937.317724
6d 1 [12 1.000][574.657 -353.528 430.825 -2.9718 -7.2985 -36.9528][0.792656 -0.595085 0.132550 0.596286 0.802016 0.034837 -0.127039 0.051424 0.990564] 
3d 0 
fr 141501
ts 36937.334395
6d 1 [12 1.000][574.654 -353.416 430.827 -2.9720 -7.2995 -36.9529][0.792654 -0.595085 0.132566 0.596286 0.802015 0.034844 -0.127055 0.051428 0.990562] 
3d 0 
fr 141502
ts 36937.351055
6d 1 [12 1.000][574.677 -353.413 430.829 -2.9699 -7.3000 -36.9548][0.792633 -0.595116 0.132551 0.596312 0.801995 0.034883 -0.127065 0.051392 0.990562] 
3d 0 
fr 141503
ts 36937.367717
6d 1 [12 1.000][574.680 -353.405 430.825 -2.9741 -7.3004 -36.9613][0.792564 -0.595198 0.132595 0.596402 0.801930 0.034844 -0.127071 0.051464 0.990558] 
3d 0 
fr 141504
ts 36937.384384
6d 1 [12 1.000][574.655 -353.456 430.823 -2.9709 -7.2995 -36.9575][0.792606 -0.595152 0.132553 0.596350 0.801967 0.034871 -0.127056 0.051409 0.990562] 
3d 0 
fr 141505
ts 36937.401039
6d 1 [12 1.000][574.667 -353.426 430.831 -2.9739 -7.3000 -36.9624][0.792554 -0.595214 0.132588 0.596417 0.801918 0.034845 -0.127065 0.051461 0.990559] 
3d 0 
fr 141506
ts 36937.417704
6d 1 [12 1.000][574.670 -353.433 430.840 -2.9665 -7.2966 -36.9685][0.792496 -0.595318 0.132460 0.596506 0.801848 0.034928 -0.127006 0.051333 0.990573] 
3d 0 
fr 141507
ts 36937.434351
6d 1 [12 1.000][574.668 -353.438 430.837 -2.9711 -7.3011 -36.9719][0.792453 -0.595352 0.132567 0.596547 0.801818 0.034918 -0.127083 0.051411 0.990559] 
3d 0 
fr 141508
ts 36937.451012
6d 1 [12 1.000][574.668 -353.438 430.837 -2.9711 -7.3011 -36.9719][0.792453 -0.595352 0.132567 0.596547 0.801818 0.034918 -0.127083 0.051411 0.990559] 
3d 0 
fr 141509
ts 36937.467656
6d 1 [12 1.000][574.668 -353.438 430.837 -2.9711 -7.3011 -36.9719][0.792453 -0.595352 0.132567 0.596547 0.801818 0.034918 -0.127083 0.051411 0.990559] 
3d 0 
fr 141510
ts 36937.484318
6d 1 [12 1.000][574.668 -353.438 430.837 -2.9711 -7.3011 -36.9719][0.792453 -0.595352 0.132567 0.596547 0.801818 0.034918 -0.127083 0.051411 0.990559] 
3d 0 
fr 141511
ts 36937.501006
6d 1 [12 1.000][574.668 -353.438 430.837 -2.9711 -7.3011 -36.9719][0.792453 -0.595352 0.132567 0.596547 0.801818 0.034918 -0.127083 0.051411 0.990559] 
3d 0 
fr 141512
ts 36937.517668
6d 1 [12 1.000][574.668 -353.438 430.837 -2.9711 -7.3011 -36.9719][0.792453 -0.595352 0.132567 0.596547 0.801818 0.034918 -0.127083 0.051411 0.990559] 
3d 0 
fr 141513
ts 36937.534349
6d 1 [12 1.000][574.683 -353.413 430.896 -2.9705 -7.3010 -36.9733][0.792439 -0.595373 0.132559 0.596566 0.801804 0.034929 -0.127082 0.051401 0.990559] 
3d 0 
fr 141514
ts 36937.551010
6d 1 [12 1.000][574.671 -353.541 430.863 -2.9690 -7.3001 -36.9737][0.792435 -0.595384 0.132532 0.596574 0.801797 0.034941 -0.127067 0.051376 0.990563] 
3d 0 
fr 141515
ts 36937.567682
6d 1 [12 1.000][574.675 -353.536 430.821 -2.9709 -7.3003 -36.9726][0.792447 -0.595363 0.132555 0.596558 0.801810 0.034914 -0.127070 0.051409 0.990561] 
3d 0 
fr 141516
ts 36937.584348
6d 1 [12 1.000][574.676 -353.504 430.859 -2.9677 -7.2961 -36.9731][0.792449 -0.595381 0.132463 0.596570 0.801801 0.034917 -0.126998 0.051354 0.990573] 
3d 0 
fr 141517
ts 36937.601011
6d 1 [12 1.000][574.684 -353.491 430.857 -2.9686 -7.2969 -36.9722][0.792457 -0.595365 0.132483 0.596557 0.801811 0.034910 -0.127010 0.051369 0.990570] 
3d 0 
fr 141518
ts 36937.617677
6d 1 [12 1.000][574.676 -353.501 430.825 -2.9666 -7.2946 -36.9709][0.792475 -0.595353 0.132432 0.596541 0.801823 0.034911 -0.126972 0.051335 0.990577] 
3d 0 
fr 141519
ts 36937.634337
6d 1 [12 1.000][574.681 -353.475 430.839 -2.9664 -7.2946 -36.9726][0.792457 -0.595377 0.132429 0.596565 0.801805 0.034918 -0.126972 0.051332 0.990577] 
3d 0 
fr 141520
ts 36937.650999
6d 1 [12 1.000][574.681 -353.475 430.839 -2.9664 -7.2946 -36.9726][0.792457 -0.595377 0.132429 0.596565 0.801805 0.034918 -0.126972 0.051332 0.990577] 
3d 0 
fr 141521
ts 36937.667653
6d 1 [12 1.000][574.681 -353.475 430.839 -2.9664 -7.2946 -36.9726][0.792457 -0.595377 0.132429 0.596565 0.801805 0.034918 -0.126972 0.051332 0.990577] 
3d 0 
fr 141522
ts 36937.684314
6d 1 [12 1.000][574.681 -353.475 430.839 -2.9664 -7.2946 -36.9726][0.792457 -0.595377 0.132429 0.596565 0.801805 0.034918 -0.126972 0.051332 0.990577] 
3d 0 
fr 141523
ts 36937.700961
6d 1 [12 1.000][574.681 -353.475 430.839 -2.9664 -7.2946 -36.9726][0.792457 -0.595377 0.132429 0.596565 0.801805 0.034918 -0.126972 0.051332 0.990577] 
3d 0 
fr 141524
ts 36937.717624
6d 1 [12 1.000][574.681 -353.475 430.839 -2.9664 -7.2946 -36.9726][0.792457 -0.595377 0.132429 0.596565 0.801805 0.034918 -0.126972 0.051332 0.990577] 
3d 0 
fr 141525
ts 36937.734314
6d 1 [12 1.000][574.671 -353.462 430.824 -2.9662 -7.2963 -36.9721][0.792460 -0.595369 0.132450 0.596556 0.801811 0.034936 -0.127000 0.051328 0.990574] 
3d 0 
fr 141526
ts 36937.750976
6d 1 [12 1.000][574.660 -353.489 430.827 -2.9552 -7.3079 -36.9668][0.792494 -0.595313 0.132500 0.596467 0.801865 0.035199 -0.127202 0.051136 0.990558] 
3d 0 
fr 141527
ts 36937.767657
6d 1 [12 1.000][574.655 -353.461 430.814 -2.9564 -7.3087 -36.9663][0.792498 -0.595302 0.132523 0.596459 0.801871 0.035189 -0.127215 0.051157 0.990555] 
3d 0 
fr 141528
ts 36937.784322
6d 1 [12 1.000][574.663 -353.466 430.827 -2.9568 -7.3075 -36.9666][0.792497 -0.595307 0.132510 0.596465 0.801868 0.035173 -0.127194 0.051163 0.990557] 
3d 0 
fr 141529
ts 36937.801001
6d 1 [12 1.000][574.719 -353.473 430.845 -2.9655 -7.3088 -36.9653][0.792508 -0.595267 0.132619 0.596445 0.801888 0.035062 -0.127217 0.051313 0.990547] 
3d 0 
fr 141530
ts 36937.817664
6d 1 [12 1.000][574.719 -353.473 430.845 -2.9655 -7.3088 -36.9653][0.792508 -0.595267 0.132619 0.596445 0.801888 0.035062 -0.127217 0.051313 0.990547] 
3d 0 
fr 141531
ts 36937.834334
6d 1 [12 1.000][574.719 -353.473 430.845 -2.9655 -7.3088 -36.9653][0.792508 -0.595267 0.132619 0.596445 0.801888 0.035062 -0.127217 0.051313 0.990547] 
3d 0 
fr 141532
ts 36937.850995
6d 1 [12 1.000][574.676 -353.597 430.862 -2.9654 -7.3080 -36.9650][0.792513 -0.595264 0.132609 0.596442 0.801890 0.035053 -0.127204 0.051313 0.990548] 
3d 0 
fr 141533
ts 36937.867656
6d 1 [12 1.000][574.685 -353.474 430.847 -2.9722 -7.3051 -36.9675][0.792492 -0.595285 0.132636 0.596481 0.801867 0.034934 -0.127152 0.051430 0.990549] 
3d 0 
fr 141534
ts 36937.884321
6d 1 [12 1.000][574.685 -353.474 430.847 -2.9722 -7.3051 -36.9675][0.792492 -0.595285 0.132636 0.596481 0.801867 0.034934 -0.127152 0.051430 0.990549] 
3d 0 
fr 141535
ts 36937.900979
6d 1 [12 1.000][574.671 -353.567 430.838 -2.9741 -7.3038 -36.9664][0.792505 -0.595266 0.132640 0.596467 0.801879 0.034892 -0.127131 0.051464 0.990550] 
3d 0 
fr 141536
ts 36937.917640
6d 1 [12 1.000][574.666 -353.535 430.839 -2.9738 -7.3020 -36.9664][0.792509 -0.595268 0.132611 0.596469 0.801878 0.034876 -0.127099 0.051459 0.990554] 
3d 0 
fr 141537
ts 36937.934287
6d 1 [12 1.000][574.672 -353.499 430.842 -2.9842 -7.2924 -36.9643][0.792547 -0.595222 0.132588 0.596454 0.801900 0.034626 -0.126933 0.051640 0.990566] 
3d 0 
fr 141538
ts 36937.950952
6d 1 [12 1.000][574.672 -353.499 430.842 -2.9842 -7.2924 -36.9643][0.792547 -0.595222 0.132588 0.596454 0.801900 0.034626 -0.126933 0.051640 0.990566] 
3d 0 
fr 141539
ts 36937.967596
6d 1 [12 1.000][574.672 -353.499 430.842 -2.9842 -7.2924 -36.9643][0.792547 -0.595222 0.132588 0.596454 0.801900 0.034626 -0.126933 0.051640 0.990566] 
3d 0 
fr 141540
ts 36937.984257
6d 1 [12 1.000][574.672 -353.499 430.842 -2.9842 -7.2924 -36.9643][0.792547 -0.595222 0.132588 0.596454 0.801900 0.034626 -0.126933 0.051640 0.990566] 
3d 0 
fr 141541
ts 36938.000942
6d 1 [12 1.000][574.670 -353.422 430.834 -2.9841 -7.2929 -36.9649][0.792540 -0.595231 0.132593 0.596462 0.801894 0.034635 -0.126941 0.051637 0.990565] 
3d 0 
fr 141542
ts 36938.017607
6d 1 [12 1.000][574.671 -353.450 430.832 -2.9780 -7.2933 -36.9706][0.792480 -0.595324 0.132532 0.596540 0.801831 0.034737 -0.126948 0.051532 0.990570] 
3d 0 
fr 141543
ts 36938.034290
6d 1 [12 1.000][574.678 -353.418 430.827 -2.9787 -7.2934 -36.9713][0.792473 -0.595332 0.132540 0.596549 0.801825 0.034731 -0.126950 0.051543 0.990569] 
3d 0 
fr 141544
ts 36938.050951
6d 1 [12 1.000][574.674 -353.438 430.826 -2.9780 -7.2921 -36.9732][0.792455 -0.595361 0.132514 0.596577 0.801804 0.034731 -0.126928 0.051532 0.990572] 
3d 0 
fr 141545
ts 36938.067625
6d 1 [12 1.000][574.674 -353.509 430.838 -2.9813 -7.2921 -36.9768][0.792418 -0.595404 0.132547 0.596627 0.801769 0.034693 -0.126928 0.051589 0.990569] 
3d 0 
fr 141546
ts 36938.084288
6d 1 [12 1.000][574.674 -353.509 430.838 -2.9813 -7.2921 -36.9768][0.792418 -0.595404 0.132547 0.596627 0.801769 0.034693 -0.126928 0.051589 0.990569] 
3d 0 
fr 141547
ts 36938.100955
6d 1 [12 1.000][574.674 -353.509 430.838 -2.9813 -7.2921 -36.9768][0.792418 -0.595404 0.132547 0.596627 0.801769 0.034693 -0.126928 0.051589 0.990569] 
3d 0 
fr 141548
ts 36938.117617
6d 1 [12 1.000][574.661 -353.516 430.844 -2.9797 -7.2928 -36.9765][0.792420 -0.595402 0.132539 0.596621 0.801771 0.034722 -0.126940 0.051562 0.990569] 
3d 0 
fr 141549
ts 36938.134278
6d 1 [12 1.000][574.664 -353.470 430.837 -2.9753 -7.2980 -36.9769][0.792407 -0.595414 0.132566 0.596620 0.801768 0.034838 -0.127030 0.051485 0.990562] 
3d 0 
fr 141550
ts 36938.150941
6d 1 [12 1.000][574.659 -353.532 430.845 -2.9733 -7.2988 -36.9761][0.792413 -0.595407 0.132557 0.596608 0.801775 0.034873 -0.127044 0.051451 0.990562] 
3d 0 
fr 141551
ts 36938.167594
6d 1 [12 1.000][574.672 -353.481 430.844 -2.9679 -7.3049 -36.9727][0.792438 -0.595368 0.132587 0.596553 0.801810 0.035004 -0.127150 0.051357 0.990553] 
3d 0 
fr 141552
ts 36938.184255
6d 1 [12 1.000][574.667 -353.506 430.833 -2.9674 -7.3048 -36.9725][0.792440 -0.595366 0.132580 0.596550 0.801812 0.035010 -0.127148 0.051347 0.990554] 
3d 0 
fr 141553
ts 36938.200901
6d 1 [12 1.000][574.658 -353.492 430.838 -2.9657 -7.3054 -36.9705][0.792460 -0.595342 0.132572 0.596522 0.801832 0.035035 -0.127158 0.051318 0.990554] 
3d 0 
fr 141554
ts 36938.217564
6d 1 [12 1.000][574.658 -353.492 430.838 -2.9657 -7.3054 -36.9705][0.792460 -0.595342 0.132572 0.596522 0.801832 0.035035 -0.127158 0.051318 0.990554] 
3d 0 
fr 141555
ts 36938.234256
6d 1 [12 1.000][574.658 -353.492 430.838 -2.9657 -7.3054 -36.9705][0.792460 -0.595342 0.132572 0.596522 0.801832 0.035035 -0.127158 0.051318 0.990554] 
3d 0 
fr 141556
ts 36938.250917
6d 1 [12 1.000][574.658 -353.492 430.838 -2.9657 -7.3054 -36.9705][0.792460 -0.595342 0.132572 0.596522 0.801832 0.035035 -0.127158 0.051318 0.990554] 
3d 0 
fr 141557
ts 36938.267600
6d 1 [12 1.000][574.658 -353.492 430.838 -2.9657 -7.3054 -36.9705][0.792460 -0.595342 0.132572 0.596522 0.801832 0.035035 -0.127158 0.051318 0.990554] 
3d 0 
fr 141558
ts 36938.284265
6d 1 [12 1.000][574.669 -353.526 430.855 -2.9612 -7.3051 -36.9705][0.792461 -0.595352 0.132521 0.596522 0.801829 0.035095 -0.127153 0.051240 0.990559] 
3d 0 
fr 141559
ts 36938.300942
6d 1 [12 1.000][574.665 -353.524 430.853 -2.9488 -7.3022 -36.9703][0.792468 -0.595381 0.132352 0.596523 0.801822 0.035238 -0.127102 0.051026 0.990576] 
3d 0 
fr 141560
ts 36938.317604
6d 1 [12 1.000][574.665 -353.524 430.853 -2.9488 -7.3022 -36.9703][0.792468 -0.595381 0.132352 0.596523 0.801822 0.035238 -0.127102 0.051026 0.990576] 
3d 0 
fr 141561
ts 36938.334276
6d 1 [12 1.000][574.665 -353.524 430.853 -2.9488 -7.3022 -36.9703][0.792468 -0.595381 0.132352 0.596523 0.801822 0.035238 -0.127102 0.051026 0.990576] 
3d 0 
fr 141562
ts 36938.350936
6d 1 [12 1.000][574.665 -353.524 430.853 -2.9488 -7.3022 -36.9703][0.792468 -0.595381 0.132352 0.596523 0.801822 0.035238 -0.127102 0.051026 0.990576] 
3d 0 
fr 141563
ts 36938.367599
6d 1 [12 1.000][574.680 -353.415 430.842 -2.9511 -7.3020 -36.9707][0.792464 -0.595381 0.132373 0.596529 0.801819 0.035204 -0.127099 0.051066 0.990575] 
3d 0 
fr 141564
ts 36938.384264
6d 1 [12 1.000][574.663 -353.462 430.835 -2.9509 -7.3013 -36.9698][0.792474 -0.595370 0.132362 0.596518 0.801827 0.035197 -0.127087 0.051063 0.990576] 
3d 0 
fr 141565
ts 36938.400921
6d 1 [12 1.000][574.666 -353.466 430.834 -2.9637 -7.3009 -36.9688][0.792486 -0.595326 0.132490 0.596504 0.801846 0.035012 -0.127080 0.051284 0.990566] 
3d 0 
fr 141566
ts 36938.417583
6d 1 [12 1.000][574.656 -353.499 430.838 -2.9617 -7.2952 -36.9683][0.792501 -0.595328 0.132390 0.596505 0.801847 0.034979 -0.126981 0.051250 0.990580] 
3d 0 
fr 141567
ts 36938.434233
6d 1 [12 1.000][574.656 -353.499 430.838 -2.9617 -7.2952 -36.9683][0.792501 -0.595328 0.132390 0.596505 0.801847 0.034979 -0.126981 0.051250 0.990580] 
3d 0 
fr 141568
ts 36938.450895
6d 1 [12 1.000][574.656 -353.499 430.838 -2.9617 -7.2952 -36.9683][0.792501 -0.595328 0.132390 0.596505 0.801847 0.034979 -0.126981 0.051250 0.990580] 
3d 0 
fr 141569
ts 36938.467539
6d 1 [12 1.000][574.656 -353.499 430.838 -2.9617 -7.2952 -36.9683][0.792501 -0.595328 0.132390 0.596505 0.801847 0.034979 -0.126981 0.051250 0.990580] 
3d 0 
fr 141570
ts 36938.484200
6d 1 [12 1.000][574.656 -353.499 430.838 -2.9617 -7.2952 -36.9683][0.792501 -0.595328 0.132390 0.596505 0.801847 0.034979 -0.126981 0.051250 0.990580] 
3d 0 
fr 141571
ts 36938.500889
6d 1 [12 1.000][574.760 -353.470 430.844 -2.9635 -7.2948 -36.9694][0.792490 -0.595339 0.132403 0.596521 0.801836 0.034952 -0.126974 0.051282 0.990580] 
3d 0 
fr 141572
ts 36938.517550
6d 1 [12 1.000][574.684 -353.497 430.841 -2.9702 -7.2919 -36.9711][0.792478 -0.595349 0.132433 0.596548 0.801821 0.034833 -0.126925 0.051398 0.990580] 
3d 0 
fr 141573
ts 36938.534232
6d 1 [12 1.000][574.684 -353.497 430.841 -2.9702 -7.2919 -36.9711][0.792478 -0.595349 0.132433 0.596548 0.801821 0.034833 -0.126925 0.051398 0.990580] 
3d 0 
fr 141574
ts 36938.550894
6d 1 [12 1.000][574.684 -353.497 430.841 -2.9702 -7.2919 -36.9711][0.792478 -0.595349 0.132433 0.596548 0.801821 0.034833 -0.126925 0.051398 0.990580] 
3d 0 
fr 141575
ts 36938.567569
6d 1 [12 1.000][574.684 -353.497 430.841 -2.9702 -7.2919 -36.9711][0.792478 -0.595349 0.132433 0.596548 0.801821 0.034833 -0.126925 0.051398 0.990580] 
3d 0 
fr 141576
ts 36938.584231
6d 1 [12 1.000][574.640 -353.501 430.831 -2.9690 -7.2931 -36.9718][0.792468 -0.595361 0.132437 0.596556 0.801814 0.034864 -0.126946 0.051377 0.990578] 
3d 0 
fr 141577
ts 36938.600894
6d 1 [12 1.000][574.655 -353.490 430.830 -2.9622 -7.3002 -36.9764][0.792408 -0.595436 0.132460 0.596610 0.801766 0.035043 -0.127068 0.051259 0.990569] 
3d 0 
fr 141578
ts 36938.617560
6d 1 [12 1.000][574.661 -353.513 430.836 -2.9629 -7.2929 -36.9756][0.792428 -0.595429 0.132368 0.596610 0.801770 0.034956 -0.126942 0.051271 0.990584] 
3d 0 
fr 141579
ts 36938.634221
6d 1 [12 1.000][574.667 -353.507 430.866 -2.9657 -7.2942 -36.9726][0.792458 -0.595379 0.132416 0.596565 0.801804 0.034923 -0.126964 0.051319 0.990579] 
3d 0 
fr 141580
ts 36938.650883
