fr 109210
ts 57739.200821
6d 1 [12 1.000][300.058 350.073 455.475 9.7284 -1.9608 4.9670][0.995661 0.079577 0.048228 -0.086532 0.982419 0.165423 -0.034216 -0.168878 0.985043] 
3d 0 
fr 109211
ts 57739.217461
6d 1 [12 1.000][300.059 350.061 455.450 9.7397 -1.9605 4.9750][0.995649 0.079706 0.048262 -0.086671 0.982375 0.165610 -0.034211 -0.169072 0.985010] 
3d 0 
fr 109212
ts 57739.234126
6d 1 [12 1.000][300.059 350.061 455.450 9.7397 -1.9605 4.9750][0.995649 0.079706 0.048262 -0.086671 0.982375 0.165610 -0.034211 -0.169072 0.985010] 
3d 0 
fr 109213
ts 57739.250815
6d 1 [12 1.000][300.059 350.061 455.450 9.7397 -1.9605 4.9750][0.995649 0.079706 0.048262 -0.086671 0.982375 0.165610 -0.034211 -0.169072 0.985010] 
3d 0 
fr 109214
ts 57739.267478
6d 1 [12 1.000][300.059 350.061 455.450 9.7397 -1.9605 4.9750][0.995649 0.079706 0.048262 -0.086671 0.982375 0.165610 -0.034211 -0.169072 0.985010] 
3d 0 
fr 109215
ts 57739.284159
6d 1 [12 1.000][300.054 350.094 455.410 9.7418 -1.9609 4.9745][0.995650 0.079694 0.048270 -0.086662 0.982370 0.165648 -0.034218 -0.169110 0.985003] 
3d 0 
fr 109216
ts 57739.300820
6d 1 [12 1.000][300.056 350.090 455.412 9.7513 -1.9620 4.9709][0.995655 0.079622 0.048291 -0.086600 0.982348 0.165811 -0.034237 -0.169273 0.984974] 
3d 0 
fr 109217
ts 57739.317495
6d 1 [12 1.000][300.056 350.090 455.412 9.7513 -1.9620 4.9709][0.995655 0.079622 0.048291 -0.086600 0.982348 0.165811 -0.034237 -0.169273 0.984974] 
3d 0 
fr 109218
ts 57739.334158
6d 1 [12 1.000][300.056 350.090 455.412 9.7513 -1.9620 4.9709][0.995655 0.079622 0.048291 -0.086600 0.982348 0.165811 -0.034237 -0.169273 0.984974] 
3d 0 
fr 109219
ts 57739.350826
6d 1 [12 1.000][300.055 350.043 455.420 9.7531 -1.9619 4.9714][0.995654 0.079628 0.048293 -0.086607 0.982342 0.165842 -0.034234 -0.169304 0.984969] 
3d 0 
fr 109220
ts 57739.367485
6d 1 [12 1.000][300.058 350.021 455.424 9.7542 -1.9616 4.9733][0.995651 0.079661 0.048296 -0.086641 0.982336 0.165859 -0.034230 -0.169323 0.984966] 
3d 0 
fr 109221
ts 57739.384148
6d 1 [12 1.000][300.055 350.036 455.427 9.7548 -1.9615 4.9730][0.995652 0.079656 0.048294 -0.086636 0.982335 0.165870 -0.034228 -0.169332 0.984964] 
3d 0 
fr 109222
ts 57739.400811
6d 1 [12 1.000][300.062 350.017 455.420 9.7579 -1.9618 4.9745][0.995650 0.079678 0.048307 -0.086661 0.982324 0.165921 -0.034233 -0.169385 0.984955] 
3d 0 
fr 109223
ts 57739.417464
6d 1 [12 1.000][300.058 350.030 455.429 9.7674 -1.9600 4.9798][0.995643 0.079765 0.048306 -0.086753 0.982288 0.166082 -0.034202 -0.169549 0.984928] 
3d 0 
fr 109224
ts 57739.434128
6d 1 [12 1.000][300.058 350.030 455.429 9.7674 -1.9600 4.9798][0.995643 0.079765 0.048306 -0.086753 0.982288 0.166082 -0.034202 -0.169549 0.984928] 
3d 0 
fr 109225
ts 57739.450773
6d 1 [12 1.000][300.058 350.030 455.429 9.7674 -1.9600 4.9798][0.995643 0.079765 0.048306 -0.086753 0.982288 0.166082 -0.034202 -0.169549 0.984928] 
3d 0 
fr 109226
ts 57739.467436
6d 1 [12 1.000][300.058 350.030 455.429 9.7674 -1.9600 4.9798][0.995643 0.079765 0.048306 -0.086753 0.982288 0.166082 -0.034202 -0.169549 0.984928] 
3d 0 
fr 109227
ts 57739.484128
6d 1 [12 1.000][300.058 350.083 455.428 9.7662 -1.9600 4.9795][0.995643 0.079762 0.048302 -0.086749 0.982292 0.166063 -0.034201 -0.169530 0.984931] 
3d 0 
fr 109228
ts 57739.500788
6d 1 [12 1.000][300.057 350.041 455.427 9.7613 -1.9578 4.9802][0.995643 0.079785 0.048260 -0.086761 0.982305 0.165981 -0.034163 -0.169445 0.984947] 
3d 0 
fr 109229
ts 57739.517475
6d 1 [12 1.000][300.057 350.041 455.427 9.7613 -1.9578 4.9802][0.995643 0.079785 0.048260 -0.086761 0.982305 0.165981 -0.034163 -0.169445 0.984947] 
3d 0 
fr 109230
ts 57739.534136
6d 1 [12 1.000][300.057 350.041 455.427 9.7613 -1.9578 4.9802][0.995643 0.079785 0.048260 -0.086761 0.982305 0.165981 -0.034163 -0.169445 0.984947] 
3d 0 
fr 109231
ts 57739.550815
6d 1 [12 1.000][300.057 350.041 455.427 9.7613 -1.9578 4.9802][0.995643 0.079785 0.048260 -0.086761 0.982305 0.165981 -0.034163 -0.169445 0.984947] 
3d 0 
fr 109232
ts 57739.567477
6d 1 [12 1.000][300.057 350.041 455.427 9.7613 -1.9578 4.9802][0.995643 0.079785 0.048260 -0.086761 0.982305 0.165981 -0.034163 -0.169445 0.984947] 
3d 0 
fr 109233
ts 57739.584149
6d 1 [12 1.000][300.057 350.041 455.427 9.7613 -1.9578 4.9802][0.995643 0.079785 0.048260 -0.086761 0.982305 0.165981 -0.034163 -0.169445 0.984947] 
3d 0 
fr 109234
ts 57739.600811
6d 1 [12 1.000][300.057 350.041 455.427 9.7613 -1.9578 4.9802][0.995643 0.079785 0.048260 -0.086761 0.982305 0.165981 -0.034163 -0.169445 0.984947] 
3d 0 
fr 109235
ts 57739.617471
6d 1 [12 1.000][300.057 350.041 455.427 9.7613 -1.9578 4.9802][0.995643 0.079785 0.048260 -0.086761 0.982305 0.165981 -0.034163 -0.169445 0.984947] 
3d 0 
fr 109236
ts 57739.634137
6d 1 [12 1.000][300.057 350.041 455.427 9.7613 -1.9578 4.9802][0.995643 0.079785 0.048260 -0.086761 0.982305 0.165981 -0.034163 -0.169445 0.984947] 
3d 0 
fr 109237
ts 57739.650792
6d 1 [12 1.000][300.057 350.041 455.427 9.7613 -1.9578 4.9802][0.995643 0.079785 0.048260 -0.086761 0.982305 0.165981 -0.034163 -0.169445 0.984947] 
3d 0 
fr 109238
ts 57739.667457
6d 1 [12 1.000][300.057 350.041 455.427 9.7613 -1.9578 4.9802][0.995643 0.079785 0.048260 -0.086761 0.982305 0.165981 -0.034163 -0.169445 0.984947] 
3d 0 
fr 109239
ts 57739.684103
6d 1 [12 1.000][300.057 350.041 455.427 9.7613 -1.9578 4.9802][0.995643 0.079785 0.048260 -0.086761 0.982305 0.165981 -0.034163 -0.169445 0.984947] 
3d 0 
fr 109240
ts 57739.700769
6d 1 [12 1.000][300.057 350.041 455.427 9.7613 -1.9578 4.9802][0.995643 0.079785 0.048260 -0.086761 0.982305 0.165981 -0.034163 -0.169445 0.984947] 
3d 0 
fr 109241
ts 57739.717411
6d 1 [12 1.000][300.057 350.041 455.427 9.7613 -1.9578 4.9802][0.995643 0.079785 0.048260 -0.086761 0.982305 0.165981 -0.034163 -0.169445 0.984947] 
3d 0 
fr 109242
ts 57739.734075
6d 1 [12 1.000][300.057 350.041 455.427 9.7613 -1.9578 4.9802][0.995643 0.079785 0.048260 -0.086761 0.982305 0.165981 -0.034163 -0.169445 0.984947] 
3d 0 
fr 109243
ts 57739.750764
6d 1 [12 1.000][300.057 350.041 455.427 9.7613 -1.9578 4.9802][0.995643 0.079785 0.048260 -0.086761 0.982305 0.165981 -0.034163 -0.169445 0.984947] 
3d 0 
fr 109244
ts 57739.767427
6d 1 [12 1.000][300.057 350.041 455.427 9.7613 -1.9578 4.9802][0.995643 0.079785 0.048260 -0.086761 0.982305 0.165981 -0.034163 -0.169445 0.984947] 
3d 0 
fr 109245
ts 57739.784108
6d 1 [12 1.000][300.057 350.041 455.427 9.7613 -1.9578 4.9802][0.995643 0.079785 0.048260 -0.086761 0.982305 0.165981 -0.034163 -0.169445 0.984947] 
3d 0 
fr 109246
ts 57739.800770
6d 1 [12 1.000][300.057 350.041 455.427 9.7613 -1.9578 4.9802][0.995643 0.079785 0.048260 -0.086761 0.982305 0.165981 -0.034163 -0.169445 0.984947] 
3d 0 
fr 109247
ts 57739.817445
6d 1 [12 1.000][300.057 350.041 455.427 9.7613 -1.9578 4.9802][0.995643 0.079785 0.048260 -0.086761 0.982305 0.165981 -0.034163 -0.169445 0.984947] 
3d 0 
fr 109248
ts 57739.834107
6d 1 [12 1.000][300.054 350.071 455.421 9.7598 -1.9590 4.9788][0.995645 0.079759 0.048275 -0.086737 0.982311 0.165955 -0.034184 -0.169420 0.984951] 
3d 0 
fr 109249
ts 57739.850775
6d 1 [12 1.000][300.061 350.072 455.405 9.7462 -1.9728 4.9637][0.995659 0.079470 0.048448 -0.086473 0.982375 0.165715 -0.034425 -0.169185 0.984983] 
3d 0 
fr 109250
ts 57739.867434
6d 1 [12 1.000][300.061 350.072 455.405 9.7462 -1.9728 4.9637][0.995659 0.079470 0.048448 -0.086473 0.982375 0.165715 -0.034425 -0.169185 0.984983] 
3d 0 
fr 109251
ts 57739.884098
6d 1 [12 1.000][300.059 350.030 455.418 9.7469 -1.9722 4.9648][0.995658 0.079491 0.048441 -0.086493 0.982371 0.165726 -0.034414 -0.169196 0.984981] 
3d 0 
fr 109252
ts 57739.900760
6d 1 [12 1.000][300.063 350.067 455.411 9.7476 -1.9682 4.9698][0.995653 0.079586 0.048389 -0.086579 0.982362 0.165739 -0.034345 -0.169208 0.984982] 
3d 0 
fr 109253
ts 57739.917414
6d 1 [12 1.000][300.063 350.067 455.411 9.7476 -1.9682 4.9698][0.995653 0.079586 0.048389 -0.086579 0.982362 0.165739 -0.034345 -0.169208 0.984982] 
3d 0 
fr 109254
ts 57739.934076
6d 1 [12 1.000][300.063 350.067 455.411 9.7476 -1.9682 4.9698][0.995653 0.079586 0.048389 -0.086579 0.982362 0.165739 -0.034345 -0.169208 0.984982] 
3d 0 
fr 109255
ts 57739.950724
6d 1 [12 1.000][300.063 350.067 455.411 9.7476 -1.9682 4.9698][0.995653 0.079586 0.048389 -0.086579 0.982362 0.165739 -0.034345 -0.169208 0.984982] 
3d 0 
fr 109256
ts 57739.967385
6d 1 [12 1.000][300.064 350.088 455.441 9.7460 -1.9672 4.9696][0.995654 0.079587 0.048370 -0.086575 0.982367 0.165713 -0.034328 -0.169180 0.984987] 
3d 0 
fr 109257
ts 57739.984075
6d 1 [12 1.000][300.066 350.075 455.445 9.7371 -1.9611 4.9698][0.995657 0.079616 0.048252 -0.086580 0.982390 0.165569 -0.034221 -0.169028 0.985017] 
3d 0 
fr 109258
ts 57740.000741
6d 1 [12 1.000][300.066 350.075 455.445 9.7371 -1.9611 4.9698][0.995657 0.079616 0.048252 -0.086580 0.982390 0.165569 -0.034221 -0.169028 0.985017] 
3d 0 
fr 109259
ts 57740.017425
6d 1 [12 1.000][300.066 350.075 455.445 9.7371 -1.9611 4.9698][0.995657 0.079616 0.048252 -0.086580 0.982390 0.165569 -0.034221 -0.169028 0.985017] 
3d 0 
fr 109260
ts 57740.034087
6d 1 [12 1.000][300.066 350.075 455.445 9.7371 -1.9611 4.9698][0.995657 0.079616 0.048252 -0.086580 0.982390 0.165569 -0.034221 -0.169028 0.985017] 
3d 0 
fr 109261
ts 57740.050766
6d 1 [12 1.000][300.066 350.075 455.445 9.7371 -1.9611 4.9698][0.995657 0.079616 0.048252 -0.086580 0.982390 0.165569 -0.034221 -0.169028 0.985017] 
3d 0 
fr 109262
ts 57740.067426
6d 1 [12 1.000][300.066 350.075 455.445 9.7371 -1.9611 4.9698][0.995657 0.079616 0.048252 -0.086580 0.982390 0.165569 -0.034221 -0.169028 0.985017] 
3d 0 
fr 109263
ts 57740.084096
6d 1 [12 1.000][300.066 350.075 455.445 9.7371 -1.9611 4.9698][0.995657 0.079616 0.048252 -0.086580 0.982390 0.165569 -0.034221 -0.169028 0.985017] 
3d 0 
fr 109264
ts 57740.100761
6d 1 [12 1.000][300.066 350.075 455.445 9.7371 -1.9611 4.9698][0.995657 0.079616 0.048252 -0.086580 0.982390 0.165569 -0.034221 -0.169028 0.985017] 
3d 0 
fr 109265
ts 57740.117426
6d 1 [12 1.000][300.066 350.075 455.445 9.7371 -1.9611 4.9698][0.995657 0.079616 0.048252 -0.086580 0.982390 0.165569 -0.034221 -0.169028 0.985017] 
3d 0 
fr 109266
ts 57740.134087
6d 1 [12 1.000][300.066 350.075 455.445 9.7371 -1.9611 4.9698][0.995657 0.079616 0.048252 -0.086580 0.982390 0.165569 -0.034221 -0.169028 0.985017] 
3d 0 
fr 109267
ts 57740.150746
6d 1 [12 1.000][300.066 350.075 455.445 9.7371 -1.9611 4.9698][0.995657 0.079616 0.048252 -0.086580 0.982390 0.165569 -0.034221 -0.169028 0.985017] 
3d 0 
fr 109268
ts 57740.167407
6d 1 [12 1.000][300.066 350.075 455.445 9.7371 -1.9611 4.9698][0.995657 0.079616 0.048252 -0.086580 0.982390 0.165569 -0.034221 -0.169028 0.985017] 
3d 0 
fr 109269
ts 57740.184059
6d 1 [12 1.000][300.049 350.154 455.439 9.7355 -1.9607 4.9692][0.995658 0.079610 0.048242 -0.086570 0.982396 0.165543 -0.034214 -0.169001 0.985022] 
3d 0 
fr 109270
ts 57740.200721
6d 1 [12 1.000][300.055 350.096 455.442 9.7357 -1.9598 4.9685][0.995660 0.079600 0.048224 -0.086558 0.982396 0.165549 -0.034198 -0.169005 0.985022] 
3d 0 
fr 109271
ts 57740.217360
6d 1 [12 1.000][300.056 350.102 455.438 9.7339 -1.9603 4.9680][0.995660 0.079591 0.048229 -0.086549 0.982402 0.165518 -0.034206 -0.168974 0.985027] 
3d 0 
fr 109272
ts 57740.234026
6d 1 [12 1.000][300.054 350.104 455.450 9.7334 -1.9593 4.9662][0.995664 0.079563 0.048206 -0.086517 0.982405 0.165513 -0.034189 -0.168966 0.985029] 
3d 0 
fr 109273
ts 57740.250715
6d 1 [12 1.000][300.059 350.090 455.447 9.7304 -1.9565 4.9627][0.995670 0.079514 0.048144 -0.086456 0.982418 0.165469 -0.034140 -0.168915 0.985039] 
3d 0 
fr 109274
ts 57740.267377
6d 1 [12 1.000][300.059 350.090 455.447 9.7304 -1.9565 4.9627][0.995670 0.079514 0.048144 -0.086456 0.982418 0.165469 -0.034140 -0.168915 0.985039] 
3d 0 
fr 109275
ts 57740.284055
6d 1 [12 1.000][300.059 350.090 455.447 9.7304 -1.9565 4.9627][0.995670 0.079514 0.048144 -0.086456 0.982418 0.165469 -0.034140 -0.168915 0.985039] 
3d 0 
fr 109276
ts 57740.300721
6d 1 [12 1.000][300.059 350.090 455.447 9.7304 -1.9565 4.9627][0.995670 0.079514 0.048144 -0.086456 0.982418 0.165469 -0.034140 -0.168915 0.985039] 
3d 0 
fr 109277
ts 57740.317397
6d 1 [12 1.000][300.059 350.090 455.447 9.7304 -1.9565 4.9627][0.995670 0.079514 0.048144 -0.086456 0.982418 0.165469 -0.034140 -0.168915 0.985039] 
3d 0 
fr 109278
ts 57740.334058
6d 1 [12 1.000][300.059 350.090 455.447 9.7304 -1.9565 4.9627][0.995670 0.079514 0.048144 -0.086456 0.982418 0.165469 -0.034140 -0.168915 0.985039] 
3d 0 
fr 109279
ts 57740.350724
6d 1 [12 1.000][300.059 350.090 455.447 9.7304 -1.9565 4.9627][0.995670 0.079514 0.048144 -0.086456 0.982418 0.165469 -0.034140 -0.168915 0.985039] 
3d 0 
fr 109280
ts 57740.367386
6d 1 [12 1.000][300.059 350.090 455.447 9.7304 -1.9565 4.9627][0.995670 0.079514 0.048144 -0.086456 0.982418 0.165469 -0.034140 -0.168915 0.985039] 
3d 0 
fr 109281
ts 57740.384050
6d 1 [12 1.000][300.059 350.090 455.447 9.7304 -1.9565 4.9627][0.995670 0.079514 0.048144 -0.086456 0.982418 0.165469 -0.034140 -0.168915 0.985039] 
3d 0 
fr 109282
ts 57740.400712
6d 1 [12 1.000][300.059 350.090 455.447 9.7304 -1.9565 4.9627][0.995670 0.079514 0.048144 -0.086456 0.982418 0.165469 -0.034140 -0.168915 0.985039] 
3d 0 
fr 109283
ts 57740.417363
6d 1 [12 1.000][300.059 350.090 455.447 9.7304 -1.9565 4.9627][0.995670 0.079514 0.048144 -0.086456 0.982418 0.165469 -0.034140 -0.168915 0.985039] 
3d 0 
fr 109284
ts 57740.434028
6d 1 [12 1.000][300.059 350.090 455.447 9.7304 -1.9565 4.9627][0.995670 0.079514 0.048144 -0.086456 0.982418 0.165469 -0.034140 -0.168915 0.985039] 
3d 0 
fr 109285
ts 57740.450676
6d 1 [12 1.000][300.059 350.090 455.447 9.7304 -1.9565 4.9627][0.995670 0.079514 0.048144 -0.086456 0.982418 0.165469 -0.034140 -0.168915 0.985039] 
3d 0 
fr 109286
ts 57740.467337
6d 1 [12 1.000][300.059 350.090 455.447 9.7304 -1.9565 4.9627][0.995670 0.079514 0.048144 -0.086456 0.982418 0.165469 -0.034140 -0.168915 0.985039] 
3d 0 
fr 109287
ts 57740.483975
6d 1 [12 1.000][300.059 350.090 455.447 9.7304 -1.9565 4.9627][0.995670 0.079514 0.048144 -0.086456 0.982418 0.165469 -0.034140 -0.168915 0.985039] 
3d 0 
fr 109288
ts 57740.500640
6d 1 [12 1.000][300.059 350.090 455.447 9.7304 -1.9565 4.9627][0.995670 0.079514 0.048144 -0.086456 0.982418 0.165469 -0.034140 -0.168915 0.985039] 
3d 0 
fr 109289
ts 57740.517327
6d 1 [12 1.000][300.059 350.090 455.447 9.7304 -1.9565 4.9627][0.995670 0.079514 0.048144 -0.086456 0.982418 0.165469 -0.034140 -0.168915 0.985039] 
3d 0 
fr 109290
ts 57740.533988
6d 1 [12 1.000][300.059 350.090 455.447 9.7304 -1.9565 4.9627][0.995670 0.079514 0.048144 -0.086456 0.982418 0.165469 -0.034140 -0.168915 0.985039] 
3d 0 
fr 109291
ts 57740.550668
6d 1 [12 1.000][300.059 350.090 455.447 9.7304 -1.9565 4.9627][0.995670 0.079514 0.048144 -0.086456 0.982418 0.165469 -0.034140 -0.168915 0.985039] 
3d 0 
fr 109292
ts 57740.567329
6d 1 [12 1.000][300.059 350.090 455.447 9.7304 -1.9565 4.9627][0.995670 0.079514 0.048144 -0.086456 0.982418 0.165469 -0.034140 -0.168915 0.985039] 
3d 0 
fr 109293
ts 57740.584002
6d 1 [12 1.000][300.059 350.090 455.447 9.7304 -1.9565 4.9627][0.995670 0.079514 0.048144 -0.086456 0.982418 0.165469 -0.034140 -0.168915 0.985039] 
3d 0 
fr 109294
ts 57740.600663
6d 1 [12 1.000][300.059 350.090 455.447 9.7304 -1.9565 4.9627][0.995670 0.079514 0.048144 -0.086456 0.982418 0.165469 -0.034140 -0.168915 0.985039] 
3d 0 
fr 109295
ts 57740.617325
6d 1 [12 1.000][300.052 350.050 455.457 9.7324 -1.9561 4.9640][0.995669 0.079536 0.048145 -0.086479 0.982411 0.165502 -0.034135 -0.168949 0.985034] 
3d 0 
fr 109296
ts 57740.633991
6d 1 [12 1.000][300.043 350.068 455.395 9.7486 -1.9542 4.9714][0.995659 0.079654 0.048154 -0.086607 0.982353 0.165777 -0.034100 -0.169228 0.984987] 
3d 0 
fr 109297
ts 57740.650644
6d 1 [12 1.000][300.043 350.068 455.395 9.7486 -1.9542 4.9714][0.995659 0.079654 0.048154 -0.086607 0.982353 0.165777 -0.034100 -0.169228 0.984987] 
3d 0 
fr 109298
ts 57740.667310
6d 1 [12 1.000][300.043 350.068 455.395 9.7486 -1.9542 4.9714][0.995659 0.079654 0.048154 -0.086607 0.982353 0.165777 -0.034100 -0.169228 0.984987] 
3d 0 
fr 109299
ts 57740.683957
6d 1 [12 1.000][300.043 350.068 455.395 9.7486 -1.9542 4.9714][0.995659 0.079654 0.048154 -0.086607 0.982353 0.165777 -0.034100 -0.169228 0.984987] 
3d 0 
fr 109300
ts 57740.700623
6d 1 [12 1.000][300.043 350.068 455.395 9.7486 -1.9542 4.9714][0.995659 0.079654 0.048154 -0.086607 0.982353 0.165777 -0.034100 -0.169228 0.984987] 
3d 0 
fr 109301
ts 57740.717267
6d 1 [12 1.000][300.043 350.068 455.395 9.7486 -1.9542 4.9714][0.995659 0.079654 0.048154 -0.086607 0.982353 0.165777 -0.034100 -0.169228 0.984987] 
3d 0 
fr 109302
ts 57740.733929
6d 1 [12 1.000][300.043 350.068 455.395 9.7486 -1.9542 4.9714][0.995659 0.079654 0.048154 -0.086607 0.982353 0.165777 -0.034100 -0.169228 0.984987] 
3d 0 
fr 109303
ts 57740.750610
6d 1 [12 1.000][300.043 350.068 455.395 9.7486 -1.9542 4.9714][0.995659 0.079654 0.048154 -0.086607 0.982353 0.165777 -0.034100 -0.169228 0.984987] 
3d 0 
fr 109304
ts 57740.767281
6d 1 [12 1.000][300.043 350.068 455.395 9.7486 -1.9542 4.9714][0.995659 0.079654 0.048154 -0.086607 0.982353 0.165777 -0.034100 -0.169228 0.984987] 
3d 0 
fr 109305
ts 57740.783962
6d 1 [12 1.000][300.043 350.068 455.395 9.7486 -1.9542 4.9714][0.995659 0.079654 0.048154 -0.086607 0.982353 0.165777 -0.034100 -0.169228 0.984987] 
3d 0 
fr 109306
ts 57740.800625
6d 1 [12 1.000][300.052 350.029 455.398 9.7473 -1.9551 4.9711][0.995659 0.079648 0.048167 -0.086603 0.982357 0.165752 -0.034116 -0.169204 0.984990] 
3d 0 
fr 109307
ts 57740.817296
6d 1 [12 1.000][300.048 350.049 455.413 9.7320 -1.9632 4.9664][0.995661 0.079557 0.048273 -0.086521 0.982410 0.165483 -0.034258 -0.168941 0.985031] 
3d 0 
fr 109308
ts 57740.833962
6d 1 [12 1.000][300.043 350.030 455.419 9.7319 -1.9630 4.9670][0.995660 0.079567 0.048270 -0.086531 0.982410 0.165481 -0.034255 -0.168939 0.985031] 
3d 0 
fr 109309
ts 57740.850627
6d 1 [12 1.000][300.055 350.030 455.394 9.7320 -1.9631 4.9710][0.995654 0.079636 0.048284 -0.086601 0.982404 0.165478 -0.034257 -0.168940 0.985031] 
3d 0 
fr 109310
ts 57740.867290
6d 1 [12 1.000][300.055 350.030 455.394 9.7320 -1.9631 4.9710][0.995654 0.079636 0.048284 -0.086601 0.982404 0.165478 -0.034257 -0.168940 0.985031] 
3d 0 
fr 109311
ts 57740.883951
6d 1 [12 1.000][300.055 350.030 455.394 9.7320 -1.9631 4.9710][0.995654 0.079636 0.048284 -0.086601 0.982404 0.165478 -0.034257 -0.168940 0.985031] 
3d 0 
fr 109312
ts 57740.900616
6d 1 [12 1.000][300.055 350.030 455.394 9.7320 -1.9631 4.9710][0.995654 0.079636 0.048284 -0.086601 0.982404 0.165478 -0.034257 -0.168940 0.985031] 
3d 0 
fr 109313
ts 57740.917271
6d 1 [12 1.000][300.055 350.030 455.394 9.7320 -1.9631 4.9710][0.995654 0.079636 0.048284 -0.086601 0.982404 0.165478 -0.034257 -0.168940 0.985031] 
3d 0 
fr 109314
ts 57740.933933
6d 1 [12 1.000][300.068 350.048 455.429 9.7335 -1.9632 4.9722][0.995652 0.079654 0.048290 -0.086621 0.982398 0.165503 -0.034257 -0.168967 0.985026] 
3d 0 
fr 109315
ts 57740.950582
6d 1 [12 1.000][300.071 350.060 455.417 9.7433 -1.9642 4.9781][0.995643 0.079745 0.048338 -0.086724 0.982361 0.165665 -0.034275 -0.169135 0.984997] 
3d 0 
fr 109316
ts 57740.967243
6d 1 [12 1.000][300.071 350.060 455.417 9.7433 -1.9642 4.9781][0.995643 0.079745 0.048338 -0.086724 0.982361 0.165665 -0.034275 -0.169135 0.984997] 
3d 0 
fr 109317
ts 57740.983885
6d 1 [12 1.000][300.071 350.060 455.417 9.7433 -1.9642 4.9781][0.995643 0.079745 0.048338 -0.086724 0.982361 0.165665 -0.034275 -0.169135 0.984997] 
3d 0 
fr 109318
ts 57741.000546
6d 1 [12 1.000][300.071 350.060 455.417 9.7433 -1.9642 4.9781][0.995643 0.079745 0.048338 -0.086724 0.982361 0.165665 -0.034275 -0.169135 0.984997] 
3d 0 
fr 109319
ts 57741.017233
6d 1 [12 1.000][300.071 350.060 455.417 9.7433 -1.9642 4.9781][0.995643 0.079745 0.048338 -0.086724 0.982361 0.165665 -0.034275 -0.169135 0.984997] 
3d 0 
fr 109320
ts 57741.033894
6d 1 [12 1.000][300.071 350.060 455.417 9.7433 -1.9642 4.9781][0.995643 0.079745 0.048338 -0.086724 0.982361 0.165665 -0.034275 -0.169135 0.984997] 
3d 0 
fr 109321
ts 57741.050573
6d 1 [12 1.000][300.071 350.060 455.417 9.7433 -1.9642 4.9781][0.995643 0.079745 0.048338 -0.086724 0.982361 0.165665 -0.034275 -0.169135 0.984997] 
3d 0 
fr 109322
ts 57741.067235
6d 1 [12 1.000][300.070 350.087 455.459 9.7439 -1.9626 4.9774][0.995645 0.079737 0.048310 -0.086712 0.982360 0.165679 -0.034247 -0.169146 0.984996] 
3d 0 
fr 109323
ts 57741.083904
6d 1 [12 1.000][300.065 350.097 455.458 9.7447 -1.9614 4.9759][0.995648 0.079715 0.048286 -0.086687 0.982360 0.165695 -0.034226 -0.169159 0.984994] 
3d 0 
fr 109324
ts 57741.100569
6d 1 [12 1.000][300.072 350.101 455.454 9.7453 -1.9603 4.9733][0.995652 0.079672 0.048260 -0.086640 0.982362 0.165708 -0.034206 -0.169169 0.984993] 
3d 0 
fr 109325
ts 57741.117235
6d 1 [12 1.000][300.062 349.999 455.449 9.7469 -1.9595 4.9744][0.995651 0.079692 0.048251 -0.086659 0.982355 0.165737 -0.034192 -0.169197 0.984989] 
3d 0 
fr 109326
ts 57741.133896
6d 1 [12 1.000][300.027 350.077 455.458 9.7473 -1.9580 4.9696][0.995659 0.079613 0.048213 -0.086576 0.982360 0.165749 -0.034167 -0.169204 0.984989] 
3d 0 
fr 109327
ts 57741.150555
6d 1 [12 1.000][300.047 350.071 455.456 9.7508 -1.9515 4.9640][0.995671 0.079534 0.048090 -0.086480 0.982356 0.165823 -0.034053 -0.169264 0.984982] 
3d 0 
fr 109328
ts 57741.167216
6d 1 [12 1.000][300.047 350.071 455.456 9.7508 -1.9515 4.9640][0.995671 0.079534 0.048090 -0.086480 0.982356 0.165823 -0.034053 -0.169264 0.984982] 
3d 0 
fr 109329
ts 57741.183864
6d 1 [12 1.000][300.047 350.071 455.456 9.7508 -1.9515 4.9640][0.995671 0.079534 0.048090 -0.086480 0.982356 0.165823 -0.034053 -0.169264 0.984982] 
3d 0 
fr 109330
ts 57741.200530
6d 1 [12 1.000][300.047 350.071 455.456 9.7508 -1.9515 4.9640][0.995671 0.079534 0.048090 -0.086480 0.982356 0.165823 -0.034053 -0.169264 0.984982] 
3d 0 
fr 109331
ts 57741.217175
6d 1 [12 1.000][300.047 350.071 455.456 9.7508 -1.9515 4.9640][0.995671 0.079534 0.048090 -0.086480 0.982356 0.165823 -0.034053 -0.169264 0.984982] 
3d 0 
fr 109332
ts 57741.233837
6d 1 [12 1.000][300.047 350.071 455.456 9.7508 -1.9515 4.9640][0.995671 0.079534 0.048090 -0.086480 0.982356 0.165823 -0.034053 -0.169264 0.984982] 
3d 0 
fr 109333
ts 57741.250527
6d 1 [12 1.000][300.047 350.071 455.456 9.7508 -1.9515 4.9640][0.995671 0.079534 0.048090 -0.086480 0.982356 0.165823 -0.034053 -0.169264 0.984982] 
3d 0 
fr 109334
ts 57741.267189
6d 1 [12 1.000][300.047 350.071 455.456 9.7508 -1.9515 4.9640][0.995671 0.079534 0.048090 -0.086480 0.982356 0.165823 -0.034053 -0.169264 0.984982] 
3d 0 
fr 109335
ts 57741.283872
6d 1 [12 1.000][300.047 350.071 455.456 9.7508 -1.9515 4.9640][0.995671 0.079534 0.048090 -0.086480 0.982356 0.165823 -0.034053 -0.169264 0.984982] 
3d 0 
fr 109336
ts 57741.300533
6d 1 [12 1.000][300.047 350.071 455.456 9.7508 -1.9515 4.9640][0.995671 0.079534 0.048090 -0.086480 0.982356 0.165823 -0.034053 -0.169264 0.984982] 
3d 0 
fr 109337
ts 57741.317209
6d 1 [12 1.000][300.047 350.071 455.456 9.7508 -1.9515 4.9640][0.995671 0.079534 0.048090 -0.086480 0.982356 0.165823 -0.034053 -0.169264 0.984982] 
3d 0 
fr 109338
ts 57741.333871
6d 1 [12 1.000][300.047 350.071 455.456 9.7508 -1.9515 4.9640][0.995671 0.079534 0.048090 -0.086480 0.982356 0.165823 -0.034053 -0.169264 0.984982] 
3d 0 
fr 109339
ts 57741.350538
6d 1 [12 1.000][300.047 350.071 455.456 9.7508 -1.9515 4.9640][0.995671 0.079534 0.048090 -0.086480 0.982356 0.165823 -0.034053 -0.169264 0.984982] 
3d 0 
fr 109340
ts 57741.367204
6d 1 [12 1.000][300.047 350.071 455.456 9.7508 -1.9515 4.9640][0.995671 0.079534 0.048090 -0.086480 0.982356 0.165823 -0.034053 -0.169264 0.984982] 
3d 0 
fr 109341
ts 57741.383864
6d 1 [12 1.000][300.047 350.071 455.456 9.7508 -1.9515 4.9640][0.995671 0.079534 0.048090 -0.086480 0.982356 0.165823 -0.034053 -0.169264 0.984982] 
3d 0 
fr 109342
ts 57741.400527
6d 1 [12 1.000][300.047 350.071 455.456 9.7508 -1.9515 4.9640][0.995671 0.079534 0.048090 -0.086480 0.982356 0.165823 -0.034053 -0.169264 0.984982] 
3d 0 
fr 109343
ts 57741.417181
6d 1 [12 1.000][300.047 350.071 455.456 9.7508 -1.9515 4.9640][0.995671 0.079534 0.048090 -0.086480 0.982356 0.165823 -0.034053 -0.169264 0.984982] 
3d 0 
fr 109344
ts 57741.433843
6d 1 [12 1.000][300.047 350.071 455.456 9.7508 -1.9515 4.9640][0.995671 0.079534 0.048090 -0.086480 0.982356 0.165823 -0.034053 -0.169264 0.984982] 
3d 0 
fr 109345
ts 57741.450491
6d 1 [12 1.000][300.047 350.071 455.456 9.7508 -1.9515 4.9640][0.995671 0.079534 0.048090 -0.086480 0.982356 0.165823 -0.034053 -0.169264 0.984982] 
3d 0 
fr 109346
ts 57741.467152
6d 1 [12 1.000][300.047 350.071 455.456 9.7508 -1.9515 4.9640][0.995671 0.079534 0.048090 -0.086480 0.982356 0.165823 -0.034053 -0.169264 0.984982] 
3d 0 
fr 109347
ts 57741.483794
6d 1 [12 1.000][300.047 350.071 455.456 9.7508 -1.9515 4.9640][0.995671 0.079534 0.048090 -0.086480 0.982356 0.165823 -0.034053 -0.169264 0.984982] 
3d 0 
fr 109348
ts 57741.500456
6d 1 [12 1.000][300.054 350.067 455.422 9.7535 -1.9524 4.9647][0.995670 0.079540 0.048112 -0.086491 0.982348 0.165868 -0.034070 -0.169311 0.984974] 
3d 0 
fr 109349
ts 57741.517139
6d 1 [12 1.000][300.056 350.061 455.421 9.7506 -1.9617 4.9725][0.995653 0.079649 0.048290 -0.086626 0.982348 0.165798 -0.034232 -0.169260 0.984977] 
3d 0 
fr 109350
ts 57741.533804
6d 1 [12 1.000][300.056 350.061 455.421 9.7506 -1.9617 4.9725][0.995653 0.079649 0.048290 -0.086626 0.982348 0.165798 -0.034232 -0.169260 0.984977] 
3d 0 
fr 109351
ts 57741.550484
6d 1 [12 1.000][300.056 350.061 455.421 9.7506 -1.9617 4.9725][0.995653 0.079649 0.048290 -0.086626 0.982348 0.165798 -0.034232 -0.169260 0.984977] 
3d 0 
fr 109352
ts 57741.567146
6d 1 [12 1.000][300.056 350.061 455.421 9.7506 -1.9617 4.9725][0.995653 0.079649 0.048290 -0.086626 0.982348 0.165798 -0.034232 -0.169260 0.984977] 
3d 0 
fr 109353
ts 57741.583819
6d 1 [12 1.000][300.056 350.061 455.421 9.7506 -1.9617 4.9725][0.995653 0.079649 0.048290 -0.086626 0.982348 0.165798 -0.034232 -0.169260 0.984977] 
3d 0 
fr 109354
ts 57741.600480
6d 1 [12 1.000][300.056 350.061 455.421 9.7506 -1.9617 4.9725][0.995653 0.079649 0.048290 -0.086626 0.982348 0.165798 -0.034232 -0.169260 0.984977] 
3d 0 
fr 109355
ts 57741.617143
6d 1 [12 1.000][300.056 350.061 455.421 9.7506 -1.9617 4.9725][0.995653 0.079649 0.048290 -0.086626 0.982348 0.165798 -0.034232 -0.169260 0.984977] 
3d 0 
fr 109356
ts 57741.633809
6d 1 [12 1.000][300.056 350.061 455.421 9.7506 -1.9617 4.9725][0.995653 0.079649 0.048290 -0.086626 0.982348 0.165798 -0.034232 -0.169260 0.984977] 
3d 0 
fr 109357
ts 57741.650467
6d 1 [12 1.000][300.056 350.061 455.421 9.7506 -1.9617 4.9725][0.995653 0.079649 0.048290 -0.086626 0.982348 0.165798 -0.034232 -0.169260 0.984977] 
3d 0 
fr 109358
ts 57741.667128
6d 1 [12 1.000][300.056 350.061 455.421 9.7506 -1.9617 4.9725][0.995653 0.079649 0.048290 -0.086626 0.982348 0.165798 -0.034232 -0.169260 0.984977] 
3d 0 
fr 109359
ts 57741.683780
6d 1 [12 1.000][300.056 350.061 455.421 9.7506 -1.9617 4.9725][0.995653 0.079649 0.048290 -0.086626 0.982348 0.165798 -0.034232 -0.169260 0.984977] 
3d 0 
fr 109360
ts 57741.700443
6d 1 [12 1.000][300.056 350.061 455.421 9.7506 -1.9617 4.9725][0.995653 0.079649 0.048290 -0.086626 0.982348 0.165798 -0.034232 -0.169260 0.984977] 
3d 0 
fr 109361
ts 57741.717087
6d 1 [12 1.000][300.056 350.061 455.421 9.7506 -1.9617 4.9725][0.995653 0.079649 0.048290 -0.086626 0.982348 0.165798 -0.034232 -0.169260 0.984977] 
3d 0 
fr 109362
ts 57741.733749
6d 1 [12 1.000][300.054 350.071 455.460 9.7506 -1.9615 4.9718][0.995654 0.079639 0.048284 -0.086615 0.982348 0.165799 -0.034228 -0.169261 0.984977] 
3d 0 
fr 109363
ts 57741.750439
6d 1 [12 1.000][300.057 350.066 455.430 9.7510 -1.9627 4.9670][0.995660 0.079552 0.048292 -0.086531 0.982354 0.165809 -0.034250 -0.169268 0.984975] 
3d 0 
fr 109364
ts 57741.767101
6d 1 [12 1.000][300.057 350.066 455.430 9.7510 -1.9627 4.9670][0.995660 0.079552 0.048292 -0.086531 0.982354 0.165809 -0.034250 -0.169268 0.984975] 
3d 0 
fr 109365
ts 57741.783784
6d 1 [12 1.000][300.057 350.066 455.430 9.7510 -1.9627 4.9670][0.995660 0.079552 0.048292 -0.086531 0.982354 0.165809 -0.034250 -0.169268 0.984975] 
3d 0 
fr 109366
ts 57741.800446
6d 1 [12 1.000][300.057 350.066 455.430 9.7510 -1.9627 4.9670][0.995660 0.079552 0.048292 -0.086531 0.982354 0.165809 -0.034250 -0.169268 0.984975] 
3d 0 
fr 109367
ts 57741.817122
6d 1 [12 1.000][300.057 350.066 455.430 9.7510 -1.9627 4.9670][0.995660 0.079552 0.048292 -0.086531 0.982354 0.165809 -0.034250 -0.169268 0.984975] 
3d 0 
fr 109368
ts 57741.833785
6d 1 [12 1.000][300.057 350.066 455.430 9.7510 -1.9627 4.9670][0.995660 0.079552 0.048292 -0.086531 0.982354 0.165809 -0.034250 -0.169268 0.984975] 
3d 0 
fr 109369
ts 57741.850452
6d 1 [12 1.000][300.073 350.073 455.391 9.7504 -1.9634 4.9676][0.995659 0.079561 0.048304 -0.086541 0.982355 0.165796 -0.034261 -0.169257 0.984976] 
3d 0 
fr 109370
ts 57741.867116
6d 1 [12 1.000][300.079 350.066 455.405 9.7505 -1.9638 4.9695][0.995656 0.079592 0.048317 -0.086574 0.982353 0.165797 -0.034268 -0.169259 0.984976] 
3d 0 
fr 109371
ts 57741.883777
6d 1 [12 1.000][300.072 350.054 455.416 9.7430 -1.9665 4.9763][0.995644 0.079707 0.048373 -0.086692 0.982366 0.165658 -0.034316 -0.169130 0.984996] 
3d 0 
fr 109372
ts 57741.900440
6d 1 [12 1.000][300.072 350.054 455.416 9.7430 -1.9665 4.9763][0.995644 0.079707 0.048373 -0.086692 0.982366 0.165658 -0.034316 -0.169130 0.984996] 
3d 0 
fr 109373
ts 57741.917095
6d 1 [12 1.000][300.072 350.054 455.416 9.7430 -1.9665 4.9763][0.995644 0.079707 0.048373 -0.086692 0.982366 0.165658 -0.034316 -0.169130 0.984996] 
3d 0 
fr 109374
ts 57741.933756
6d 1 [12 1.000][300.072 350.054 455.416 9.7430 -1.9665 4.9763][0.995644 0.079707 0.048373 -0.086692 0.982366 0.165658 -0.034316 -0.169130 0.984996] 
3d 0 
fr 109375
ts 57741.950402
6d 1 [12 1.000][300.072 350.054 455.416 9.7430 -1.9665 4.9763][0.995644 0.079707 0.048373 -0.086692 0.982366 0.165658 -0.034316 -0.169130 0.984996] 
3d 0 
fr 109376
ts 57741.967067
6d 1 [12 1.000][300.072 350.054 455.416 9.7430 -1.9665 4.9763][0.995644 0.079707 0.048373 -0.086692 0.982366 0.165658 -0.034316 -0.169130 0.984996] 
3d 0 
fr 109377
ts 57741.983709
6d 1 [12 1.000][300.072 350.054 455.416 9.7430 -1.9665 4.9763][0.995644 0.079707 0.048373 -0.086692 0.982366 0.165658 -0.034316 -0.169130 0.984996] 
3d 0 
fr 109378
ts 57742.000370
6d 1 [12 1.000][300.072 350.054 455.416 9.7430 -1.9665 4.9763][0.995644 0.079707 0.048373 -0.086692 0.982366 0.165658 -0.034316 -0.169130 0.984996] 
3d 0 
fr 109379
ts 57742.017058
6d 1 [12 1.000][300.072 350.054 455.416 9.7430 -1.9665 4.9763][0.995644 0.079707 0.048373 -0.086692 0.982366 0.165658 -0.034316 -0.169130 0.984996] 
3d 0 
fr 109380
ts 57742.033719
6d 1 [12 1.000][300.072 350.054 455.416 9.7430 -1.9665 4.9763][0.995644 0.079707 0.048373 -0.086692 0.982366 0.165658 -0.034316 -0.169130 0.984996] 
3d 0 
fr 109381
ts 57742.050399
6d 1 [12 1.000][300.072 350.054 455.416 9.7430 -1.9665 4.9763][0.995644 0.079707 0.048373 -0.086692 0.982366 0.165658 -0.034316 -0.169130 0.984996] 
3d 0 
fr 109382
ts 57742.067060
6d 1 [12 1.000][300.072 350.054 455.416 9.7430 -1.9665 4.9763][0.995644 0.079707 0.048373 -0.086692 0.982366 0.165658 -0.034316 -0.169130 0.984996] 
3d 0 
fr 109383
ts 57742.083734
6d 1 [12 1.000][300.072 350.054 455.416 9.7430 -1.9665 4.9763][0.995644 0.079707 0.048373 -0.086692 0.982366 0.165658 -0.034316 -0.169130 0.984996] 
3d 0 
fr 109384
ts 57742.100397
6d 1 [12 1.000][300.072 350.054 455.416 9.7430 -1.9665 4.9763][0.995644 0.079707 0.048373 -0.086692 0.982366 0.165658 -0.034316 -0.169130 0.984996] 
3d 0 
fr 109385
ts 57742.117062
6d 1 [12 1.000][300.072 350.054 455.416 9.7430 -1.9665 4.9763][0.995644 0.079707 0.048373 -0.086692 0.982366 0.165658 -0.034316 -0.169130 0.984996] 
3d 0 
fr 109386
ts 57742.133723
6d 1 [12 1.000][300.072 350.054 455.416 9.7430 -1.9665 4.9763][0.995644 0.079707 0.048373 -0.086692 0.982366 0.165658 -0.034316 -0.169130 0.984996] 
3d 0 
fr 109387
ts 57742.150383
6d 1 [12 1.000][300.072 350.054 455.416 9.7430 -1.9665 4.9763][0.995644 0.079707 0.048373 -0.086692 0.982366 0.165658 -0.034316 -0.169130 0.984996] 
3d 0 
fr 109388
ts 57742.167045
6d 1 [12 1.000][300.054 350.109 455.431 9.7414 -1.9659 4.9746][0.995647 0.079682 0.048354 -0.086663 0.982372 0.165633 -0.034304 -0.169102 0.985001] 
3d 0 
fr 109389
ts 57742.183696
6d 1 [12 1.000][300.053 350.127 455.438 9.7389 -1.9653 4.9723][0.995651 0.079646 0.048335 -0.086623 0.982383 0.165592 -0.034294 -0.169059 0.985009] 
3d 0 
fr 109390
ts 57742.200358
6d 1 [12 1.000][300.053 350.131 455.425 9.7375 -1.9659 4.9688][0.995656 0.079585 0.048332 -0.086562 0.982392 0.165570 -0.034304 -0.169035 0.985013] 
3d 0 
fr 109391
ts 57742.217003
6d 1 [12 1.000][300.051 350.132 455.445 9.7344 -1.9638 4.9666][0.995660 0.079557 0.048287 -0.086525 0.982403 0.165522 -0.034268 -0.168981 0.985023] 
3d 0 
fr 109392
ts 57742.233665
6d 1 [12 1.000][300.053 350.112 455.511 9.7349 -1.9612 4.9653][0.995664 0.079541 0.048238 -0.086501 0.982403 0.165535 -0.034223 -0.168990 0.985023] 
3d 0 
fr 109393
ts 57742.250356
6d 1 [12 1.000][300.057 350.113 455.460 9.7262 -1.9590 4.9536][0.995683 0.079354 0.048155 -0.086298 0.982444 0.165400 -0.034185 -0.168841 0.985050] 
3d 0 
fr 109394
ts 57742.267018
6d 1 [12 1.000][300.057 350.113 455.460 9.7262 -1.9590 4.9536][0.995683 0.079354 0.048155 -0.086298 0.982444 0.165400 -0.034185 -0.168841 0.985050] 
3d 0 
fr 109395
ts 57742.283697
6d 1 [12 1.000][300.055 350.076 455.434 9.7268 -1.9590 4.9542][0.995682 0.079364 0.048158 -0.086309 0.982441 0.165409 -0.034185 -0.168851 0.985049] 
3d 0 
fr 109396
ts 57742.300364
6d 1 [12 1.000][300.054 350.106 455.442 9.7319 -1.9574 4.9562][0.995680 0.079398 0.048142 -0.086343 0.982423 0.165498 -0.034156 -0.168940 0.985034] 
3d 0 
fr 109397
ts 57742.317039
6d 1 [12 1.000][300.054 350.106 455.442 9.7319 -1.9574 4.9562][0.995680 0.079398 0.048142 -0.086343 0.982423 0.165498 -0.034156 -0.168940 0.985034] 
3d 0 
fr 109398
ts 57742.333696
6d 1 [12 1.000][300.046 350.057 455.435 9.7338 -1.9577 4.9573][0.995678 0.079415 0.048155 -0.086362 0.982416 0.165529 -0.034162 -0.168973 0.985029] 
3d 0 
fr 109399
ts 57742.350370
6d 1 [12 1.000][300.048 350.090 455.426 9.7402 -1.9606 4.9622][0.995669 0.079485 0.048226 -0.086447 0.982392 0.165630 -0.034211 -0.169081 0.985008] 
3d 0 
fr 109400
ts 57742.367030
6d 1 [12 1.000][300.048 350.090 455.426 9.7402 -1.9606 4.9622][0.995669 0.079485 0.048226 -0.086447 0.982392 0.165630 -0.034211 -0.169081 0.985008] 
3d 0 
fr 109401
ts 57742.383692
6d 1 [12 1.000][300.047 350.053 455.377 9.7419 -1.9617 4.9634][0.995666 0.079502 0.048251 -0.086469 0.982385 0.165657 -0.034231 -0.169111 0.985002] 
3d 0 
fr 109402
ts 57742.400357
6d 1 [12 1.000][300.053 350.070 455.403 9.7554 -1.9665 4.9708][0.995652 0.079602 0.048374 -0.086596 0.982337 0.165875 -0.034315 -0.169343 0.984960] 
3d 0 
fr 109403
ts 57742.417012
6d 1 [12 1.000][300.053 350.070 455.403 9.7554 -1.9665 4.9708][0.995652 0.079602 0.048374 -0.086596 0.982337 0.165875 -0.034315 -0.169343 0.984960] 
3d 0 
fr 109404
ts 57742.433674
6d 1 [12 1.000][300.053 350.070 455.403 9.7554 -1.9665 4.9708][0.995652 0.079602 0.048374 -0.086596 0.982337 0.165875 -0.034315 -0.169343 0.984960] 
3d 0 
fr 109405
ts 57742.450320
6d 1 [12 1.000][300.055 350.170 455.426 9.7545 -1.9660 4.9705][0.995653 0.079600 0.048362 -0.086593 0.982340 0.165861 -0.034306 -0.169328 0.984963] 
3d 0 
fr 109406
ts 57742.466985
6d 1 [12 1.000][300.056 350.085 455.443 9.7473 -1.9654 4.9715][0.995652 0.079624 0.048345 -0.086608 0.982359 0.165737 -0.034295 -0.169204 0.984984] 
3d 0 
fr 109407
ts 57742.483628
6d 1 [12 1.000][300.054 350.080 455.450 9.7457 -1.9651 4.9716][0.995652 0.079628 0.048338 -0.086611 0.982364 0.165711 -0.034291 -0.169177 0.984989] 
3d 0 
fr 109408
ts 57742.500289
6d 1 [12 1.000][300.061 350.084 455.431 9.7437 -1.9626 4.9724][0.995652 0.079651 0.048296 -0.086624 0.982368 0.165679 -0.034248 -0.169143 0.984996] 
3d 0 
fr 109409
ts 57742.516972
6d 1 [12 1.000][300.061 350.084 455.431 9.7437 -1.9626 4.9724][0.995652 0.079651 0.048296 -0.086624 0.982368 0.165679 -0.034248 -0.169143 0.984996] 
3d 0 
fr 109410
ts 57742.533638
6d 1 [12 1.000][300.061 350.084 455.431 9.7437 -1.9626 4.9724][0.995652 0.079651 0.048296 -0.086624 0.982368 0.165679 -0.034248 -0.169143 0.984996] 
3d 0 
fr 109411
ts 57742.550319
6d 1 [12 1.000][300.061 350.084 455.431 9.7437 -1.9626 4.9724][0.995652 0.079651 0.048296 -0.086624 0.982368 0.165679 -0.034248 -0.169143 0.984996] 
3d 0 
fr 109412
ts 57742.566980
6d 1 [12 1.000][300.061 350.084 455.431 9.7437 -1.9626 4.9724][0.995652 0.079651 0.048296 -0.086624 0.982368 0.165679 -0.034248 -0.169143 0.984996] 
3d 0 
fr 109413
ts 57742.583649
6d 1 [12 1.000][300.061 350.084 455.431 9.7437 -1.9626 4.9724][0.995652 0.079651 0.048296 -0.086624 0.982368 0.165679 -0.034248 -0.169143 0.984996] 
3d 0 
fr 109414
ts 57742.600316
6d 1 [12 1.000][300.061 350.084 455.431 9.7437 -1.9626 4.9724][0.995652 0.079651 0.048296 -0.086624 0.982368 0.165679 -0.034248 -0.169143 0.984996] 
3d 0 
fr 109415
ts 57742.616982
6d 1 [12 1.000][300.061 350.084 455.431 9.7437 -1.9626 4.9724][0.995652 0.079651 0.048296 -0.086624 0.982368 0.165679 -0.034248 -0.169143 0.984996] 
3d 0 
fr 109416
ts 57742.633643
6d 1 [12 1.000][300.061 350.084 455.431 9.7437 -1.9626 4.9724][0.995652 0.079651 0.048296 -0.086624 0.982368 0.165679 -0.034248 -0.169143 0.984996] 
3d 0 
fr 109417
ts 57742.650302
6d 1 [12 1.000][300.061 350.084 455.431 9.7437 -1.9626 4.9724][0.995652 0.079651 0.048296 -0.086624 0.982368 0.165679 -0.034248 -0.169143 0.984996] 
3d 0 
fr 109418
ts 57742.666966
6d 1 [12 1.000][300.061 350.084 455.431 9.7437 -1.9626 4.9724][0.995652 0.079651 0.048296 -0.086624 0.982368 0.165679 -0.034248 -0.169143 0.984996] 
3d 0 
fr 109419
ts 57742.683617
6d 1 [12 1.000][300.061 350.084 455.431 9.7437 -1.9626 4.9724][0.995652 0.079651 0.048296 -0.086624 0.982368 0.165679 -0.034248 -0.169143 0.984996] 
3d 0 
fr 109420
ts 57742.700278
6d 1 [12 1.000][300.055 350.056 455.445 9.7431 -1.9621 4.9711][0.995654 0.079631 0.048282 -0.086603 0.982371 0.165670 -0.034238 -0.169131 0.984999] 
3d 0 
fr 109421
ts 57742.716920
6d 1 [12 1.000][300.059 350.073 455.462 9.7355 -1.9581 4.9609][0.995672 0.079474 0.048174 -0.086426 0.982407 0.165554 -0.034169 -0.169001 0.985024] 
3d 0 
fr 109422
ts 57742.733586
6d 1 [12 1.000][300.059 350.073 455.462 9.7355 -1.9581 4.9609][0.995672 0.079474 0.048174 -0.086426 0.982407 0.165554 -0.034169 -0.169001 0.985024] 
3d 0 
fr 109423
ts 57742.750277
6d 1 [12 1.000][300.065 350.076 455.365 9.7373 -1.9583 4.9614][0.995671 0.079480 0.048181 -0.086434 0.982401 0.165584 -0.034173 -0.169032 0.985018] 
3d 0 
fr 109424
ts 57742.766939
6d 1 [12 1.000][300.065 350.079 455.434 9.7440 -1.9578 4.9647][0.995667 0.079533 0.048190 -0.086491 0.982376 0.165698 -0.034163 -0.169148 0.984998] 
3d 0 
fr 109425
ts 57742.783622
6d 1 [12 1.000][300.059 350.118 455.438 9.7437 -1.9578 4.9637][0.995668 0.079517 0.048188 -0.086475 0.982379 0.165693 -0.034164 -0.169142 0.984999] 
3d 0 
fr 109426
ts 57742.800284
