fr 484335
ts 63990.407856
6d 1 [12 1.000][529.424 621.619 1021.641 -50.8491 -4.7053 -166.1196][-0.967527 -0.213218 0.135756 0.239087 -0.597667 0.765265 -0.082031 0.772872 0.629237] 
3d 1 [9342 1.000][179.164 2802.304 582.974] 
fr 484336
ts 63990.424517
6d 1 [12 1.000][529.382 621.717 1021.659 -50.8445 -4.7184 -166.1195][-0.967508 -0.213401 0.135602 0.239085 -0.597686 0.765251 -0.082258 0.772807 0.629287] 
3d 1 [9342 1.000][179.024 2801.926 582.937] 
fr 484337
ts 63990.441193
6d 1 [12 1.000][529.249 621.701 1021.518 -50.8499 -4.7214 -166.1182][-0.967499 -0.213442 0.135607 0.239105 -0.597599 0.765313 -0.082311 0.772864 0.629211] 
3d 1 [9342 1.000][179.354 2801.840 583.182] 
fr 484338
ts 63990.457858
6d 1 [12 1.000][529.220 621.701 1021.414 -50.8819 -4.7224 -166.1222][-0.967514 -0.213337 0.135663 0.239038 -0.597183 0.765659 -0.082327 0.773214 0.628779] 
3d 1 [9342 1.000][179.157 2802.027 582.869] 
fr 484339
ts 63990.474530
6d 1 [12 1.000][529.168 621.886 1021.433 -50.8900 -4.7337 -166.1198][-0.967488 -0.213492 0.135604 0.239075 -0.597029 0.765767 -0.082525 0.773290 0.628659] 
3d 1 [9342 1.000][179.219 2801.482 583.234] 
fr 484340
ts 63990.491193
6d 1 [12 1.000][529.118 622.025 1021.479 -50.8689 -4.7494 -166.1204][-0.967469 -0.213741 0.135349 0.239059 -0.597264 0.765589 -0.082798 0.773040 0.628931] 
3d 1 [9342 1.000][179.309 2801.939 583.002] 
fr 484341
ts 63990.507858
6d 1 [12 1.000][529.175 622.254 1021.528 -50.8693 -4.7708 -166.1236][-0.967452 -0.213986 0.135081 0.238997 -0.597201 0.765657 -0.083169 0.773021 0.628905] 
3d 1 [9342 1.000][179.016 2802.131 582.730] 
fr 484342
ts 63990.524520
6d 1 [12 1.000][529.058 622.088 1021.478 -50.8690 -4.7841 -166.1243][-0.967436 -0.214154 0.134929 0.238981 -0.597164 0.765691 -0.083401 0.773002 0.628897] 
3d 1 [9342 1.000][179.367 2801.619 583.249] 
fr 484343
ts 63990.541175
6d 1 [12 1.000][528.989 621.872 1021.320 -50.8740 -4.7824 -166.1187][-0.967415 -0.214179 0.135040 0.239076 -0.597082 0.765725 -0.083372 0.773059 0.628831] 
3d 1 [9342 1.000][179.153 2802.499 582.722] 
fr 484344
ts 63990.557841
6d 1 [12 1.000][528.946 622.003 1021.369 -50.8801 -4.7928 -166.1128][-0.967376 -0.214361 0.135031 0.239172 -0.596945 0.765803 -0.083552 0.773115 0.628739] 
3d 1 [9342 1.000][179.176 2801.592 583.099] 
fr 484345
ts 63990.574489
6d 1 [12 1.000][528.918 622.098 1021.446 -50.8846 -4.8065 -166.1102][-0.967346 -0.214557 0.134937 0.239211 -0.596831 0.765879 -0.083790 0.773148 0.628666] 
3d 1 [9342 1.000][179.253 2802.305 583.030] 
fr 484346
ts 63990.591154
6d 1 [12 1.000][528.874 622.015 1021.443 -50.8901 -4.8133 -166.1155][-0.967358 -0.214580 0.134814 0.239120 -0.596755 0.765967 -0.083910 0.773201 0.628586] 
3d 1 [9342 1.000][179.020 2802.361 582.560] 
fr 484347
ts 63990.607799
6d 1 [12 1.000][528.848 622.058 1021.524 -50.8892 -4.8223 -166.1191][-0.967360 -0.214662 0.134667 0.239056 -0.596750 0.765990 -0.084066 0.773181 0.628589] 
3d 1 [9342 1.000][179.523 2801.306 583.500] 
fr 484348
ts 63990.624461
6d 1 [12 1.000][528.745 621.885 1021.461 -50.8995 -4.8274 -166.1163][-0.967341 -0.214733 0.134689 0.239101 -0.596586 0.766104 -0.084154 0.773289 0.628445] 
3d 1 [9342 1.000][179.012 2802.356 582.611] 
fr 484349
ts 63990.641147
6d 1 [12 1.000][528.604 621.835 1021.500 -50.9064 -4.8316 -166.1130][-0.967321 -0.214806 0.134714 0.239155 -0.596468 0.766179 -0.084227 0.773359 0.628348] 
3d 1 [9342 1.000][179.134 2801.675 582.779] 
fr 484350
ts 63990.657812
6d 1 [12 1.000][528.546 621.754 1021.566 -50.9019 -4.8328 -166.1117][-0.967314 -0.214845 0.134702 0.239176 -0.596520 0.766133 -0.084248 0.773308 0.628408] 
3d 1 [9342 1.000][179.464 2801.625 583.253] 
fr 484351
ts 63990.674495
6d 1 [12 1.000][528.516 621.874 1021.668 -50.8373 -4.8429 -166.1070][-0.967280 -0.215179 0.134414 0.239252 -0.597332 0.765475 -0.084424 0.772588 0.629270] 
3d 1 [9342 1.000][178.956 2802.439 582.438] 
fr 484352
ts 63990.691156
6d 1 [12 1.000][528.422 621.922 1021.724 -50.8471 -4.8543 -166.1004][-0.967236 -0.215375 0.134418 0.239360 -0.597140 0.765591 -0.084623 0.772682 0.629128] 
3d 1 [9342 1.000][179.566 2801.196 583.635] 
fr 484353
ts 63990.707833
6d 1 [12 1.000][528.263 621.884 1021.602 -50.8617 -4.8625 -166.0882][-0.967174 -0.215574 0.134549 0.239563 -0.596872 0.765737 -0.084764 0.772833 0.628923] 
3d 1 [9342 1.000][179.155 2802.472 582.536] 
fr 484354
ts 63990.724494
6d 1 [12 1.000][528.183 621.825 1021.628 -50.8812 -4.8701 -166.0798][-0.967128 -0.215714 0.134653 0.239701 -0.596556 0.765940 -0.084896 0.773038 0.628653] 
3d 1 [9342 1.000][179.028 2801.873 582.567] 
fr 484355
ts 63990.741164
6d 1 [12 1.000][528.107 621.890 1021.764 -50.8800 -4.8885 -166.0689][-0.967055 -0.216072 0.134598 0.239879 -0.596470 0.765951 -0.085217 0.773004 0.628651] 
3d 1 [9342 1.000][179.367 2801.410 583.508] 
fr 484356
ts 63990.757826
6d 1 [12 1.000][528.057 621.966 1021.803 -50.8707 -4.9039 -166.0357][-0.966894 -0.216643 0.134843 0.240435 -0.596419 0.765817 -0.085486 0.772884 0.628762] 
3d 1 [9342 1.000][179.004 2802.807 582.375] 
fr 484357
ts 63990.774488
6d 1 [12 1.000][528.058 622.026 1021.803 -50.8379 -4.9136 -166.0247][-0.966834 -0.216960 0.134762 0.240616 -0.596784 0.765475 -0.085654 0.772513 0.629195] 
3d 1 [9342 1.000][179.344 2801.058 583.417] 
fr 484358
ts 63990.791149
6d 1 [12 1.000][528.045 622.045 1021.841 -50.8172 -4.9209 -166.0439][-0.966904 -0.216904 0.134350 0.240289 -0.597111 0.765323 -0.085780 0.772277 0.629469] 
3d 1 [9342 1.000][179.307 2802.175 582.928] 
fr 484359
ts 63990.807805
6d 1 [12 1.000][527.908 621.902 1021.712 -50.8500 -4.9246 -166.0400][-0.966882 -0.216916 0.134487 0.240355 -0.596645 0.765666 -0.085844 0.772633 0.629022] 
3d 1 [9342 1.000][178.876 2802.208 582.405] 
fr 484360
ts 63990.824466
6d 1 [12 1.000][527.837 621.887 1021.699 -50.8439 -4.9246 -166.0370][-0.966869 -0.216962 0.134504 0.240405 -0.596715 0.765596 -0.085844 0.772566 0.629104] 
3d 1 [9342 1.000][179.666 2801.213 583.684] 
fr 484361
ts 63990.841111
6d 1 [12 1.000][527.778 621.940 1021.724 -50.8378 -4.9300 -166.0397][-0.966873 -0.217019 0.134387 0.240357 -0.596789 0.765553 -0.085938 0.772493 0.629181] 
3d 1 [9342 1.000][179.064 2802.707 582.407] 
fr 484362
ts 63990.857776
6d 1 [12 1.000][527.856 621.967 1021.705 -50.8380 -4.9338 -166.0672][-0.966983 -0.216781 0.133980 0.239891 -0.596879 0.765629 -0.086004 0.772490 0.629176] 
3d 1 [9342 1.000][179.275 2801.608 583.148] 
fr 484363
ts 63990.874413
6d 1 [12 1.000][527.852 622.130 1021.675 -50.8377 -4.9432 -166.0741][-0.966998 -0.216833 0.133786 0.239771 -0.596878 0.765668 -0.086168 0.772477 0.629170] 
3d 1 [9342 1.000][179.261 2801.609 583.295] 
fr 484364
ts 63990.891079
6d 1 [12 1.000][527.820 622.115 1021.512 -50.8806 -4.9425 -166.0747][-0.967001 -0.216718 0.133947 0.239761 -0.596309 0.766114 -0.086156 0.772948 0.628592] 
3d 1 [9342 1.000][178.943 2802.660 582.371] 
fr 484365
ts 63990.907766
6d 1 [12 1.000][527.785 622.055 1021.528 -50.9256 -4.9439 -166.0887][-0.967058 -0.216485 0.133916 0.239525 -0.595756 0.766617 -0.086180 0.773440 0.627984] 
3d 1 [9342 1.000][179.443 2801.074 583.467] 
fr 484366
ts 63990.924428
6d 1 [12 1.000][527.773 622.077 1021.569 -50.9154 -4.9499 -166.0961][-0.967080 -0.216511 0.133715 0.239398 -0.595901 0.766544 -0.086285 0.773321 0.628116] 
3d 1 [9342 1.000][179.158 2802.519 582.811] 
fr 484367
ts 63990.941107
6d 1 [12 1.000][527.786 622.103 1021.582 -50.9043 -4.9507 -166.0965][-0.967080 -0.216543 0.133659 0.239391 -0.596048 0.766432 -0.086299 0.773198 0.628265] 
3d 1 [9342 1.000][178.972 2801.994 582.624] 
fr 484368
ts 63990.957769
6d 1 [12 1.000][527.739 622.229 1021.592 -50.8898 -4.9596 -166.0767][-0.966985 -0.216900 0.133773 0.239721 -0.596139 0.766259 -0.086454 0.773028 0.628453] 
3d 1 [9342 1.000][179.418 2801.059 583.620] 
fr 484369
ts 63990.974438
6d 1 [12 1.000][527.686 622.214 1021.561 -50.8821 -4.9663 -166.0808][-0.966992 -0.216962 0.133618 0.239650 -0.596235 0.766206 -0.086570 0.772937 0.628550] 
3d 1 [9342 1.000][179.012 2802.812 582.324] 
fr 484370
ts 63990.991104
6d 1 [12 1.000][527.644 622.316 1021.628 -50.8823 -4.9753 -166.0789][-0.966971 -0.217099 0.133548 0.239678 -0.596197 0.766227 -0.086726 0.772928 0.628539] 
3d 1 [9342 1.000][179.199 2801.633 583.131] 
fr 484371
ts 63991.007769
6d 1 [12 1.000][527.464 622.285 1021.650 -50.8164 -4.9809 -166.0711][-0.966930 -0.217407 0.133344 0.239808 -0.597030 0.765537 -0.086823 0.772198 0.629422] 
3d 1 [9342 1.000][179.072 2801.801 582.932] 
fr 484372
ts 63991.024431
6d 1 [12 1.000][527.383 622.351 1021.708 -50.7923 -4.9915 -166.0623][-0.966878 -0.217694 0.133256 0.239952 -0.597284 0.765294 -0.087008 0.771921 0.629736] 
3d 1 [9342 1.000][179.093 2802.352 582.718] 
fr 484373
ts 63991.041090
6d 1 [12 1.000][527.269 622.237 1021.699 -50.8090 -4.9962 -166.0571][-0.966849 -0.217771 0.133340 0.240040 -0.597025 0.765468 -0.087090 0.772099 0.629507] 
3d 1 [9342 1.000][179.385 2800.938 583.508] 
fr 484374
ts 63991.057751
6d 1 [12 1.000][527.115 622.137 1021.473 -50.8358 -4.9910 -166.0323][-0.966753 -0.217898 0.133828 0.240459 -0.596590 0.765676 -0.086999 0.772399 0.629151] 
3d 1 [9342 1.000][179.056 2802.493 582.718] 
fr 484375
ts 63991.074403
6d 1 [12 1.000][526.963 622.332 1021.405 -50.9202 -4.9978 -166.0272][-0.966721 -0.217844 0.134145 0.240544 -0.595420 0.766560 -0.087118 0.773317 0.628006] 
3d 1 [9342 1.000][179.080 2801.806 582.880] 
fr 484376
ts 63991.091067
6d 1 [12 1.000][526.772 622.585 1021.267 -50.9645 -5.0111 -166.0431][-0.966768 -0.217749 0.133959 0.240271 -0.594843 0.767093 -0.087349 0.773787 0.627394] 
3d 1 [9342 1.000][179.462 2801.405 583.467] 
fr 484377
ts 63991.107706
6d 1 [12 1.000][526.397 622.950 1021.119 -50.9954 -5.1229 -166.0344][-0.966564 -0.219232 0.133006 0.240375 -0.594033 0.767688 -0.089292 0.773991 0.626869] 
3d 1 [9342 1.000][178.910 2802.575 582.489] 
fr 484378
ts 63991.124372
6d 1 [12 1.000][525.939 623.313 1020.927 -51.0594 -5.2218 -166.0184][-0.966346 -0.220547 0.132417 0.240608 -0.592790 0.768575 -0.091011 0.774570 0.625905] 
3d 1 [9342 1.000][179.474 2800.939 583.563] 
fr 484379
ts 63991.141063
6d 1 [12 1.000][525.496 623.371 1020.552 -51.1648 -5.2185 -165.9809][-0.966194 -0.220647 0.133360 0.241240 -0.591243 0.769568 -0.090955 0.775724 0.624484] 
3d 1 [9342 1.000][179.226 2801.932 582.850] 
fr 484380
ts 63991.157724
6d 1 [12 1.000][525.169 623.790 1020.389 -51.1896 -5.2959 -165.9682][-0.966020 -0.221737 0.132808 0.241425 -0.590606 0.769999 -0.092299 0.775898 0.624070] 
3d 1 [9342 1.000][179.107 2802.351 582.571] 
fr 484381
ts 63991.174408
6d 1 [12 1.000][524.913 624.247 1020.234 -51.2019 -5.3563 -165.9517][-0.965855 -0.222672 0.132441 0.241680 -0.590178 0.770247 -0.093349 0.775956 0.623842] 
3d 1 [9342 1.000][179.302 2801.178 583.327] 
fr 484382
ts 63991.191070
6d 1 [12 1.000][524.686 624.481 1019.946 -51.1983 -5.3480 -165.9353][-0.965799 -0.222740 0.132735 0.241960 -0.590190 0.770150 -0.093204 0.775927 0.623899] 
3d 1 [9342 1.000][179.303 2802.646 582.781] 
fr 484383
ts 63991.207746
6d 1 [12 1.000][524.544 624.890 1019.762 -51.1889 -5.3871 -165.9234][-0.965687 -0.223399 0.132445 0.242145 -0.590142 0.770129 -0.093885 0.775774 0.623987] 
3d 1 [9342 1.000][179.139 2801.942 582.839] 
fr 484384
ts 63991.224407
6d 1 [12 1.000][524.311 625.106 1019.438 -51.2615 -5.3926 -165.9280][-0.965698 -0.223255 0.132608 0.242065 -0.589164 0.770902 -0.093980 0.776558 0.622997] 
3d 1 [9342 1.000][179.270 2801.860 583.215] 
fr 484385
ts 63991.241077
6d 1 [12 1.000][524.168 625.234 1019.258 -51.2431 -5.3093 -165.9243][-0.965814 -0.222241 0.133464 0.242160 -0.589673 0.770483 -0.092532 0.776463 0.623332] 
3d 1 [9342 1.000][179.066 2802.471 582.481] 
fr 484386
ts 63991.257740
6d 1 [12 1.000][524.064 625.560 1019.136 -51.1848 -5.3309 -165.9229][-0.965774 -0.222674 0.133030 0.242176 -0.590379 0.769937 -0.092907 0.775802 0.624099] 
3d 1 [9342 1.000][179.387 2801.158 583.293] 
fr 484387
ts 63991.274401
6d 1 [12 1.000][523.924 625.740 1018.919 -51.2051 -5.3239 -165.9486][-0.965893 -0.222270 0.132837 0.241745 -0.590229 0.770188 -0.092785 0.776032 0.623831] 
3d 1 [9342 1.000][179.078 2802.041 582.807] 
fr 484388
ts 63991.291063
6d 1 [12 1.000][523.807 625.893 1018.849 -51.2198 -5.3600 -166.0084][-0.966088 -0.222095 0.131708 0.240722 -0.590146 0.770572 -0.093413 0.776145 0.623596] 
3d 1 [9342 1.000][179.107 2802.142 582.830] 
fr 484389
ts 63991.307715
6d 1 [12 1.000][523.679 625.851 1018.601 -51.2750 -5.3330 -166.0123][-0.966147 -0.221573 0.132155 0.240667 -0.589506 0.771079 -0.092944 0.776781 0.622875] 
3d 1 [9342 1.000][179.283 2801.367 583.126] 
fr 484390
ts 63991.324380
6d 1 [12 1.000][523.694 625.985 1018.556 -51.2831 -5.3651 -166.0261][-0.966155 -0.221834 0.131661 0.240422 -0.589346 0.771277 -0.093502 0.776827 0.622733] 
3d 1 [9342 1.000][179.004 2802.351 582.663] 
fr 484391
ts 63991.341029
6d 1 [12 1.000][523.726 625.928 1018.489 -51.3076 -5.3539 -166.0291][-0.966185 -0.221601 0.131834 0.240376 -0.589064 0.771507 -0.093308 0.777108 0.622412] 
3d 1 [9342 1.000][179.222 2801.739 583.250] 
fr 484392
ts 63991.357689
6d 1 [12 1.000][523.841 625.940 1018.477 -51.3237 -5.3462 -166.0298][-0.966200 -0.221454 0.131968 0.240367 -0.588875 0.771654 -0.093173 0.777293 0.622201] 
3d 1 [9342 1.000][179.301 2801.971 583.283] 
fr 484393
ts 63991.374329
6d 1 [12 1.000][524.125 625.923 1018.518 -51.3156 -5.3230 -166.0245][-0.966214 -0.221222 0.132253 0.240466 -0.589040 0.771497 -0.092771 0.777234 0.622335] 
3d 1 [9342 1.000][178.920 2802.344 582.511] 
fr 484394
ts 63991.390994
6d 1 [12 1.000][524.370 625.516 1018.542 -51.3127 -5.2235 -166.0259][-0.966375 -0.219905 0.133272 0.240481 -0.589410 0.771210 -0.091041 0.777327 0.622474] 
3d 1 [9342 1.000][179.330 2801.514 583.277] 
fr 484395
ts 63991.407681
6d 1 [12 1.000][524.795 625.340 1018.683 -51.3063 -5.1809 -166.0148][-0.966394 -0.219473 0.133845 0.240683 -0.589593 0.771007 -0.090301 0.777311 0.622603] 
3d 1 [9342 1.000][179.064 2802.251 582.695] 
fr 484396
ts 63991.424343
6d 1 [12 1.000][525.278 625.214 1018.934 -51.2895 -5.1455 -166.0256][-0.966493 -0.218935 0.134010 0.240516 -0.589976 0.770766 -0.089685 0.777171 0.622865] 
3d 1 [9342 1.000][179.265 2801.839 583.126] 
fr 484397
ts 63991.441020
6d 1 [12 1.000][525.769 625.029 1019.229 -51.2347 -5.1127 -166.0445][-0.966622 -0.218437 0.133892 0.240209 -0.590893 0.770159 -0.089115 0.776615 0.623641] 
3d 1 [9342 1.000][179.304 2801.462 583.200] 
fr 484398
ts 63991.457684
6d 1 [12 1.000][526.224 624.656 1019.506 -51.1290 -5.0122 -166.0882][-0.966955 -0.216911 0.133968 0.239509 -0.592807 0.768906 -0.087367 0.775584 0.625170] 
3d 1 [9342 1.000][179.045 2802.477 582.724] 
fr 484399
ts 63991.474356
6d 1 [12 1.000][526.586 624.290 1019.646 -51.1174 -4.9275 -166.0976][-0.967119 -0.215728 0.134693 0.239380 -0.593273 0.768586 -0.085896 0.775557 0.625407] 
3d 1 [9342 1.000][179.153 2801.695 582.721] 
fr 484400
ts 63991.491019
6d 1 [12 1.000][527.101 624.163 1020.015 -51.0047 -4.8840 -166.1162][-0.967259 -0.215230 0.134482 0.239082 -0.594995 0.767346 -0.085139 0.774375 0.626972] 
3d 1 [9342 1.000][179.350 2802.065 583.063] 
fr 484401
ts 63991.507685
6d 1 [12 1.000][527.559 624.107 1020.201 -50.9440 -4.8326 -166.1178][-0.967340 -0.214681 0.134780 0.239074 -0.595980 0.766584 -0.084245 0.773770 0.627840] 
3d 1 [9342 1.000][178.921 2802.381 582.741] 
fr 484402
ts 63991.524348
6d 1 [12 1.000][527.962 623.997 1020.301 -50.7972 -4.7426 -166.1116][-0.967442 -0.213912 0.135272 0.239209 -0.598210 0.764803 -0.082680 0.772261 0.629903] 
3d 1 [9342 1.000][179.307 2801.719 583.216] 
fr 484403
ts 63991.541006
6d 1 [12 1.000][528.343 624.140 1020.286 -50.7673 -4.7103 -166.0275][-0.967134 -0.214440 0.136628 0.240641 -0.598399 0.764206 -0.082118 0.771968 0.630335] 
3d 1 [9342 1.000][179.051 2802.225 582.657] 
fr 484404
ts 63991.557668
6d 1 [12 1.000][528.650 624.234 1019.954 -50.8020 -4.6424 -165.9506][-0.966904 -0.214271 0.138509 0.241963 -0.597870 0.764203 -0.080936 0.772425 0.629928] 
3d 1 [9342 1.000][179.438 2802.302 583.045] 
fr 484405
ts 63991.574320
6d 1 [12 1.000][528.911 624.377 1019.661 -50.8373 -4.5854 -165.8878][-0.966716 -0.214094 0.140085 0.243041 -0.597352 0.764266 -0.079945 0.772874 0.629503] 
3d 1 [9342 1.000][179.060 2802.267 582.836] 
fr 484406
ts 63991.590982
6d 1 [12 1.000][529.256 624.729 1019.362 -50.8507 -4.5391 -165.8139][-0.966464 -0.214227 0.141614 0.244304 -0.597049 0.764099 -0.079140 0.773071 0.629363] 
3d 1 [9342 1.000][179.207 2802.158 582.879] 
fr 484407
ts 63991.607623
6d 1 [12 1.000][529.548 625.122 1018.959 -50.8812 -4.5088 -165.7310][-0.966150 -0.214618 0.143156 0.245712 -0.596433 0.764129 -0.078613 0.773438 0.628978] 
3d 1 [9342 1.000][179.363 2802.054 582.871] 
fr 484408
ts 63991.624288
6d 1 [12 1.000][529.809 625.241 1018.400 -50.9919 -4.4517 -165.6727][-0.965975 -0.214198 0.144955 0.246715 -0.594928 0.764979 -0.077619 0.774713 0.627531] 
3d 1 [9342 1.000][179.357 2802.060 582.967] 
fr 484409
ts 63991.640976
6d 1 [12 1.000][530.095 625.679 1018.035 -51.0285 -4.4107 -165.5969][-0.965701 -0.214354 0.146540 0.248006 -0.594294 0.765054 -0.076905 0.775156 0.627072] 
3d 1 [9342 1.000][179.213 2802.153 582.783] 
fr 484410
ts 63991.657642
6d 1 [12 1.000][530.322 626.037 1017.682 -51.0692 -4.4631 -165.5239][-0.965316 -0.215693 0.147111 0.249217 -0.593299 0.765432 -0.077818 0.775547 0.626476] 
3d 1 [9342 1.000][179.106 2802.168 583.016] 
fr 484411
ts 63991.674325
6d 1 [12 1.000][530.496 626.344 1017.457 -51.0691 -4.4770 -165.4743][-0.965081 -0.216389 0.147628 0.250050 -0.593066 0.765342 -0.078059 0.775531 0.626465] 
3d 1 [9342 1.000][179.130 2802.146 582.632] 
fr 484412
ts 63991.690986
6d 1 [12 1.000][530.580 626.651 1017.261 -51.0735 -4.4949 -165.4135][-0.964792 -0.217241 0.148266 0.251067 -0.592717 0.765279 -0.078370 0.775559 0.626391] 
3d 1 [9342 1.000][179.295 2802.395 582.861] 
fr 484413
ts 63991.707663
6d 1 [12 1.000][530.491 626.752 1017.068 -51.1249 -4.5194 -165.3599][-0.964524 -0.217982 0.148918 0.251960 -0.591743 0.765739 -0.078796 0.776096 0.625673] 
3d 1 [9342 1.000][179.257 2802.290 582.889] 
fr 484414
ts 63991.724319
6d 1 [12 1.000][530.417 626.871 1017.095 -51.1274 -4.5746 -165.3268][-0.964305 -0.219042 0.148787 0.252498 -0.591393 0.765832 -0.079758 0.776063 0.625591] 
3d 1 [9342 1.000][179.588 2802.449 583.105] 
fr 484415
ts 63991.740992
6d 1 [12 1.000][530.360 627.169 1017.100 -51.1326 -4.6422 -165.3382][-0.964263 -0.219796 0.147941 0.252283 -0.591137 0.766101 -0.080933 0.776046 0.625462] 
3d 1 [9342 1.000][178.899 2802.314 582.524] 
fr 484416
ts 63991.757656
6d 1 [12 1.000][530.131 627.470 1017.143 -51.1346 -4.7604 -165.2906][-0.963890 -0.221831 0.147337 0.253041 -0.590521 0.766326 -0.082989 0.775936 0.625329] 
3d 1 [9342 1.000][179.279 2801.383 583.267] 
fr 484417
ts 63991.774319
6d 1 [12 1.000][529.826 627.686 1017.155 -51.0694 -4.8443 -165.2157][-0.963440 -0.223868 0.147198 0.254269 -0.590812 0.765695 -0.084449 0.775129 0.626134] 
3d 1 [9342 1.000][179.205 2802.394 582.806] 
fr 484418
ts 63991.790982
6d 1 [12 1.000][529.417 627.500 1017.150 -51.0707 -4.8801 -165.1688][-0.963180 -0.224817 0.147452 0.255044 -0.590486 0.765688 -0.085071 0.775102 0.626082] 
3d 1 [9342 1.000][179.118 2802.157 582.824] 
fr 484419
ts 63991.807636
6d 1 [12 1.000][529.080 627.729 1017.262 -51.0952 -5.0096 -165.1509][-0.962912 -0.226632 0.146421 0.255296 -0.589640 0.766257 -0.087323 0.775218 0.625629] 
3d 1 [9342 1.000][179.120 2801.712 583.156] 
fr 484420
ts 63991.824298
6d 1 [12 1.000][528.727 627.945 1017.270 -51.0507 -5.1008 -165.0991][-0.962545 -0.228471 0.145974 0.256130 -0.589712 0.765923 -0.088909 0.774623 0.626142] 
3d 1 [9342 1.000][179.110 2802.608 582.587] 
fr 484421
ts 63991.840947
6d 1 [12 1.000][528.289 627.946 1017.234 -51.0142 -5.1673 -165.0108][-0.962049 -0.230341 0.146305 0.257586 -0.589615 0.765509 -0.090064 0.774143 0.626571] 
3d 1 [9342 1.000][179.278 2801.618 583.193] 
fr 484422
ts 63991.857611
6d 1 [12 1.000][527.880 627.950 1017.159 -51.0297 -5.2150 -164.9482][-0.961694 -0.231567 0.146700 0.258617 -0.588989 0.765643 -0.090893 0.774254 0.626314] 
3d 1 [9342 1.000][179.251 2802.295 582.985] 
fr 484423
ts 63991.874248
6d 1 [12 1.000][527.562 628.192 1017.154 -51.0219 -5.3017 -164.8331][-0.961039 -0.233901 0.147291 0.260512 -0.588321 0.765514 -0.092400 0.774060 0.626333] 
3d 1 [9342 1.000][179.004 2802.351 582.663] 
fr 484424
ts 63991.890913
6d 1 [12 1.000][527.320 628.230 1017.179 -50.9930 -5.3594 -164.7696][-0.960659 -0.235380 0.147413 0.261553 -0.588242 0.765220 -0.093403 0.773672 0.626664] 
3d 1 [9342 1.000][179.799 2801.560 583.587] 
fr 484425
ts 63991.907600
6d 1 [12 1.000][527.130 628.406 1017.189 -50.9252 -5.4154 -164.6817][-0.960168 -0.237185 0.147716 0.263002 -0.588585 0.764459 -0.094375 0.772859 0.627521] 
3d 1 [9342 1.000][178.949 2802.445 582.534] 
fr 484426
ts 63991.924262
6d 1 [12 1.000][527.018 628.555 1017.181 -50.8753 -5.4604 -164.5976][-0.959709 -0.238764 0.148154 0.264392 -0.588740 0.763860 -0.095158 0.772255 0.628146] 
3d 1 [9342 1.000][179.363 2801.389 583.418] 
fr 484427
ts 63991.940942
6d 1 [12 1.000][526.917 628.269 1016.981 -50.8993 -5.3493 -164.5583][-0.959704 -0.237660 0.149952 0.265098 -0.588656 0.763680 -0.093226 0.772659 0.627938] 
3d 1 [9342 1.000][179.357 2801.850 583.226] 
fr 484428
ts 63991.957605
6d 1 [12 1.000][526.929 628.445 1016.933 -50.8793 -5.3619 -164.4820][-0.959330 -0.238662 0.150752 0.266371 -0.588560 0.763311 -0.093447 0.772423 0.628196] 
3d 1 [9342 1.000][178.848 2802.455 582.670] 
fr 484429
ts 63991.974277
6d 1 [12 1.000][527.070 628.547 1016.922 -50.8645 -5.3442 -164.4333][-0.959131 -0.238970 0.151526 0.267193 -0.588618 0.762979 -0.093139 0.772284 0.628413] 
3d 1 [9342 1.000][179.584 2800.725 583.635] 
fr 484430
ts 63991.990939
6d 1 [12 1.000][527.247 628.576 1016.882 -50.8227 -5.2892 -164.4431][-0.959263 -0.238267 0.151803 0.267053 -0.589414 0.762413 -0.092184 0.771894 0.629033] 
3d 1 [9342 1.000][179.349 2802.793 582.932] 
fr 484431
ts 63992.007605
6d 1 [12 1.000][527.406 628.514 1016.643 -50.8250 -5.2147 -164.4336][-0.959333 -0.237391 0.152727 0.267244 -0.589613 0.762192 -0.090887 0.772012 0.629077] 
3d 1 [9342 1.000][179.047 2801.684 582.768] 
fr 484432
ts 63992.024266
6d 1 [12 1.000][527.605 628.636 1016.572 -50.8728 -5.1977 -164.4506][-0.959438 -0.236869 0.152878 0.266967 -0.589108 0.762679 -0.090593 0.772557 0.628449] 
3d 1 [9342 1.000][179.510 2801.526 583.433] 
fr 484433
ts 63992.040925
6d 1 [12 1.000][527.799 628.642 1016.468 -50.9019 -5.1568 -164.4850][-0.959660 -0.235906 0.152973 0.266408 -0.589011 0.762950 -0.089882 0.772926 0.628098] 
3d 1 [9342 1.000][179.018 2802.597 582.487] 
fr 484434
ts 63992.057588
6d 1 [12 1.000][528.029 628.758 1016.410 -50.9112 -5.1429 -164.5260][-0.959871 -0.235279 0.152612 0.265728 -0.589105 0.763115 -0.089641 0.773045 0.627986] 
3d 1 [9342 1.000][179.479 2800.960 583.653] 
fr 484435
ts 63992.074240
6d 1 [12 1.000][528.147 628.681 1016.191 -51.0111 -5.1042 -164.5510][-0.960046 -0.234251 0.153096 0.265324 -0.588016 0.764095 -0.088968 0.774186 0.626674] 
3d 1 [9342 1.000][179.243 2802.499 582.778] 
fr 484436
ts 63992.090901
6d 1 [12 1.000][528.340 628.699 1016.096 -51.0445 -5.0902 -164.5842][-0.960220 -0.233639 0.152937 0.264773 -0.587756 0.764485 -0.088724 0.774568 0.626237] 
3d 1 [9342 1.000][179.278 2802.841 582.676] 
fr 484437
ts 63992.107548
6d 1 [12 1.000][528.587 628.815 1015.983 -51.1078 -5.0779 -164.6002][-0.960313 -0.233145 0.153111 0.264510 -0.587021 0.765141 -0.088509 0.775274 0.625393] 
3d 1 [9342 1.000][179.598 2801.763 583.415] 
fr 484438
ts 63992.124209
6d 1 [12 1.000][528.786 628.920 1015.822 -51.1334 -5.0537 -164.5953][-0.960326 -0.232811 0.153535 0.264602 -0.586746 0.765320 -0.088089 0.775583 0.625069] 
3d 1 [9342 1.000][179.037 2802.682 582.516] 
fr 484439
ts 63992.140896
6d 1 [12 1.000][528.977 628.991 1015.701 -51.1317 -5.0273 -164.5829][-0.960307 -0.232599 0.153972 0.264822 -0.586814 0.765192 -0.087630 0.775595 0.625119] 
3d 1 [9342 1.000][179.276 2801.854 583.119] 
fr 484440
ts 63992.157561
6d 1 [12 1.000][529.028 628.701 1015.542 -51.1508 -4.9841 -164.5891][-0.960400 -0.231920 0.154421 0.264735 -0.586738 0.765280 -0.086879 0.775855 0.624900] 
3d 1 [9342 1.000][179.399 2802.432 583.000] 
fr 484441
ts 63992.174246
6d 1 [12 1.000][529.208 628.751 1015.488 -51.1782 -4.9545 -164.5755][-0.960380 -0.231599 0.155024 0.264975 -0.586424 0.765438 -0.086365 0.776188 0.624558] 
3d 1 [9342 1.000][178.973 2802.696 582.307] 
fr 484442
ts 63992.190908
6d 1 [12 1.000][529.429 628.748 1015.529 -51.1791 -4.9146 -164.5211][-0.960186 -0.231632 0.156173 0.265902 -0.586336 0.765184 -0.085671 0.776245 0.624583] 
3d 1 [9342 1.000][179.415 2801.531 583.473] 
fr 484443
ts 63992.207585
6d 1 [12 1.000][529.508 628.688 1015.624 -51.0934 -4.8923 -164.4990][-0.960115 -0.231801 0.156356 0.266281 -0.587472 0.764180 -0.085283 0.775335 0.625765] 
3d 1 [9342 1.000][179.209 2802.378 582.665] 
fr 484444
ts 63992.224246
6d 1 [12 1.000][529.686 628.731 1015.712 -51.0658 -4.8756 -164.5171][-0.960223 -0.231473 0.156178 0.265984 -0.587973 0.763898 -0.084993 0.775054 0.626154] 
3d 1 [9342 1.000][179.448 2802.071 583.068] 
fr 484445
ts 63992.240916
6d 1 [12 1.000][529.750 628.495 1015.797 -51.0619 -4.8487 -164.5207][-0.960278 -0.231096 0.156398 0.265935 -0.588137 0.763789 -0.084525 0.775042 0.626231] 
3d 1 [9342 1.000][179.165 2801.822 583.077] 
fr 484446
ts 63992.257579
6d 1 [12 1.000][529.928 628.373 1015.970 -50.9794 -4.8096 -164.5278][-0.960366 -0.230739 0.156383 0.265831 -0.589406 0.762846 -0.083845 0.774183 0.627383] 
3d 1 [9342 1.000][179.193 2802.614 582.739] 
fr 484447
ts 63992.274241
6d 1 [12 1.000][530.147 628.374 1016.027 -50.9674 -4.7770 -164.5393][-0.960466 -0.230229 0.156526 0.265651 -0.589729 0.762659 -0.083278 0.774089 0.627575] 
3d 1 [9342 1.000][179.276 2801.854 583.119] 
fr 484448
ts 63992.290903
6d 1 [12 1.000][530.401 628.365 1016.110 -50.9313 -4.7528 -164.5508][-0.960553 -0.229894 0.156483 0.265467 -0.590343 0.762248 -0.082857 0.773721 0.628085] 
3d 1 [9342 1.000][179.205 2802.148 582.834] 
fr 484449
ts 63992.307558
6d 1 [12 1.000][530.548 628.219 1016.068 -50.9233 -4.7191 -164.5691][-0.960684 -0.229288 0.156564 0.265173 -0.590643 0.762118 -0.082271 0.773672 0.628223] 
3d 1 [9342 1.000][179.160 2802.284 582.885] 
fr 484450
ts 63992.324220
6d 1 [12 1.000][530.692 628.062 1016.008 -50.9549 -4.6858 -164.6447][-0.961079 -0.227989 0.156037 0.263919 -0.590644 0.762553 -0.081691 0.774055 0.627826] 
3d 1 [9342 1.000][179.360 2801.588 583.114] 
fr 484451
ts 63992.340869
6d 1 [12 1.000][530.949 628.058 1015.936 -50.9691 -4.6548 -164.6588][-0.961186 -0.227402 0.156234 0.263695 -0.590622 0.762647 -0.081152 0.774244 0.627662] 
3d 1 [9342 1.000][179.012 2802.356 582.611] 
fr 484452
ts 63992.357529
6d 1 [12 1.000][531.222 628.017 1015.879 -50.9763 -4.6255 -164.7031][-0.961430 -0.226543 0.155981 0.262961 -0.590807 0.762757 -0.080643 0.774355 0.627592] 
3d 1 [9342 1.000][179.311 2801.740 583.306] 
fr 484453
ts 63992.374170
6d 1 [12 1.000][531.513 628.128 1015.736 -51.0165 -4.5969 -164.7422][-0.961648 -0.225658 0.155921 0.262316 -0.590527 0.763196 -0.080146 0.774826 0.627073] 
3d 1 [9342 1.000][179.124 2802.152 582.728] 
fr 484454
ts 63992.390835
6d 1 [12 1.000][531.802 628.139 1015.628 -51.0561 -4.5680 -164.7815][-0.961867 -0.224768 0.155858 0.261667 -0.590257 0.763628 -0.079642 0.775291 0.626562] 
3d 1 [9342 1.000][179.249 2802.285 582.941] 
fr 484455
ts 63992.407519
6d 1 [12 1.000][531.968 628.014 1015.432 -51.1461 -4.5353 -164.7938][-0.961967 -0.223968 0.156393 0.261473 -0.589220 0.764494 -0.079073 0.776310 0.625372] 
3d 1 [9342 1.000][179.263 2802.038 582.822] 
fr 484456
ts 63992.424184
6d 1 [12 1.000][532.250 628.109 1015.390 -51.1750 -4.5116 -164.8324][-0.962174 -0.223182 0.156239 0.260832 -0.589071 0.764828 -0.078660 0.776650 0.625001] 
3d 1 [9342 1.000][179.396 2802.175 582.984] 
fr 484457
ts 63992.440865
6d 1 [12 1.000][532.552 628.234 1015.382 -51.1875 -4.4921 -164.8590][-0.962321 -0.222621 0.156137 0.260393 -0.589076 0.764974 -0.078322 0.776807 0.624849] 
3d 1 [9342 1.000][179.120 2801.922 582.897] 
fr 484458
ts 63992.457528
6d 1 [12 1.000][532.786 628.091 1015.309 -51.1876 -4.4623 -164.8831][-0.962470 -0.221982 0.156129 0.259998 -0.589273 0.764956 -0.077803 0.776840 0.624873] 
3d 1 [9342 1.000][179.112 2802.163 582.919] 
fr 484459
ts 63992.474195
6d 1 [12 1.000][532.992 627.924 1015.287 -51.2187 -4.4326 -164.9058][-0.962611 -0.221275 0.156259 0.259627 -0.589051 0.765253 -0.077287 0.777210 0.624477] 
3d 1 [9342 1.000][179.261 2802.064 583.008] 
fr 484460
ts 63992.490862
6d 1 [12 1.000][533.225 628.000 1015.347 -51.2387 -4.4114 -164.9147][-0.962679 -0.220851 0.156440 0.259485 -0.588893 0.765423 -0.076918 0.777451 0.624222] 
3d 1 [9342 1.000][179.201 2802.164 582.975] 
fr 484461
ts 63992.507528
6d 1 [12 1.000][533.458 627.946 1015.367 -51.2407 -4.3867 -164.9399][-0.962825 -0.220263 0.156372 0.259071 -0.589050 0.765442 -0.076488 0.777499 0.624216] 
3d 1 [9342 1.000][179.024 2802.135 582.678] 
fr 484462
ts 63992.524189
6d 1 [12 1.000][533.554 627.883 1015.501 -51.1513 -4.3697 -164.9601][-0.962938 -0.220076 0.155938 0.258737 -0.590382 0.764529 -0.076192 0.776541 0.625443] 
3d 1 [9342 1.000][179.451 2802.328 583.084] 
fr 484463
ts 63992.540849
6d 1 [12 1.000][533.706 627.886 1015.560 -51.1460 -4.3762 -164.9793][-0.963017 -0.219977 0.155593 0.258412 -0.590503 0.764545 -0.076304 0.776477 0.625509] 
3d 1 [9342 1.000][178.966 2802.245 582.691] 
fr 484464
ts 63992.557510
6d 1 [12 1.000][533.725 627.570 1015.493 -51.2185 -4.3463 -164.9736][-0.963029 -0.219448 0.156262 0.258518 -0.589618 0.765192 -0.075785 0.777299 0.624551] 
3d 1 [9342 1.000][179.242 2802.044 583.065] 
fr 484465
ts 63992.574164
6d 1 [12 1.000][533.808 627.604 1015.582 -51.1999 -4.3403 -164.9817][-0.963073 -0.219336 0.156145 0.258384 -0.589919 0.765005 -0.075681 0.777102 0.624809] 
3d 1 [9342 1.000][179.153 2802.252 582.751] 
fr 484466
ts 63992.590825
6d 1 [12 1.000][533.897 627.689 1015.714 -51.1638 -4.3478 -164.9852][-0.963079 -0.219496 0.155883 0.258323 -0.590388 0.764664 -0.075810 0.776700 0.625291] 
3d 1 [9342 1.000][179.341 2802.542 583.012] 
fr 484467
ts 63992.607469
6d 1 [12 1.000][533.951 627.568 1015.777 -51.1185 -4.3390 -164.9919][-0.963121 -0.219436 0.155713 0.258214 -0.591048 0.764191 -0.075657 0.776215 0.625912] 
3d 1 [9342 1.000][179.303 2802.190 583.069] 
fr 484468
ts 63992.624134
6d 1 [12 1.000][534.026 627.562 1015.806 -51.1136 -4.3373 -164.9914][-0.963121 -0.219432 0.155718 0.258223 -0.591118 0.764134 -0.075628 0.776163 0.625980] 
3d 1 [9342 1.000][179.091 2802.341 582.674] 
fr 484469
ts 63992.640820
6d 1 [12 1.000][534.029 627.431 1015.727 -51.1349 -4.3165 -164.9857][-0.963122 -0.219161 0.156094 0.258325 -0.590885 0.764279 -0.075266 0.776417 0.625709] 
3d 1 [9342 1.000][179.168 2801.833 583.122] 
fr 484470
ts 63992.657487
6d 1 [12 1.000][534.119 627.257 1015.783 -51.1341 -4.2935 -164.9974][-0.963203 -0.218741 0.156178 0.258136 -0.591021 0.764238 -0.074866 0.776432 0.625739] 
3d 1 [9342 1.000][179.340 2802.296 583.041] 
fr 484471
ts 63992.674171
6d 1 [12 1.000][534.157 627.242 1015.863 -51.1314 -4.2691 -165.0141][-0.963309 -0.218257 0.156202 0.257864 -0.591206 0.764187 -0.074441 0.776427 0.625795] 
3d 1 [9342 1.000][179.070 2802.000 582.628] 
fr 484472
ts 63992.690832
6d 1 [12 1.000][534.194 627.223 1015.914 -51.1240 -4.2614 -165.0246][-0.963366 -0.218068 0.156116 0.257690 -0.591373 0.764116 -0.074307 0.776353 0.625902] 
3d 1 [9342 1.000][179.448 2801.615 583.356] 
fr 484473
ts 63992.707505
6d 1 [12 1.000][534.169 627.218 1015.982 -51.1201 -4.2570 -165.0603][-0.963532 -0.217652 0.155671 0.257092 -0.591575 0.764161 -0.074230 0.776316 0.625958] 
3d 1 [9342 1.000][179.099 2802.346 582.622] 
fr 484474
ts 63992.724172
6d 1 [12 1.000][534.118 627.098 1016.003 -51.1475 -4.2482 -165.0692][-0.963583 -0.217371 0.155750 0.256945 -0.591274 0.764443 -0.074077 0.776624 0.625594] 
3d 1 [9342 1.000][179.213 2801.943 583.042] 
fr 484475
ts 63992.740841
6d 1 [12 1.000][534.117 627.088 1016.033 -51.1483 -4.2452 -165.0769][-0.963621 -0.217250 0.155682 0.256816 -0.591304 0.764464 -0.074025 0.776636 0.625586] 
3d 1 [9342 1.000][179.313 2801.960 583.091] 
fr 484476
ts 63992.757503
6d 1 [12 1.000][534.108 627.109 1016.067 -51.1457 -4.2425 -165.0842][-0.963658 -0.217145 0.155602 0.256693 -0.591376 0.764450 -0.073977 0.776610 0.625624] 
3d 1 [9342 1.000][179.336 2802.521 582.923] 
fr 484477
ts 63992.774165
6d 1 [12 1.000][534.065 627.164 1016.079 -51.1391 -4.2569 -165.0858][-0.963647 -0.217336 0.155404 0.256662 -0.591419 0.764427 -0.074229 0.776523 0.625701] 
3d 1 [9342 1.000][179.082 2801.816 582.925] 
fr 484478
ts 63992.790827
6d 1 [12 1.000][534.040 627.293 1016.120 -51.1291 -4.2739 -165.0830][-0.963613 -0.217615 0.155224 0.256704 -0.591482 0.764364 -0.074525 0.776397 0.625822] 
3d 1 [9342 1.000][179.344 2802.034 582.929] 
fr 484479
ts 63992.807484
6d 1 [12 1.000][533.943 627.098 1015.971 -51.1316 -4.2581 -165.0628][-0.963542 -0.217610 0.155670 0.257049 -0.591427 0.764290 -0.074249 0.776440 0.625801] 
3d 1 [9342 1.000][179.293 2802.631 582.788] 
fr 484480
ts 63992.824145
6d 1 [12 1.000][533.897 627.173 1015.963 -51.1353 -4.2661 -165.0582][-0.963511 -0.217751 0.155660 0.257123 -0.591334 0.764338 -0.074388 0.776472 0.625745] 
3d 1 [9342 1.000][179.456 2801.867 583.275] 
fr 484481
ts 63992.840792
6d 1 [12 1.000][533.874 627.332 1015.982 -51.1374 -4.2822 -165.0622][-0.963509 -0.217915 0.155446 0.257051 -0.591263 0.764416 -0.074668 0.776480 0.625703] 
3d 1 [9342 1.000][179.007 2802.335 582.522] 
fr 484482
ts 63992.857457
6d 1 [12 1.000][533.769 627.308 1015.959 -51.1419 -4.2897 -165.0672][-0.963522 -0.217949 0.155317 0.256964 -0.591197 0.764497 -0.074799 0.776521 0.625636] 
3d 1 [9342 1.000][179.305 2801.955 583.143] 
fr 484483
ts 63992.874096
6d 1 [12 1.000][533.597 627.232 1015.890 -51.1739 -4.2982 -165.0759][-0.963550 -0.217885 0.155232 0.256815 -0.590773 0.764875 -0.074947 0.776861 0.625195] 
3d 1 [9342 1.000][179.300 2801.934 583.053] 
fr 484484
ts 63992.890761
6d 1 [12 1.000][533.557 627.406 1015.954 -51.1843 -4.3286 -165.0694][-0.963482 -0.218322 0.155038 0.256914 -0.590503 0.765050 -0.075477 0.776943 0.625030] 
3d 1 [9342 1.000][179.195 2802.625 582.783] 
fr 484485
ts 63992.907448
6d 1 [12 1.000][533.519 627.374 1015.955 -51.1922 -4.3464 -165.0643][-0.963437 -0.218587 0.154950 0.256994 -0.590316 0.765167 -0.075786 0.777012 0.624908] 
3d 1 [9342 1.000][179.263 2801.373 583.369] 
fr 484486
ts 63992.924111
6d 1 [12 1.000][533.461 627.398 1015.967 -51.1906 -4.3588 -165.0342][-0.963286 -0.219064 0.155214 0.257495 -0.590180 0.765104 -0.076002 0.776981 0.624919] 
3d 1 [9342 1.000][179.393 2802.647 582.837] 
fr 484487
ts 63992.940792
6d 1 [12 1.000][533.463 627.511 1016.093 -51.1716 -4.3804 -165.0156][-0.963174 -0.219590 0.155162 0.257801 -0.590286 0.764919 -0.076378 0.776752 0.625158] 
3d 1 [9342 1.000][179.014 2802.120 582.685] 
fr 484488
ts 63992.957454
6d 1 [12 1.000][533.368 627.171 1016.093 -51.1802 -4.3678 -165.0084][-0.963158 -0.219475 0.155425 0.257927 -0.590188 0.764953 -0.076158 0.776859 0.625053] 
3d 1 [9342 1.000][179.701 2801.308 583.611] 
fr 484489
ts 63992.974123
6d 1 [12 1.000][533.400 627.213 1016.237 -51.1772 -4.3808 -164.9998][-0.963103 -0.219742 0.155390 0.258066 -0.590149 0.764935 -0.076386 0.776812 0.625082] 
3d 1 [9342 1.000][179.058 2802.466 582.532] 
fr 484490
ts 63992.990788
6d 1 [12 1.000][533.468 627.236 1016.354 -51.1477 -4.3805 -165.0024][-0.963115 -0.219792 0.155246 0.258023 -0.590554 0.764637 -0.076380 0.776490 0.625483] 
3d 1 [9342 1.000][179.381 2801.619 583.102] 
fr 484491
ts 63993.007453
6d 1 [12 1.000][533.477 627.132 1016.455 -51.1227 -4.3930 -165.0142][-0.963152 -0.219901 0.154860 0.257819 -0.590890 0.764447 -0.076597 0.776204 0.625811] 
3d 1 [9342 1.000][179.161 2802.048 582.958] 
fr 484492
ts 63993.024116
6d 1 [12 1.000][533.522 627.153 1016.520 -51.1006 -4.4046 -165.0171][-0.963150 -0.220082 0.154614 0.257767 -0.591155 0.764259 -0.076798 0.775951 0.626101] 
3d 1 [9342 1.000][179.284 2802.626 582.839] 
fr 484493
ts 63993.040777
6d 1 [12 1.000][533.480 626.915 1016.561 -51.1041 -4.4133 -165.0513][-0.963292 -0.219834 0.154081 0.257190 -0.591208 0.764413 -0.076950 0.775981 0.626045] 
3d 1 [9342 1.000][179.530 2801.065 583.477] 
fr 484494
ts 63993.057440
6d 1 [12 1.000][533.513 626.756 1016.606 -51.1051 -4.4147 -165.1238][-0.963615 -0.219102 0.153102 0.255970 -0.591468 0.764621 -0.076975 0.775989 0.626031] 
3d 1 [9342 1.000][179.328 2802.972 582.686] 
fr 484495
ts 63993.074089
6d 1 [12 1.000][533.535 626.822 1016.709 -51.0981 -4.4214 -165.1299][-0.963634 -0.219145 0.152923 0.255865 -0.591561 0.764584 -0.077092 0.775907 0.626120] 
3d 1 [9342 1.000][178.957 2801.994 582.771] 
fr 484496
ts 63993.090754
6d 1 [12 1.000][533.553 626.802 1016.752 -51.1024 -4.4233 -165.1313][-0.963638 -0.219144 0.152900 0.255840 -0.591503 0.764637 -0.077125 0.775951 0.626061] 
3d 1 [9342 1.000][179.747 2801.911 583.474] 
fr 484497
ts 63993.107396
6d 1 [12 1.000][533.510 626.687 1016.832 -51.0846 -4.3945 -165.1461][-0.963741 -0.218662 0.152939 0.255601 -0.591897 0.764412 -0.076624 0.775787 0.626326] 
3d 1 [9342 1.000][178.995 2802.802 582.426] 
fr 484498
ts 63993.124061
6d 1 [12 1.000][533.391 626.523 1016.878 -51.0766 -4.3827 -165.1616][-0.963825 -0.218368 0.152827 0.255345 -0.592104 0.764338 -0.076418 0.775712 0.626444] 
3d 1 [9342 1.000][179.610 2801.296 583.511] 
fr 484499
ts 63993.140752
6d 1 [12 1.000][533.309 626.572 1016.869 -51.0774 -4.3918 -165.1625][-0.963817 -0.218476 0.152722 0.255327 -0.592064 0.764374 -0.076576 0.775711 0.626425] 
3d 1 [9342 1.000][179.247 2802.520 582.867] 
fr 484500
ts 63993.157416
6d 1 [12 1.000][533.268 626.697 1016.965 -51.0717 -4.4044 -165.1639][-0.963807 -0.218642 0.152548 0.255299 -0.592102 0.764354 -0.076796 0.775636 0.626492] 
3d 1 [9342 1.000][179.135 2802.478 582.780] 
fr 484501
ts 63993.174099
6d 1 [12 1.000][533.158 626.811 1016.989 -51.0696 -4.4262 -165.1545][-0.963737 -0.219030 0.152435 0.255449 -0.592019 0.764368 -0.077175 0.775590 0.626502] 
3d 1 [9342 1.000][179.616 2801.082 583.674] 
fr 484502
ts 63993.190761
6d 1 [12 1.000][533.069 626.873 1016.833 -51.0623 -4.4256 -165.1586][-0.963757 -0.218998 0.152359 0.255380 -0.592134 0.764303 -0.077164 0.775511 0.626601] 
3d 1 [9342 1.000][179.237 2802.961 582.586] 
fr 484503
ts 63993.207438
6d 1 [12 1.000][532.824 626.567 1016.752 -51.0687 -4.4144 -165.1683][-0.963814 -0.218735 0.152372 0.255221 -0.592125 0.764362 -0.076969 0.775592 0.626525] 
3d 1 [9342 1.000][179.095 2801.805 582.733] 
fr 484504
ts 63993.224101
6d 1 [12 1.000][532.678 626.716 1016.846 -51.1029 -4.4200 -165.1811][-0.963864 -0.218585 0.152273 0.255005 -0.591697 0.764766 -0.077067 0.775960 0.626056] 
3d 1 [9342 1.000][179.592 2802.224 583.223] 
fr 484505
ts 63993.240770
6d 1 [12 1.000][532.584 626.901 1016.849 -51.1312 -4.4308 -165.1923][-0.963900 -0.218536 0.152116 0.254811 -0.591325 0.765118 -0.077255 0.776258 0.625664] 
3d 1 [9342 1.000][178.923 2802.564 582.297] 
fr 484506
ts 63993.257432
6d 1 [12 1.000][532.380 626.802 1016.850 -51.1477 -4.4417 -165.2091][-0.963960 -0.218462 0.151841 0.254526 -0.591130 0.765363 -0.077445 0.776427 0.625430] 
3d 1 [9342 1.000][179.666 2801.213 583.684] 
fr 484507
ts 63993.274092
6d 1 [12 1.000][532.177 626.873 1016.831 -51.1574 -4.4577 -165.2198][-0.963987 -0.218535 0.151566 0.254340 -0.590988 0.765536 -0.077723 0.776515 0.625286] 
3d 1 [9342 1.000][179.005 2802.325 582.477] 
fr 484508
ts 63993.290757
