fr 127361
ts 36701.700801
6d 1 [12 1.000][575.106 -352.501 431.396 -3.2685 -7.1101 -36.9821][0.792681 -0.594950 0.133013 0.596940 0.801769 0.028792 -0.123776 0.056577 0.990696] 
3d 0 
fr 127362
ts 36701.717462
6d 1 [12 1.000][575.095 -352.534 431.372 -3.2687 -7.1129 -36.9755][0.792745 -0.594854 0.133058 0.596844 0.801840 0.028804 -0.123825 0.056581 0.990690] 
3d 0 
fr 127363
ts 36701.734154
6d 1 [12 1.000][575.114 -352.484 431.379 -3.2692 -7.1127 -36.9757][0.792743 -0.594856 0.133060 0.596848 0.801838 0.028795 -0.123821 0.056589 0.990690] 
3d 0 
fr 127364
ts 36701.750816
6d 1 [12 1.000][575.111 -352.515 431.382 -3.2728 -7.1094 -36.9778][0.792727 -0.594879 0.133050 0.596880 0.801816 0.028715 -0.123764 0.056652 0.990693] 
3d 0 
fr 127365
ts 36701.767502
6d 1 [12 1.000][575.111 -352.515 431.382 -3.2728 -7.1094 -36.9778][0.792727 -0.594879 0.133050 0.596880 0.801816 0.028715 -0.123764 0.056652 0.990693] 
3d 0 
fr 127366
ts 36701.784165
6d 1 [12 1.000][575.100 -352.671 431.345 -3.2746 -7.1081 -36.9771][0.792737 -0.594866 0.133051 0.596872 0.801824 0.028676 -0.123742 0.056682 0.990694] 
3d 0 
fr 127367
ts 36701.800842
6d 1 [12 1.000][575.101 -352.553 431.376 -3.2851 -7.0987 -36.9763][0.792761 -0.594839 0.133030 0.596874 0.801831 0.028429 -0.123578 0.056865 0.990704] 
3d 0 
fr 127368
ts 36701.817504
6d 1 [12 1.000][575.089 -352.567 431.374 -3.2858 -7.0986 -36.9757][0.792767 -0.594829 0.133037 0.596866 0.801837 0.028417 -0.123577 0.056878 0.990704] 
3d 0 
fr 127369
ts 36701.834174
6d 1 [12 1.000][575.101 -352.560 431.369 -3.2849 -7.1045 -36.9767][0.792747 -0.594840 0.133109 0.596872 0.801831 0.028493 -0.123680 0.056861 0.990692] 
3d 0 
fr 127370
ts 36701.850837
6d 1 [12 1.000][575.097 -352.545 431.356 -3.2867 -7.1037 -36.9769][0.792746 -0.594839 0.133117 0.596875 0.801829 0.028460 -0.123666 0.056893 0.990692] 
3d 0 
fr 127371
ts 36701.867498
6d 1 [12 1.000][575.096 -352.542 431.365 -3.2889 -7.1065 -36.9750][0.792761 -0.594806 0.133179 0.596846 0.801851 0.028454 -0.123714 0.056931 0.990683] 
3d 0 
fr 127372
ts 36701.884164
6d 1 [12 1.000][575.096 -352.542 431.365 -3.2889 -7.1065 -36.9750][0.792761 -0.594806 0.133179 0.596846 0.801851 0.028454 -0.123714 0.056931 0.990683] 
3d 0 
fr 127373
ts 36701.900818
6d 1 [12 1.000][575.134 -352.533 431.378 -3.2892 -7.1069 -36.9756][0.792754 -0.594814 0.133186 0.596854 0.801845 0.028455 -0.123720 0.056935 0.990682] 
3d 0 
fr 127374
ts 36701.917483
6d 1 [12 1.000][575.107 -352.544 431.368 -3.2919 -7.1152 -36.9776][0.792719 -0.594828 0.133328 0.596870 0.801831 0.028509 -0.123864 0.056980 0.990662] 
3d 0 
fr 127375
ts 36701.934131
6d 1 [12 1.000][575.107 -352.544 431.368 -3.2919 -7.1152 -36.9776][0.792719 -0.594828 0.133328 0.596870 0.801831 0.028509 -0.123864 0.056980 0.990662] 
3d 0 
fr 127376
ts 36701.950795
6d 1 [12 1.000][575.107 -352.544 431.368 -3.2919 -7.1152 -36.9776][0.792719 -0.594828 0.133328 0.596870 0.801831 0.028509 -0.123864 0.056980 0.990662] 
3d 0 
fr 127377
ts 36701.967435
6d 1 [12 1.000][575.107 -352.544 431.368 -3.2919 -7.1152 -36.9776][0.792719 -0.594828 0.133328 0.596870 0.801831 0.028509 -0.123864 0.056980 0.990662] 
3d 0 
fr 127378
ts 36701.984100
6d 1 [12 1.000][575.107 -352.544 431.368 -3.2919 -7.1152 -36.9776][0.792719 -0.594828 0.133328 0.596870 0.801831 0.028509 -0.123864 0.056980 0.990662] 
3d 0 
fr 127379
ts 36702.000791
6d 1 [12 1.000][575.107 -352.544 431.368 -3.2919 -7.1152 -36.9776][0.792719 -0.594828 0.133328 0.596870 0.801831 0.028509 -0.123864 0.056980 0.990662] 
3d 0 
fr 127380
ts 36702.017451
6d 1 [12 1.000][575.168 -352.461 431.385 -3.2919 -7.1141 -36.9778][0.792718 -0.594832 0.133313 0.596875 0.801828 0.028498 -0.123845 0.056981 0.990664] 
3d 0 
fr 127381
ts 36702.034135
6d 1 [12 1.000][575.139 -352.473 431.385 -3.2905 -7.1142 -36.9789][0.792707 -0.594850 0.133300 0.596890 0.801816 0.028521 -0.123848 0.056956 0.990665] 
3d 0 
fr 127382
ts 36702.050796
6d 1 [12 1.000][575.122 -352.541 431.376 -3.2873 -7.1086 -36.9785][0.792721 -0.594856 0.133190 0.596891 0.801815 0.028507 -0.123751 0.056902 0.990680] 
3d 0 
fr 127383
ts 36702.067471
6d 1 [12 1.000][575.122 -352.541 431.376 -3.2873 -7.1086 -36.9785][0.792721 -0.594856 0.133190 0.596891 0.801815 0.028507 -0.123751 0.056902 0.990680] 
3d 0 
fr 127384
ts 36702.084132
6d 1 [12 1.000][575.124 -352.463 431.385 -3.2861 -7.1094 -36.9785][0.792719 -0.594859 0.133188 0.596891 0.801815 0.028532 -0.123765 0.056881 0.990680] 
3d 0 
fr 127385
ts 36702.100797
6d 1 [12 1.000][575.133 -352.516 431.390 -3.2775 -7.1136 -36.9791][0.792706 -0.594884 0.133156 0.596894 0.801807 0.028697 -0.123836 0.056732 0.990680] 
3d 0 
fr 127386
ts 36702.117463
6d 1 [12 1.000][575.133 -352.516 431.390 -3.2775 -7.1136 -36.9791][0.792706 -0.594884 0.133156 0.596894 0.801807 0.028697 -0.123836 0.056732 0.990680] 
3d 0 
fr 127387
ts 36702.134119
6d 1 [12 1.000][575.133 -352.516 431.390 -3.2775 -7.1136 -36.9791][0.792706 -0.594884 0.133156 0.596894 0.801807 0.028697 -0.123836 0.056732 0.990680] 
3d 0 
fr 127388
ts 36702.150786
6d 1 [12 1.000][575.133 -352.516 431.390 -3.2775 -7.1136 -36.9791][0.792706 -0.594884 0.133156 0.596894 0.801807 0.028697 -0.123836 0.056732 0.990680] 
3d 0 
fr 127389
ts 36702.167436
6d 1 [12 1.000][575.133 -352.516 431.390 -3.2775 -7.1136 -36.9791][0.792706 -0.594884 0.133156 0.596894 0.801807 0.028697 -0.123836 0.056732 0.990680] 
3d 0 
fr 127390
ts 36702.184102
6d 1 [12 1.000][575.086 -352.628 431.369 -3.2786 -7.1126 -36.9777][0.792722 -0.594862 0.133155 0.596875 0.801822 0.028667 -0.123819 0.056752 0.990681] 
3d 0 
fr 127391
ts 36702.200745
6d 1 [12 1.000][575.116 -352.568 431.367 -3.2783 -7.1121 -36.9774][0.792727 -0.594859 0.133145 0.596871 0.801825 0.028666 -0.123811 0.056746 0.990682] 
3d 0 
fr 127392
ts 36702.217411
6d 1 [12 1.000][575.112 -352.526 431.371 -3.2841 -7.1062 -36.9714][0.792799 -0.594767 0.133127 0.596797 0.801886 0.028511 -0.123710 0.056846 0.990689] 
3d 0 
fr 127393
ts 36702.234101
6d 1 [12 1.000][575.112 -352.526 431.371 -3.2841 -7.1062 -36.9714][0.792799 -0.594767 0.133127 0.596797 0.801886 0.028511 -0.123710 0.056846 0.990689] 
3d 0 
fr 127394
ts 36702.250764
6d 1 [12 1.000][575.111 -352.518 431.364 -3.2868 -7.1054 -36.9705][0.792810 -0.594748 0.133144 0.596785 0.801896 0.028462 -0.123695 0.056894 0.990688] 
3d 0 
fr 127395
ts 36702.267452
6d 1 [12 1.000][575.117 -352.466 431.369 -3.2883 -7.1048 -36.9704][0.792812 -0.594744 0.133152 0.596784 0.801898 0.028435 -0.123685 0.056919 0.990688] 
3d 0 
fr 127396
ts 36702.284113
6d 1 [12 1.000][575.106 -352.511 431.370 -3.3045 -7.1011 -36.9651][0.792873 -0.594635 0.133271 0.596716 0.801958 0.028155 -0.123620 0.057201 0.990680] 
3d 0 
fr 127397
ts 36702.300791
6d 1 [12 1.000][575.106 -352.511 431.370 -3.3045 -7.1011 -36.9651][0.792873 -0.594635 0.133271 0.596716 0.801958 0.028155 -0.123620 0.057201 0.990680] 
3d 0 
fr 127398
ts 36702.317453
6d 1 [12 1.000][575.106 -352.511 431.370 -3.3045 -7.1011 -36.9651][0.792873 -0.594635 0.133271 0.596716 0.801958 0.028155 -0.123620 0.057201 0.990680] 
3d 0 
fr 127399
ts 36702.334122
6d 1 [12 1.000][575.104 -352.573 431.376 -3.3010 -7.1008 -36.9651][0.792874 -0.594643 0.133230 0.596716 0.801957 0.028202 -0.123615 0.057140 0.990684] 
3d 0 
fr 127400
ts 36702.350789
6d 1 [12 1.000][575.102 -352.559 431.378 -3.3011 -7.1018 -36.9651][0.792872 -0.594643 0.133245 0.596715 0.801957 0.028212 -0.123633 0.057141 0.990681] 
3d 0 
fr 127401
ts 36702.367448
6d 1 [12 1.000][575.105 -352.539 431.376 -3.2947 -7.0994 -36.9667][0.792859 -0.594682 0.133145 0.596741 0.801936 0.028280 -0.123591 0.057031 0.990693] 
3d 0 
fr 127402
ts 36702.384113
6d 1 [12 1.000][575.100 -352.581 431.371 -3.2938 -7.1010 -36.9668][0.792856 -0.594684 0.133158 0.596740 0.801935 0.028309 -0.123619 0.057015 0.990690] 
3d 0 
fr 127403
ts 36702.400771
6d 1 [12 1.000][575.114 -352.555 431.375 -3.2872 -7.1075 -36.9694][0.792818 -0.594730 0.133177 0.596767 0.801909 0.028476 -0.123731 0.056900 0.990683] 
3d 0 
fr 127404
ts 36702.417433
6d 1 [12 1.000][575.114 -352.555 431.375 -3.2872 -7.1075 -36.9694][0.792818 -0.594730 0.133177 0.596767 0.801909 0.028476 -0.123731 0.056900 0.990683] 
3d 0 
fr 127405
ts 36702.434084
6d 1 [12 1.000][575.114 -352.555 431.375 -3.2872 -7.1075 -36.9694][0.792818 -0.594730 0.133177 0.596767 0.801909 0.028476 -0.123731 0.056900 0.990683] 
3d 0 
fr 127406
ts 36702.450747
6d 1 [12 1.000][575.114 -352.555 431.375 -3.2872 -7.1075 -36.9694][0.792818 -0.594730 0.133177 0.596767 0.801909 0.028476 -0.123731 0.056900 0.990683] 
3d 0 
fr 127407
ts 36702.467390
6d 1 [12 1.000][575.120 -352.384 431.357 -3.2868 -7.1106 -36.9720][0.792784 -0.594766 0.133215 0.596800 0.801883 0.028519 -0.123785 0.056894 0.990677] 
3d 0 
fr 127408
ts 36702.484051
6d 1 [12 1.000][575.101 -352.498 431.347 -3.2863 -7.1135 -36.9729][0.792770 -0.594777 0.133250 0.596808 0.801875 0.028558 -0.123835 0.056885 0.990671] 
3d 0 
fr 127409
ts 36702.500738
6d 1 [12 1.000][575.091 -352.520 431.352 -3.2795 -7.1344 -36.9875][0.792582 -0.594980 0.133460 0.596983 0.801733 0.028904 -0.124197 0.056764 0.990633] 
3d 0 
fr 127410
ts 36702.517403
6d 1 [12 1.000][575.096 -352.494 431.351 -3.2790 -7.1355 -36.9873][0.792582 -0.594978 0.133470 0.596978 0.801736 0.028924 -0.124217 0.056754 0.990631] 
3d 0 
fr 127411
ts 36702.534083
6d 1 [12 1.000][575.103 -352.514 431.357 -3.2765 -7.1408 -36.9886][0.792560 -0.594997 0.133517 0.596989 0.801724 0.029015 -0.124307 0.056712 0.990622] 
3d 0 
fr 127412
ts 36702.550747
6d 1 [12 1.000][575.096 -352.656 431.353 -3.2760 -7.1409 -36.9875][0.792571 -0.594984 0.133513 0.596975 0.801735 0.029022 -0.124310 0.056702 0.990622] 
3d 0 
fr 127413
ts 36702.567418
6d 1 [12 1.000][575.099 -352.569 431.354 -3.2759 -7.1393 -36.9857][0.792592 -0.594960 0.133492 0.596952 0.801753 0.029002 -0.124282 0.056702 0.990625] 
3d 0 
fr 127414
ts 36702.584083
6d 1 [12 1.000][575.088 -352.547 431.349 -3.2735 -7.1376 -36.9791][0.792664 -0.594874 0.133446 0.596862 0.801819 0.029003 -0.124253 0.056659 0.990632] 
3d 0 
fr 127415
ts 36702.600752
6d 1 [12 1.000][575.093 -352.449 431.363 -3.2744 -7.1338 -36.9787][0.792675 -0.594870 0.133403 0.596862 0.801821 0.028949 -0.124186 0.056676 0.990639] 
3d 0 
fr 127416
ts 36702.617414
6d 1 [12 1.000][575.089 -352.541 431.357 -3.2776 -7.1290 -36.9740][0.792733 -0.594799 0.133373 0.596802 0.801870 0.028843 -0.124103 0.056733 0.990646] 
3d 0 
fr 127417
ts 36702.634074
6d 1 [12 1.000][575.100 -352.467 431.372 -3.2771 -7.1293 -36.9739][0.792733 -0.594799 0.133371 0.596801 0.801870 0.028853 -0.124108 0.056723 0.990646] 
3d 0 
fr 127418
ts 36702.650737
6d 1 [12 1.000][575.096 -352.525 431.358 -3.2782 -7.1269 -36.9729][0.792748 -0.594785 0.133351 0.596790 0.801880 0.028812 -0.124068 0.056742 0.990650] 
3d 0 
fr 127419
ts 36702.667388
6d 1 [12 1.000][575.096 -352.525 431.358 -3.2782 -7.1269 -36.9729][0.792748 -0.594785 0.133351 0.596790 0.801880 0.028812 -0.124068 0.056742 0.990650] 
3d 0 
fr 127420
ts 36702.684054
6d 1 [12 1.000][575.096 -352.525 431.358 -3.2782 -7.1269 -36.9729][0.792748 -0.594785 0.133351 0.596790 0.801880 0.028812 -0.124068 0.056742 0.990650] 
3d 0 
fr 127421
ts 36702.700696
6d 1 [12 1.000][575.096 -352.525 431.358 -3.2782 -7.1269 -36.9729][0.792748 -0.594785 0.133351 0.596790 0.801880 0.028812 -0.124068 0.056742 0.990650] 
3d 0 
fr 127422
ts 36702.717362
6d 1 [12 1.000][575.096 -352.525 431.358 -3.2782 -7.1269 -36.9729][0.792748 -0.594785 0.133351 0.596790 0.801880 0.028812 -0.124068 0.056742 0.990650] 
3d 0 
fr 127423
ts 36702.734052
6d 1 [12 1.000][575.096 -352.525 431.358 -3.2782 -7.1269 -36.9729][0.792748 -0.594785 0.133351 0.596790 0.801880 0.028812 -0.124068 0.056742 0.990650] 
3d 0 
fr 127424
ts 36702.750717
6d 1 [12 1.000][575.096 -352.525 431.358 -3.2782 -7.1269 -36.9729][0.792748 -0.594785 0.133351 0.596790 0.801880 0.028812 -0.124068 0.056742 0.990650] 
3d 0 
fr 127425
ts 36702.767402
6d 1 [12 1.000][575.096 -352.525 431.358 -3.2782 -7.1269 -36.9729][0.792748 -0.594785 0.133351 0.596790 0.801880 0.028812 -0.124068 0.056742 0.990650] 
3d 0 
fr 127426
ts 36702.784066
6d 1 [12 1.000][575.096 -352.525 431.358 -3.2782 -7.1269 -36.9729][0.792748 -0.594785 0.133351 0.596790 0.801880 0.028812 -0.124068 0.056742 0.990650] 
3d 0 
fr 127427
ts 36702.800744
6d 1 [12 1.000][575.096 -352.525 431.358 -3.2782 -7.1269 -36.9729][0.792748 -0.594785 0.133351 0.596790 0.801880 0.028812 -0.124068 0.056742 0.990650] 
3d 0 
fr 127428
ts 36702.817404
6d 1 [12 1.000][575.107 -352.599 431.368 -3.2791 -7.1259 -36.9732][0.792746 -0.594788 0.133347 0.596796 0.801876 0.028789 -0.124051 0.056759 0.990651] 
3d 0 
fr 127429
ts 36702.834077
6d 1 [12 1.000][575.116 -352.510 431.375 -3.2866 -7.1177 -36.9814][0.792674 -0.594892 0.133306 0.596921 0.801790 0.028618 -0.123908 0.056888 0.990662] 
3d 0 
fr 127430
ts 36702.850738
6d 1 [12 1.000][575.116 -352.510 431.375 -3.2866 -7.1177 -36.9814][0.792674 -0.594892 0.133306 0.596921 0.801790 0.028618 -0.123908 0.056888 0.990662] 
3d 0 
fr 127431
ts 36702.867400
6d 1 [12 1.000][575.116 -352.510 431.375 -3.2866 -7.1177 -36.9814][0.792674 -0.594892 0.133306 0.596921 0.801790 0.028618 -0.123908 0.056888 0.990662] 
3d 0 
fr 127432
ts 36702.884067
6d 1 [12 1.000][575.123 -352.564 431.373 -3.2867 -7.1172 -36.9816][0.792673 -0.594895 0.133299 0.596924 0.801787 0.028612 -0.123899 0.056890 0.990663] 
3d 0 
fr 127433
ts 36702.900719
6d 1 [12 1.000][575.130 -352.519 431.384 -3.2858 -7.1101 -36.9850][0.792651 -0.594950 0.133191 0.596980 0.801748 0.028558 -0.123776 0.056875 0.990679] 
3d 0 
fr 127434
ts 36702.917385
6d 1 [12 1.000][575.130 -352.519 431.384 -3.2858 -7.1101 -36.9850][0.792651 -0.594950 0.133191 0.596980 0.801748 0.028558 -0.123776 0.056875 0.990679] 
3d 0 
fr 127435
ts 36702.934032
6d 1 [12 1.000][575.130 -352.519 431.384 -3.2858 -7.1101 -36.9850][0.792651 -0.594950 0.133191 0.596980 0.801748 0.028558 -0.123776 0.056875 0.990679] 
3d 0 
fr 127436
ts 36702.950699
6d 1 [12 1.000][575.130 -352.519 431.384 -3.2858 -7.1101 -36.9850][0.792651 -0.594950 0.133191 0.596980 0.801748 0.028558 -0.123776 0.056875 0.990679] 
3d 0 
fr 127437
ts 36702.967343
6d 1 [12 1.000][575.130 -352.519 431.384 -3.2858 -7.1101 -36.9850][0.792651 -0.594950 0.133191 0.596980 0.801748 0.028558 -0.123776 0.056875 0.990679] 
3d 0 
fr 127438
ts 36702.984004
6d 1 [12 1.000][575.130 -352.519 431.384 -3.2858 -7.1101 -36.9850][0.792651 -0.594950 0.133191 0.596980 0.801748 0.028558 -0.123776 0.056875 0.990679] 
3d 0 
fr 127439
ts 36703.000690
6d 1 [12 1.000][575.130 -352.519 431.384 -3.2858 -7.1101 -36.9850][0.792651 -0.594950 0.133191 0.596980 0.801748 0.028558 -0.123776 0.056875 0.990679] 
3d 0 
fr 127440
ts 36703.017356
6d 1 [12 1.000][575.130 -352.519 431.384 -3.2858 -7.1101 -36.9850][0.792651 -0.594950 0.133191 0.596980 0.801748 0.028558 -0.123776 0.056875 0.990679] 
3d 0 
fr 127441
ts 36703.034033
6d 1 [12 1.000][575.130 -352.519 431.384 -3.2858 -7.1101 -36.9850][0.792651 -0.594950 0.133191 0.596980 0.801748 0.028558 -0.123776 0.056875 0.990679] 
3d 0 
fr 127442
ts 36703.050698
6d 1 [12 1.000][575.097 -352.574 431.289 -3.2852 -7.1127 -36.9842][0.792655 -0.594938 0.133222 0.596965 0.801758 0.028591 -0.123822 0.056866 0.990674] 
3d 0 
fr 127443
ts 36703.067375
6d 1 [12 1.000][575.095 -352.579 431.343 -3.2777 -7.1278 -36.9772][0.792701 -0.594845 0.133355 0.596849 0.801836 0.028837 -0.124082 0.056733 0.990649] 
3d 0 
fr 127444
ts 36703.084036
6d 1 [12 1.000][575.090 -352.585 431.303 -3.2783 -7.1288 -36.9767][0.792704 -0.594837 0.133376 0.596841 0.801841 0.028838 -0.124100 0.056744 0.990646] 
3d 0 
fr 127445
ts 36703.100706
6d 1 [12 1.000][575.092 -352.496 431.327 -3.2790 -7.1271 -36.9775][0.792699 -0.594848 0.133360 0.596854 0.801832 0.028813 -0.124072 0.056757 0.990649] 
3d 0 
fr 127446
ts 36703.117367
6d 1 [12 1.000][575.095 -352.572 431.325 -3.2813 -7.1334 -36.9763][0.792701 -0.594820 0.133470 0.596829 0.801850 0.028843 -0.124179 0.056795 0.990633] 
3d 0 
fr 127447
ts 36703.134029
6d 1 [12 1.000][575.192 -352.522 431.331 -3.2808 -7.1327 -36.9771][0.792693 -0.594834 0.133455 0.596841 0.801841 0.028845 -0.124168 0.056786 0.990635] 
3d 0 
fr 127448
ts 36703.150692
6d 1 [12 1.000][575.110 -352.531 431.323 -3.2809 -7.1324 -36.9782][0.792683 -0.594849 0.133452 0.596857 0.801829 0.028842 -0.124162 0.056789 0.990636] 
3d 0 
fr 127449
ts 36703.167345
6d 1 [12 1.000][575.142 -352.524 431.365 -3.2799 -7.1293 -36.9787][0.792683 -0.594861 0.133398 0.596868 0.801822 0.028826 -0.124109 0.056771 0.990643] 
3d 0 
fr 127450
ts 36703.184007
6d 1 [12 1.000][575.113 -352.563 431.333 -3.2794 -7.1251 -36.9826][0.792650 -0.594919 0.133334 0.596927 0.801779 0.028798 -0.124036 0.056764 0.990653] 
3d 0 
fr 127451
ts 36703.200655
6d 1 [12 1.000][575.113 -352.563 431.333 -3.2794 -7.1251 -36.9826][0.792650 -0.594919 0.133334 0.596927 0.801779 0.028798 -0.124036 0.056764 0.990653] 
3d 0 
fr 127452
ts 36703.217318
6d 1 [12 1.000][575.113 -352.563 431.333 -3.2794 -7.1251 -36.9826][0.792650 -0.594919 0.133334 0.596927 0.801779 0.028798 -0.124036 0.056764 0.990653] 
3d 0 
fr 127453
ts 36703.233957
6d 1 [12 1.000][575.119 -352.480 431.380 -3.2792 -7.1245 -36.9814][0.792663 -0.594904 0.133323 0.596911 0.801790 0.028792 -0.124025 0.056760 0.990654] 
3d 0 
fr 127454
ts 36703.250619
6d 1 [12 1.000][575.105 -352.567 431.341 -3.2791 -7.1215 -36.9712][0.792775 -0.594763 0.133286 0.596774 0.801895 0.028738 -0.123974 0.056759 0.990661] 
3d 0 
fr 127455
ts 36703.267305
6d 1 [12 1.000][575.105 -352.567 431.341 -3.2791 -7.1215 -36.9712][0.792775 -0.594763 0.133286 0.596774 0.801895 0.028738 -0.123974 0.056759 0.990661] 
3d 0 
fr 127456
ts 36703.283966
6d 1 [12 1.000][575.105 -352.567 431.341 -3.2791 -7.1215 -36.9712][0.792775 -0.594763 0.133286 0.596774 0.801895 0.028738 -0.123974 0.056759 0.990661] 
3d 0 
fr 127457
ts 36703.300646
6d 1 [12 1.000][575.105 -352.567 431.341 -3.2791 -7.1215 -36.9712][0.792775 -0.594763 0.133286 0.596774 0.801895 0.028738 -0.123974 0.056759 0.990661] 
3d 0 
fr 127458
ts 36703.317308
6d 1 [12 1.000][575.105 -352.567 431.341 -3.2791 -7.1215 -36.9712][0.792775 -0.594763 0.133286 0.596774 0.801895 0.028738 -0.123974 0.056759 0.990661] 
3d 0 
fr 127459
ts 36703.333979
6d 1 [12 1.000][575.105 -352.567 431.341 -3.2791 -7.1215 -36.9712][0.792775 -0.594763 0.133286 0.596774 0.801895 0.028738 -0.123974 0.056759 0.990661] 
3d 0 
fr 127460
ts 36703.350640
6d 1 [12 1.000][575.105 -352.567 431.341 -3.2791 -7.1215 -36.9712][0.792775 -0.594763 0.133286 0.596774 0.801895 0.028738 -0.123974 0.056759 0.990661] 
3d 0 
fr 127461
ts 36703.367304
6d 1 [12 1.000][575.109 -352.424 431.277 -3.2795 -7.1213 -36.9717][0.792769 -0.594770 0.133288 0.596782 0.801889 0.028732 -0.123971 0.056766 0.990661] 
3d 0 
fr 127462
ts 36703.383968
6d 1 [12 1.000][574.981 -352.683 431.237 -3.2782 -7.1226 -36.9701][0.792784 -0.594749 0.133292 0.596757 0.801907 0.028760 -0.123993 0.056742 0.990659] 
3d 0 
fr 127463
ts 36703.400627
6d 1 [12 1.000][575.052 -352.605 431.296 -3.2778 -7.1201 -36.9699][0.792790 -0.594749 0.133253 0.596758 0.801907 0.028739 -0.123949 0.056736 0.990665] 
3d 0 
fr 127464
ts 36703.417289
6d 1 [12 1.000][575.031 -352.612 431.361 -3.2772 -7.1213 -36.9685][0.792803 -0.594730 0.133265 0.596737 0.801922 0.028757 -0.123971 0.056726 0.990663] 
3d 0 
fr 127465
ts 36703.433937
6d 1 [12 1.000][575.059 -352.597 431.397 -3.2752 -7.1221 -36.9686][0.792801 -0.594735 0.133255 0.596737 0.801920 0.028794 -0.123985 0.056691 0.990663] 
3d 0 
fr 127466
ts 36703.450602
6d 1 [12 1.000][575.058 -352.623 431.344 -3.2727 -7.1241 -36.9655][0.792829 -0.594696 0.133259 0.596692 0.801952 0.028842 -0.124020 0.056648 0.990661] 
3d 0 
fr 127467
ts 36703.467247
6d 1 [12 1.000][575.151 -352.573 431.387 -3.2694 -7.1233 -36.9683][0.792801 -0.594744 0.133213 0.596731 0.801921 0.028886 -0.124006 0.056591 0.990666] 
3d 0 
fr 127468
ts 36703.483908
6d 1 [12 1.000][575.121 -352.557 431.358 -3.2733 -7.1236 -36.9674][0.792810 -0.594722 0.133258 0.596719 0.801932 0.028832 -0.124011 0.056659 0.990662] 
3d 0 
fr 127469
ts 36703.500598
6d 1 [12 1.000][575.142 -352.529 431.385 -3.2747 -7.1188 -36.9703][0.792789 -0.594763 0.133203 0.596764 0.801901 0.028769 -0.123926 0.056683 0.990671] 
3d 0 
fr 127470
ts 36703.517259
6d 1 [12 1.000][575.115 -352.573 431.367 -3.3014 -7.1167 -36.9658][0.792839 -0.594640 0.133454 0.596705 0.801959 0.028365 -0.123891 0.057144 0.990649] 
3d 0 
fr 127471
ts 36703.533935
6d 1 [12 1.000][575.121 -352.582 431.411 -3.2840 -7.0892 -36.9684][0.792859 -0.594738 0.132893 0.596777 0.801907 0.028327 -0.123415 0.056848 0.990726] 
3d 0 
fr 127472
ts 36703.550604
6d 1 [12 1.000][575.090 -352.611 431.376 -3.2806 -7.1138 -36.9656][0.792847 -0.594687 0.133198 0.596706 0.801949 0.028623 -0.123840 0.056786 0.990676] 
3d 0 
fr 127473
ts 36703.567281
6d 1 [12 1.000][575.090 -352.611 431.376 -3.2806 -7.1138 -36.9656][0.792847 -0.594687 0.133198 0.596706 0.801949 0.028623 -0.123840 0.056786 0.990676] 
3d 0 
fr 127474
ts 36703.583941
6d 1 [12 1.000][575.090 -352.611 431.376 -3.2806 -7.1138 -36.9656][0.792847 -0.594687 0.133198 0.596706 0.801949 0.028623 -0.123840 0.056786 0.990676] 
3d 0 
fr 127475
ts 36703.600611
6d 1 [12 1.000][575.090 -352.611 431.376 -3.2806 -7.1138 -36.9656][0.792847 -0.594687 0.133198 0.596706 0.801949 0.028623 -0.123840 0.056786 0.990676] 
3d 0 
fr 127476
ts 36703.617272
6d 1 [12 1.000][575.157 -352.488 431.381 -3.2817 -7.1122 -36.9670][0.792834 -0.594706 0.133188 0.596728 0.801934 0.028595 -0.123813 0.056805 0.990678] 
3d 0 
fr 127477
ts 36703.633935
6d 1 [12 1.000][575.119 -352.390 431.306 -3.2817 -7.1161 -36.9702][0.792795 -0.594747 0.133240 0.596766 0.801904 0.028643 -0.123881 0.056805 0.990670] 
3d 0 
fr 127478
ts 36703.650596
6d 1 [12 1.000][575.051 -352.555 431.265 -3.2797 -7.1230 -36.9694][0.792790 -0.594736 0.133314 0.596747 0.801914 0.028742 -0.124001 0.056768 0.990657] 
3d 0 
fr 127479
ts 36703.667250
6d 1 [12 1.000][575.107 -352.510 431.323 -3.2775 -7.1160 -36.9711][0.792785 -0.594771 0.133194 0.596780 0.801891 0.028704 -0.123879 0.056732 0.990674] 
3d 0 
fr 127480
ts 36703.683913
6d 1 [12 1.000][575.068 -352.552 431.370 -3.2741 -7.1247 -36.9681][0.792801 -0.594729 0.133279 0.596727 0.801926 0.028835 -0.124029 0.056671 0.990659] 
3d 0 
fr 127481
ts 36703.700557
6d 1 [12 1.000][575.109 -352.540 431.432 -3.2558 -7.1231 -36.9727][0.792756 -0.594838 0.133065 0.596793 0.801868 0.029084 -0.124001 0.056356 0.990680] 
3d 0 
fr 127482
ts 36703.717223
6d 1 [12 1.000][575.104 -352.504 431.361 -3.2711 -7.1234 -36.9737][0.792745 -0.594816 0.133228 0.596806 0.801866 0.028876 -0.124007 0.056620 0.990665] 
3d 0 
fr 127483
ts 36703.733860
6d 1 [12 1.000][575.110 -352.486 431.397 -3.2730 -7.1030 -36.9765][0.792751 -0.594866 0.132965 0.596871 0.801825 0.028645 -0.123654 0.056655 0.990707] 
3d 0 
fr 127484
ts 36703.750527
6d 1 [12 1.000][575.096 -352.663 431.354 -3.2717 -7.1208 -36.9708][0.792779 -0.594776 0.133200 0.596770 0.801894 0.028835 -0.123962 0.056630 0.990670] 
3d 0 
fr 127485
ts 36703.767203
6d 1 [12 1.000][575.092 -352.558 431.359 -3.2664 -7.1224 -36.9757][0.792726 -0.594855 0.133165 0.596835 0.801842 0.028936 -0.123990 0.056539 0.990671] 
3d 0 
fr 127486
ts 36703.783874
6d 1 [12 1.000][575.092 -352.558 431.359 -3.2664 -7.1224 -36.9757][0.792726 -0.594855 0.133165 0.596835 0.801842 0.028936 -0.123990 0.056539 0.990671] 
3d 0 
fr 127487
ts 36703.800553
6d 1 [12 1.000][575.092 -352.558 431.359 -3.2664 -7.1224 -36.9757][0.792726 -0.594855 0.133165 0.596835 0.801842 0.028936 -0.123990 0.056539 0.990671] 
3d 0 
fr 127488
ts 36703.817215
6d 1 [12 1.000][575.085 -352.539 431.357 -3.2672 -7.1233 -36.9751][0.792731 -0.594844 0.133185 0.596825 0.801849 0.028933 -0.124005 0.056552 0.990669] 
3d 0 
fr 127489
ts 36703.833888
6d 1 [12 1.000][575.095 -352.556 431.370 -3.2705 -7.1260 -36.9719][0.792760 -0.594789 0.133258 0.596777 0.801886 0.028907 -0.124052 0.056609 0.990660] 
3d 0 
fr 127490
ts 36703.850548
6d 1 [12 1.000][575.095 -352.556 431.370 -3.2705 -7.1260 -36.9719][0.792760 -0.594789 0.133258 0.596777 0.801886 0.028907 -0.124052 0.056609 0.990660] 
3d 0 
fr 127491
ts 36703.867212
6d 1 [12 1.000][575.095 -352.556 431.370 -3.2705 -7.1260 -36.9719][0.792760 -0.594789 0.133258 0.596777 0.801886 0.028907 -0.124052 0.056609 0.990660] 
3d 0 
fr 127492
ts 36703.883877
6d 1 [12 1.000][575.089 -352.562 431.351 -3.2703 -7.1275 -36.9718][0.792758 -0.594787 0.133278 0.596774 0.801888 0.028925 -0.124078 0.056606 0.990656] 
3d 0 
fr 127493
ts 36703.900535
6d 1 [12 1.000][575.130 -352.544 431.358 -3.2689 -7.1320 -36.9731][0.792736 -0.594806 0.133324 0.596787 0.801876 0.028994 -0.124155 0.056581 0.990648] 
3d 0 
fr 127494
ts 36703.917197
6d 1 [12 1.000][575.130 -352.544 431.358 -3.2689 -7.1320 -36.9731][0.792736 -0.594806 0.133324 0.596787 0.801876 0.028994 -0.124155 0.056581 0.990648] 
3d 0 
fr 127495
ts 36703.933849
6d 1 [12 1.000][575.141 -352.540 431.371 -3.2691 -7.1321 -36.9734][0.792734 -0.594809 0.133328 0.596790 0.801873 0.028994 -0.124158 0.056584 0.990648] 
3d 0 
fr 127496
ts 36703.950511
6d 1 [12 1.000][575.116 -352.564 431.370 -3.2706 -7.1351 -36.9734][0.792728 -0.594803 0.133384 0.596786 0.801876 0.029004 -0.124210 0.056609 0.990640] 
3d 0 
fr 127497
ts 36703.967152
6d 1 [12 1.000][575.116 -352.564 431.370 -3.2706 -7.1351 -36.9734][0.792728 -0.594803 0.133384 0.596786 0.801876 0.029004 -0.124210 0.056609 0.990640] 
3d 0 
fr 127498
ts 36703.983819
6d 1 [12 1.000][575.116 -352.564 431.370 -3.2706 -7.1351 -36.9734][0.792728 -0.594803 0.133384 0.596786 0.801876 0.029004 -0.124210 0.056609 0.990640] 
3d 0 
fr 127499
ts 36704.000507
6d 1 [12 1.000][575.116 -352.564 431.370 -3.2706 -7.1351 -36.9734][0.792728 -0.594803 0.133384 0.596786 0.801876 0.029004 -0.124210 0.056609 0.990640] 
3d 0 
fr 127500
ts 36704.017169
6d 1 [12 1.000][575.116 -352.564 431.370 -3.2706 -7.1351 -36.9734][0.792728 -0.594803 0.133384 0.596786 0.801876 0.029004 -0.124210 0.056609 0.990640] 
3d 0 
fr 127501
ts 36704.033852
6d 1 [12 1.000][575.116 -352.564 431.370 -3.2706 -7.1351 -36.9734][0.792728 -0.594803 0.133384 0.596786 0.801876 0.029004 -0.124210 0.056609 0.990640] 
3d 0 
fr 127502
ts 36704.050514
6d 1 [12 1.000][575.116 -352.564 431.370 -3.2706 -7.1351 -36.9734][0.792728 -0.594803 0.133384 0.596786 0.801876 0.029004 -0.124210 0.056609 0.990640] 
3d 0 
fr 127503
ts 36704.067190
6d 1 [12 1.000][575.116 -352.564 431.370 -3.2706 -7.1351 -36.9734][0.792728 -0.594803 0.133384 0.596786 0.801876 0.029004 -0.124210 0.056609 0.990640] 
3d 0 
fr 127504
ts 36704.083853
6d 1 [12 1.000][575.116 -352.564 431.370 -3.2706 -7.1351 -36.9734][0.792728 -0.594803 0.133384 0.596786 0.801876 0.029004 -0.124210 0.056609 0.990640] 
3d 0 
fr 127505
ts 36704.100521
6d 1 [12 1.000][575.116 -352.564 431.370 -3.2706 -7.1351 -36.9734][0.792728 -0.594803 0.133384 0.596786 0.801876 0.029004 -0.124210 0.056609 0.990640] 
3d 0 
fr 127506
ts 36704.117183
6d 1 [12 1.000][575.116 -352.564 431.370 -3.2706 -7.1351 -36.9734][0.792728 -0.594803 0.133384 0.596786 0.801876 0.029004 -0.124210 0.056609 0.990640] 
3d 0 
fr 127507
ts 36704.133844
6d 1 [12 1.000][575.132 -352.558 431.362 -3.2723 -7.1321 -36.9738][0.792729 -0.594807 0.133361 0.596796 0.801870 0.028950 -0.124158 0.056640 0.990645] 
3d 0 
fr 127508
ts 36704.150507
6d 1 [12 1.000][575.122 -352.570 431.344 -3.2887 -7.1101 -36.9759][0.792745 -0.594816 0.133226 0.596854 0.801843 0.028496 -0.123777 0.056926 0.990676] 
3d 0 
fr 127509
ts 36704.167162
6d 1 [12 1.000][575.122 -352.570 431.344 -3.2887 -7.1101 -36.9759][0.792745 -0.594816 0.133226 0.596854 0.801843 0.028496 -0.123777 0.056926 0.990676] 
3d 0 
fr 127510
ts 36704.183824
6d 1 [12 1.000][575.122 -352.570 431.344 -3.2887 -7.1101 -36.9759][0.792745 -0.594816 0.133226 0.596854 0.801843 0.028496 -0.123777 0.056926 0.990676] 
3d 0 
fr 127511
ts 36704.200469
6d 1 [12 1.000][575.123 -352.473 431.352 -3.2886 -7.1110 -36.9764][0.792738 -0.594822 0.133237 0.596860 0.801839 0.028509 -0.123792 0.056924 0.990674] 
3d 0 
fr 127512
ts 36704.217134
6d 1 [12 1.000][575.104 -352.582 431.332 -3.2871 -7.1187 -36.9751][0.792739 -0.594802 0.133328 0.596832 0.801856 0.028606 -0.123925 0.056897 0.990659] 
3d 0 
fr 127513
ts 36704.233776
6d 1 [12 1.000][575.104 -352.582 431.332 -3.2871 -7.1187 -36.9751][0.792739 -0.594802 0.133328 0.596832 0.801856 0.028606 -0.123925 0.056897 0.990659] 
3d 0 
fr 127514
ts 36704.250438
6d 1 [12 1.000][575.104 -352.582 431.332 -3.2871 -7.1187 -36.9751][0.792739 -0.594802 0.133328 0.596832 0.801856 0.028606 -0.123925 0.056897 0.990659] 
3d 0 
fr 127515
ts 36704.267124
6d 1 [12 1.000][575.104 -352.582 431.332 -3.2871 -7.1187 -36.9751][0.792739 -0.594802 0.133328 0.596832 0.801856 0.028606 -0.123925 0.056897 0.990659] 
3d 0 
fr 127516
ts 36704.283785
6d 1 [12 1.000][575.104 -352.582 431.332 -3.2871 -7.1187 -36.9751][0.792739 -0.594802 0.133328 0.596832 0.801856 0.028606 -0.123925 0.056897 0.990659] 
3d 0 
fr 127517
ts 36704.300463
6d 1 [12 1.000][575.103 -352.535 431.344 -3.2873 -7.1188 -36.9753][0.792737 -0.594804 0.133332 0.596834 0.801855 0.028606 -0.123928 0.056900 0.990658] 
3d 0 
fr 127518
ts 36704.317126
6d 1 [12 1.000][575.091 -352.459 431.337 -3.2883 -7.1191 -36.9758][0.792731 -0.594808 0.133347 0.596841 0.801850 0.028595 -0.123933 0.056919 0.990657] 
3d 0 
fr 127519
ts 36704.333800
6d 1 [12 1.000][575.102 -352.529 431.338 -3.2868 -7.1239 -36.9777][0.792703 -0.594834 0.133395 0.596861 0.801833 0.028671 -0.124015 0.056891 0.990648] 
3d 0 
fr 127520
ts 36704.350460
6d 1 [12 1.000][575.102 -352.529 431.338 -3.2868 -7.1239 -36.9777][0.792703 -0.594834 0.133395 0.596861 0.801833 0.028671 -0.124015 0.056891 0.990648] 
3d 0 
fr 127521
ts 36704.367125
6d 1 [12 1.000][575.128 -352.482 431.354 -3.2871 -7.1220 -36.9791][0.792691 -0.594856 0.133371 0.596883 0.801816 0.028650 -0.123982 0.056896 0.990652] 
3d 0 
fr 127522
ts 36704.383789
6d 1 [12 1.000][575.119 -352.511 431.354 -3.2909 -7.1127 -36.9856][0.792640 -0.594944 0.133280 0.596984 0.801746 0.028515 -0.123821 0.056964 0.990668] 
3d 0 
fr 127523
ts 36704.400448
6d 1 [12 1.000][575.121 -352.587 431.392 -3.2894 -7.1116 -36.9858][0.792639 -0.594952 0.133249 0.596989 0.801742 0.028525 -0.123803 0.056939 0.990672] 
3d 0 
fr 127524
ts 36704.417111
6d 1 [12 1.000][575.115 -352.679 431.364 -3.2876 -7.1109 -36.9845][0.792655 -0.594938 0.133222 0.596971 0.801755 0.028539 -0.123790 0.056908 0.990675] 
3d 0 
fr 127525
ts 36704.433762
6d 1 [12 1.000][575.125 -352.571 431.374 -3.2858 -7.1074 -36.9859][0.792646 -0.594964 0.133153 0.596995 0.801737 0.028533 -0.123730 0.056875 0.990685] 
3d 0 
fr 127526
ts 36704.450424
6d 1 [12 1.000][575.115 -352.545 431.372 -3.2862 -7.1098 -36.9819][0.792683 -0.594906 0.133193 0.596937 0.801780 0.028542 -0.123771 0.056883 0.990679] 
3d 0 
fr 127527
ts 36704.467068
6d 1 [12 1.000][575.120 -352.539 431.382 -3.2759 -7.1010 -36.9828][0.792689 -0.594949 0.132963 0.596961 0.801760 0.028597 -0.123618 0.056705 0.990708] 
3d 0 
fr 127528
ts 36704.483730
6d 1 [12 1.000][575.120 -352.539 431.382 -3.2759 -7.1010 -36.9828][0.792689 -0.594949 0.132963 0.596961 0.801760 0.028597 -0.123618 0.056705 0.990708] 
3d 0 
fr 127529
ts 36704.500417
6d 1 [12 1.000][575.130 -352.479 431.392 -3.2761 -7.1001 -36.9828][0.792691 -0.594949 0.132953 0.596962 0.801760 0.028585 -0.123603 0.056709 0.990710] 
3d 0 
fr 127530
ts 36704.517082
6d 1 [12 1.000][575.117 -352.531 431.383 -3.2789 -7.0980 -36.9801][0.792722 -0.594907 0.132954 0.596928 0.801788 0.028518 -0.123566 0.056757 0.990712] 
3d 0 
fr 127531
ts 36704.533763
6d 1 [12 1.000][575.115 -352.602 431.388 -3.2789 -7.0965 -36.9801][0.792725 -0.594908 0.132935 0.596929 0.801788 0.028502 -0.123541 0.056758 0.990715] 
3d 0 
fr 127532
ts 36704.550428
6d 1 [12 1.000][575.111 -352.587 431.381 -3.2796 -7.0919 -36.9796][0.792738 -0.594903 0.132879 0.596928 0.801790 0.028443 -0.123462 0.056772 0.990724] 
3d 0 
fr 127533
ts 36704.567101
6d 1 [12 1.000][575.111 -352.587 431.381 -3.2796 -7.0919 -36.9796][0.792738 -0.594903 0.132879 0.596928 0.801790 0.028443 -0.123462 0.056772 0.990724] 
3d 0 
fr 127534
ts 36704.583766
6d 1 [12 1.000][575.120 -352.494 431.347 -3.2792 -7.0930 -36.9804][0.792728 -0.594914 0.132888 0.596938 0.801782 0.028462 -0.123480 0.056764 0.990722] 
3d 0 
fr 127535
ts 36704.600435
6d 1 [12 1.000][575.130 -352.534 431.376 -3.2747 -7.0952 -36.9841][0.792686 -0.594974 0.132870 0.596986 0.801743 0.028555 -0.123518 0.056686 0.990722] 
3d 0 
fr 127536
ts 36704.617097
6d 1 [12 1.000][575.122 -352.670 431.363 -3.2745 -7.0990 -36.9838][0.792682 -0.594969 0.132920 0.596978 0.801748 0.028598 -0.123584 0.056681 0.990714] 
3d 0 
fr 127537
ts 36704.633756
6d 1 [12 1.000][575.135 -352.608 431.363 -3.2711 -7.1061 -36.9856][0.792651 -0.594996 0.132982 0.596993 0.801732 0.028724 -0.123707 0.056622 0.990702] 
3d 0 
fr 127538
ts 36704.650421
6d 1 [12 1.000][575.135 -352.608 431.363 -3.2711 -7.1061 -36.9856][0.792651 -0.594996 0.132982 0.596993 0.801732 0.028724 -0.123707 0.056622 0.990702] 
3d 0 
fr 127539
ts 36704.667077
6d 1 [12 1.000][575.132 -352.509 431.436 -3.2698 -7.1071 -36.9858][0.792647 -0.595001 0.132983 0.596995 0.801730 0.028752 -0.123724 0.056600 0.990701] 
3d 0 
fr 127540
ts 36704.683739
6d 1 [12 1.000][575.126 -352.550 431.381 -3.2664 -7.1171 -36.9842][0.792647 -0.594978 0.133087 0.596959 0.801751 0.028900 -0.123897 0.056540 0.990683] 
3d 0 
fr 127541
ts 36704.700386
6d 1 [12 1.000][575.135 -352.507 431.389 -3.2660 -7.1162 -36.9847][0.792643 -0.594987 0.133070 0.596967 0.801745 0.028899 -0.123883 0.056532 0.990685] 
3d 0 
fr 127542
ts 36704.717049
6d 1 [12 1.000][575.129 -352.502 431.382 -3.2652 -7.1178 -36.9856][0.792631 -0.595000 0.133083 0.596978 0.801736 0.028928 -0.123909 0.056518 0.990683] 
3d 0 
fr 127543
ts 36704.733691
6d 1 [12 1.000][575.133 -352.532 431.390 -3.2610 -7.1153 -36.9896][0.792593 -0.595068 0.133004 0.597037 0.801691 0.028970 -0.123867 0.056447 0.990692] 
3d 0 
fr 127544
ts 36704.750353
6d 1 [12 1.000][575.133 -352.532 431.390 -3.2610 -7.1153 -36.9896][0.792593 -0.595068 0.133004 0.597037 0.801691 0.028970 -0.123867 0.056447 0.990692] 
3d 0 
fr 127545
ts 36704.767040
6d 1 [12 1.000][575.133 -352.532 431.390 -3.2610 -7.1153 -36.9896][0.792593 -0.595068 0.133004 0.597037 0.801691 0.028970 -0.123867 0.056447 0.990692] 
3d 0 
fr 127546
ts 36704.783703
6d 1 [12 1.000][575.133 -352.532 431.390 -3.2610 -7.1153 -36.9896][0.792593 -0.595068 0.133004 0.597037 0.801691 0.028970 -0.123867 0.056447 0.990692] 
3d 0 
fr 127547
ts 36704.800382
6d 1 [12 1.000][575.133 -352.532 431.390 -3.2610 -7.1153 -36.9896][0.792593 -0.595068 0.133004 0.597037 0.801691 0.028970 -0.123867 0.056447 0.990692] 
3d 0 
fr 127548
ts 36704.817043
6d 1 [12 1.000][575.115 -352.531 431.333 -3.2627 -7.1166 -36.9895][0.792592 -0.595062 0.133039 0.597034 0.801693 0.028960 -0.123889 0.056475 0.990688] 
3d 0 
fr 127549
ts 36704.833716
6d 1 [12 1.000][575.124 -352.518 431.375 -3.2708 -7.1210 -36.9956][0.792521 -0.595125 0.133180 0.597113 0.801636 0.028906 -0.123965 0.056615 0.990670] 
3d 0 
fr 127550
ts 36704.850375
6d 1 [12 1.000][575.113 -352.521 431.347 -3.2718 -7.1225 -36.9948][0.792527 -0.595110 0.133212 0.597099 0.801646 0.028905 -0.123991 0.056633 0.990666] 
3d 0 
fr 127551
ts 36704.867041
6d 1 [12 1.000][575.129 -352.503 431.370 -3.2750 -7.1295 -36.9936][0.792527 -0.595081 0.133342 0.597074 0.801664 0.028931 -0.124112 0.056686 0.990648] 
3d 0 
fr 127552
ts 36704.883705
6d 1 [12 1.000][575.111 -352.522 431.322 -3.2753 -7.1310 -36.9925][0.792537 -0.595062 0.133366 0.597056 0.801678 0.028940 -0.124138 0.056691 0.990644] 
3d 0 
fr 127553
ts 36704.900365
6d 1 [12 1.000][575.109 -352.545 431.352 -3.2753 -7.1367 -36.9883][0.792570 -0.595000 0.133447 0.596991 0.801724 0.028989 -0.124237 0.056691 0.990632] 
3d 0 
fr 127554
ts 36704.917027
6d 1 [12 1.000][575.109 -352.545 431.352 -3.2753 -7.1367 -36.9883][0.792570 -0.595000 0.133447 0.596991 0.801724 0.028989 -0.124237 0.056691 0.990632] 
3d 0 
fr 127555
ts 36704.933678
6d 1 [12 1.000][575.109 -352.545 431.352 -3.2753 -7.1367 -36.9883][0.792570 -0.595000 0.133447 0.596991 0.801724 0.028989 -0.124237 0.056691 0.990632] 
3d 0 
fr 127556
ts 36704.950341
6d 1 [12 1.000][575.105 -352.627 431.355 -3.2760 -7.1350 -36.9864][0.792593 -0.594973 0.133433 0.596967 0.801743 0.028957 -0.124208 0.056704 0.990635] 
3d 0 
fr 127557
ts 36704.966982
6d 1 [12 1.000][575.112 -352.413 431.359 -3.2779 -7.1298 -36.9858][0.792608 -0.594964 0.133382 0.596965 0.801747 0.028875 -0.124118 0.056738 0.990644] 
3d 0 
fr 127558
ts 36704.983650
6d 1 [12 1.000][575.102 -352.554 431.349 -3.2835 -7.1230 -36.9735][0.792748 -0.594784 0.133351 0.596804 0.801874 0.028697 -0.123999 0.056835 0.990653] 
3d 0 
fr 127559
ts 36705.000339
6d 1 [12 1.000][575.102 -352.554 431.349 -3.2835 -7.1230 -36.9735][0.792748 -0.594784 0.133351 0.596804 0.801874 0.028697 -0.123999 0.056835 0.990653] 
3d 0 
fr 127560
ts 36705.017001
6d 1 [12 1.000][575.113 -352.631 431.384 -3.2834 -7.1210 -36.9724][0.792763 -0.594771 0.133324 0.596791 0.801884 0.028676 -0.123966 0.056834 0.990658] 
3d 0 
fr 127561
ts 36705.033684
6d 1 [12 1.000][575.119 -352.570 431.373 -3.2818 -7.1107 -36.9701][0.792804 -0.594751 0.133165 0.596773 0.801901 0.028586 -0.123787 0.056806 0.990682] 
3d 0 
fr 127562
ts 36705.050345
6d 1 [12 1.000][575.112 -352.599 431.365 -3.2815 -7.1098 -36.9698][0.792809 -0.594747 0.133151 0.596769 0.801904 0.028580 -0.123772 0.056802 0.990684] 
3d 0 
fr 127563
ts 36705.067022
6d 1 [12 1.000][575.112 -352.580 431.360 -3.2791 -7.1048 -36.9683][0.792834 -0.594735 0.133057 0.596755 0.801915 0.028557 -0.123684 0.056761 0.990697] 
3d 0 
fr 127564
ts 36705.083684
6d 1 [12 1.000][575.112 -352.580 431.360 -3.2791 -7.1048 -36.9683][0.792834 -0.594735 0.133057 0.596755 0.801915 0.028557 -0.123684 0.056761 0.990697] 
3d 0 
fr 127565
ts 36705.100349
6d 1 [12 1.000][575.112 -352.580 431.360 -3.2791 -7.1048 -36.9683][0.792834 -0.594735 0.133057 0.596755 0.801915 0.028557 -0.123684 0.056761 0.990697] 
3d 0 
fr 127566
ts 36705.117014
6d 1 [12 1.000][575.112 -352.580 431.360 -3.2791 -7.1048 -36.9683][0.792834 -0.594735 0.133057 0.596755 0.801915 0.028557 -0.123684 0.056761 0.990697] 
3d 0 
fr 127567
ts 36705.133679
6d 1 [12 1.000][575.112 -352.580 431.360 -3.2791 -7.1048 -36.9683][0.792834 -0.594735 0.133057 0.596755 0.801915 0.028557 -0.123684 0.056761 0.990697] 
3d 0 
fr 127568
ts 36705.150340
6d 1 [12 1.000][575.112 -352.580 431.360 -3.2791 -7.1048 -36.9683][0.792834 -0.594735 0.133057 0.596755 0.801915 0.028557 -0.123684 0.056761 0.990697] 
3d 0 
fr 127569
ts 36705.166995
6d 1 [12 1.000][575.112 -352.580 431.360 -3.2791 -7.1048 -36.9683][0.792834 -0.594735 0.133057 0.596755 0.801915 0.028557 -0.123684 0.056761 0.990697] 
3d 0 
fr 127570
ts 36705.183659
6d 1 [12 1.000][575.112 -352.580 431.360 -3.2791 -7.1048 -36.9683][0.792834 -0.594735 0.133057 0.596755 0.801915 0.028557 -0.123684 0.056761 0.990697] 
3d 0 
fr 127571
ts 36705.200307
6d 1 [12 1.000][575.115 -352.451 431.414 -3.2785 -7.1043 -36.9701][0.792816 -0.594762 0.133043 0.596780 0.801896 0.028565 -0.123676 0.056751 0.990698] 
3d 0 
