fr 170037
ts 58752.842089
6d 1 [12 1.000][491.192 -581.543 1255.586 -8.2561 4.7840 -171.8861][-0.986540 -0.127824 0.101976 0.140651 -0.981420 0.130511 0.083399 0.143097 0.986189] 
3d 0 
fr 170038
ts 58752.858752
6d 1 [12 1.000][491.242 -581.889 1255.685 -8.2577 4.8012 -171.9247][-0.986610 -0.127115 0.102185 0.139981 -0.981508 0.130566 0.083699 0.143122 0.986160] 
3d 0 
fr 170039
ts 58752.875437
6d 1 [12 1.000][491.179 -582.219 1255.680 -8.2597 4.8145 -172.0438][-0.986880 -0.125039 0.102145 0.137928 -0.981770 0.130780 0.083931 0.143153 0.986135] 
3d 0 
fr 170040
ts 58752.892104
6d 1 [12 1.000][491.257 -582.162 1255.713 -8.2211 4.8085 -172.0227][-0.986838 -0.125484 0.102007 0.138293 -0.981810 0.130096 0.083826 0.142490 0.986240] 
3d 0 
fr 170041
ts 58752.908786
6d 1 [12 1.000][491.419 -581.924 1255.686 -8.2036 4.8289 -171.9861][-0.986719 -0.126093 0.102399 0.138919 -0.981776 0.129681 0.084181 0.142184 0.986254] 
3d 0 
fr 170042
ts 58752.925447
6d 1 [12 1.000][491.407 -582.152 1255.752 -8.2069 4.8393 -172.0189][-0.986784 -0.125498 0.102508 0.138351 -0.981844 0.129773 0.084361 0.142240 0.986231] 
3d 0 
fr 170043
ts 58752.942124
6d 1 [12 1.000][491.368 -582.615 1255.750 -8.2180 4.8499 -172.1165][-0.987003 -0.123779 0.102492 0.136667 -0.982035 0.130112 0.084546 0.142428 0.986188] 
3d 0 
fr 170044
ts 58752.958786
6d 1 [12 1.000][491.388 -583.143 1255.797 -8.2067 4.8425 -172.2597][-0.987352 -0.121364 0.102016 0.134202 -0.982364 0.130191 0.084416 0.142235 0.986227] 
3d 0 
fr 170045
ts 58752.975455
6d 1 [12 1.000][491.540 -582.993 1255.824 -8.2234 4.8427 -172.2344][-0.987292 -0.121767 0.102113 0.134638 -0.982273 0.130432 0.084421 0.142523 0.986185] 
3d 0 
fr 170046
ts 58752.992118
6d 1 [12 1.000][491.757 -582.658 1255.807 -8.2213 4.8439 -172.1517][-0.987095 -0.123186 0.102318 0.136064 -0.982101 0.130246 0.084442 0.142487 0.986188] 
3d 0 
fr 170047
ts 58753.008775
6d 1 [12 1.000][491.769 -583.021 1255.908 -8.2216 4.8362 -172.2544][-0.987349 -0.121443 0.101952 0.134295 -0.982317 0.130453 0.084307 0.142494 0.986199] 
3d 0 
fr 170048
ts 58753.025440
6d 1 [12 1.000][491.818 -583.050 1255.914 -8.2265 4.8300 -172.2684][-0.987390 -0.121209 0.101825 0.134054 -0.982334 0.130575 0.084200 0.142579 0.986196] 
3d 0 
fr 170049
ts 58753.042096
6d 1 [12 1.000][491.727 -583.487 1255.978 -8.2288 4.8280 -172.3247][-0.987525 -0.120245 0.101668 0.133085 -0.982446 0.130719 0.084165 0.142618 0.986193] 
3d 0 
fr 170050
ts 58753.058758
6d 1 [12 1.000][491.673 -583.911 1256.040 -8.2299 4.8226 -172.4601][-0.987844 -0.117935 0.101268 0.130752 -0.982724 0.130990 0.084070 0.142639 0.986198] 
3d 0 
fr 170051
ts 58753.075407
6d 1 [12 1.000][491.809 -583.813 1256.021 -8.2220 4.8207 -172.4440][-0.987810 -0.118229 0.101256 0.131029 -0.982708 0.130831 0.084037 0.142503 0.986220] 
3d 0 
fr 170052
ts 58753.092068
6d 1 [12 1.000][491.812 -583.774 1256.038 -8.2234 4.8235 -172.4651][-0.987854 -0.117858 0.101260 0.130666 -0.982749 0.130885 0.084087 0.142527 0.986213] 
3d 0 
fr 170053
ts 58753.108706
6d 1 [12 1.000][491.843 -583.604 1256.065 -8.2147 4.8220 -172.4024][-0.987713 -0.118953 0.101359 0.131747 -0.982639 0.130628 0.084060 0.142377 0.986237] 
3d 0 
fr 170054
ts 58753.125373
6d 1 [12 1.000][491.714 -583.831 1256.100 -8.2170 4.8154 -172.4354][-0.987798 -0.118399 0.101175 0.131179 -0.982700 0.130742 0.083945 0.142419 0.986240] 
3d 0 
fr 170055
ts 58753.142055
6d 1 [12 1.000][491.548 -584.069 1256.150 -8.2090 4.8055 -172.4517][-0.987850 -0.118159 0.100953 0.130901 -0.982748 0.130655 0.083773 0.142282 0.986275] 
3d 0 
fr 170056
ts 58753.158720
6d 1 [12 1.000][491.538 -583.933 1256.186 -8.2072 4.8014 -172.4219][-0.987787 -0.118683 0.100947 0.131416 -0.982689 0.130581 0.083702 0.142252 0.986285] 
3d 0 
fr 170057
ts 58753.175401
6d 1 [12 1.000][491.370 -584.145 1256.241 -8.2097 4.7910 -172.4308][-0.987823 -0.118552 0.100755 0.131264 -0.982699 0.130662 0.083521 0.142297 0.986294] 
3d 0 
fr 170058
ts 58753.192063
6d 1 [12 1.000][491.175 -584.497 1256.292 -8.2148 4.7828 -172.4760][-0.987938 -0.117786 0.100521 0.130485 -0.982778 0.130849 0.083378 0.142387 0.986293] 
3d 0 
fr 170059
ts 58753.208731
6d 1 [12 1.000][491.019 -584.857 1256.348 -8.2199 4.7913 -172.5096][-0.988002 -0.117180 0.100600 0.129904 -0.982838 0.130976 0.083526 0.142472 0.986268] 
3d 0 
fr 170060
ts 58753.225398
6d 1 [12 1.000][491.157 -584.261 1256.519 -8.1965 4.7768 -172.3659][-0.987694 -0.119721 0.100632 0.132384 -0.982589 0.130356 0.083274 0.142074 0.986347] 
3d 0 
fr 170061
ts 58753.242059
6d 1 [12 1.000][491.135 -584.132 1256.552 -8.1136 4.7673 -172.2514][-0.987441 -0.121855 0.100555 0.134361 -0.982532 0.128754 0.083110 0.140648 0.986565] 
3d 0 
fr 170062
ts 58753.258726
6d 1 [12 1.000][491.051 -584.383 1256.680 -8.1247 4.7582 -172.2472][-0.987444 -0.121930 0.100433 0.134435 -0.982495 0.128958 0.082951 0.140840 0.986551] 
3d 0 
fr 170063
ts 58753.275380
6d 1 [12 1.000][491.060 -584.561 1256.790 -8.0795 4.7534 -172.2341][-0.987421 -0.122244 0.100283 0.134661 -0.982567 0.128171 0.082867 0.140063 0.986669] 
3d 0 
fr 170064
ts 58753.292045
6d 1 [12 1.000][491.052 -584.759 1256.870 -8.0550 4.7520 -172.2167][-0.987382 -0.122589 0.100246 0.134961 -0.982584 0.127724 0.082843 0.139641 0.986731] 
3d 0 
fr 170065
ts 58753.308698
6d 1 [12 1.000][491.039 -585.091 1256.943 -8.0449 4.7561 -172.2387][-0.987428 -0.122220 0.100245 0.134581 -0.982655 0.127581 0.082914 0.139468 0.986749] 
3d 0 
fr 170066
ts 58753.325360
6d 1 [12 1.000][491.062 -585.432 1257.046 -8.0388 4.7842 -172.2584][-0.987433 -0.121824 0.100669 0.134236 -0.982720 0.127444 0.083404 0.139356 0.986724] 
3d 0 
fr 170067
ts 58753.342001
6d 1 [12 1.000][491.199 -585.399 1257.075 -8.0461 4.8111 -172.1885][-0.987230 -0.122946 0.101298 0.135435 -0.982563 0.127383 0.083870 0.139476 0.986667] 
3d 0 
fr 170068
ts 58753.358665
6d 1 [12 1.000][491.355 -585.378 1257.125 -8.0383 4.8275 -172.1615][-0.987142 -0.123384 0.101622 0.135898 -0.982528 0.127165 0.084156 0.139340 0.986662] 
3d 0 
fr 170069
ts 58753.375353
6d 1 [12 1.000][491.556 -585.406 1257.254 -7.8998 4.8305 -172.1521][-0.987115 -0.123783 0.101395 0.136059 -0.982813 0.124764 0.084209 0.136952 0.986992] 
3d 0 
fr 170070
ts 58753.392019
6d 1 [12 1.000][491.651 -585.467 1257.320 -7.9444 4.8446 -172.1365][-0.987058 -0.123937 0.101765 0.136324 -0.982687 0.125470 0.084453 0.137719 0.986864] 
3d 0 
fr 170071
ts 58753.408698
6d 1 [12 1.000][491.708 -585.813 1257.407 -7.9136 4.8395 -172.2363][-0.987301 -0.122293 0.101394 0.134606 -0.982967 0.125129 0.084364 0.137189 0.986946] 
3d 0 
fr 170072
ts 58753.425364
6d 1 [12 1.000][491.907 -585.992 1257.481 -7.8949 4.8225 -172.2908][-0.987454 -0.121431 0.100946 0.133670 -0.983118 0.124944 0.084070 0.136870 0.987015] 
3d 0 
fr 170073
ts 58753.442038
6d 1 [12 1.000][491.948 -586.359 1257.389 -7.8909 4.8361 -172.3617][-0.987598 -0.120190 0.101014 0.132447 -0.983280 0.124970 0.084305 0.136799 0.987005] 
3d 0 
fr 170074
ts 58753.458703
6d 1 [12 1.000][492.338 -585.790 1257.423 -7.8669 4.8427 -172.2958][-0.987436 -0.121347 0.101221 0.133581 -0.983196 0.124426 0.084421 0.136384 0.987052] 
3d 0 
fr 170075
ts 58753.475369
6d 1 [12 1.000][492.669 -585.442 1257.378 -7.8043 4.8508 -172.2353][-0.987282 -0.122477 0.101357 0.134622 -0.983205 0.123226 0.084562 0.135304 0.987189] 
3d 0 
fr 170076
ts 58753.492034
6d 1 [12 1.000][492.810 -585.542 1257.251 -7.8146 4.8633 -172.2792][-0.987367 -0.121675 0.101497 0.133862 -0.983281 0.123451 0.084780 0.135478 0.987146] 
3d 0 
fr 170077
ts 58753.508697
6d 1 [12 1.000][493.057 -585.407 1257.137 -7.9287 4.8770 -172.2949][-0.987383 -0.121171 0.101939 0.133589 -0.983070 0.125406 0.085017 0.137442 0.986855] 
3d 0 
fr 170078
ts 58753.525358
6d 1 [12 1.000][493.231 -585.505 1257.013 -7.9751 4.8949 -172.3383][-0.987458 -0.120302 0.102247 0.132838 -0.983066 0.126237 0.085329 0.138236 0.986717] 
3d 0 
fr 170079
ts 58753.542014
6d 1 [12 1.000][493.514 -585.230 1256.782 -7.9641 4.9468 -172.3624][-0.987437 -0.119784 0.103056 0.132412 -0.983157 0.125973 0.086230 0.138036 0.986666] 
3d 0 
fr 170080
ts 58753.558678
6d 1 [12 1.000][493.756 -584.922 1256.651 -7.9199 4.9778 -172.3634][-0.987393 -0.119771 0.103491 0.132388 -0.983266 0.125146 0.086770 0.137269 0.986726] 
3d 0 
fr 170081
ts 58753.575325
6d 1 [12 1.000][493.988 -584.470 1256.563 -7.9774 4.9887 -172.3103][-0.987253 -0.120553 0.103914 0.133301 -0.983032 0.126012 0.086959 0.138257 0.986571] 
3d 0 
fr 170082
ts 58753.591986
6d 1 [12 1.000][494.163 -584.444 1256.427 -7.9807 5.0044 -172.3735][-0.987376 -0.119425 0.104050 0.132209 -0.983162 0.126147 0.087232 0.138311 0.986540] 
3d 0 
fr 170083
ts 58753.608626
6d 1 [12 1.000][494.319 -584.036 1256.177 -7.9957 5.0318 -172.3486][-0.987277 -0.119760 0.104603 0.132633 -0.983086 0.126296 0.087709 0.138563 0.986462] 
3d 0 
fr 170084
ts 58753.625290
6d 1 [12 1.000][494.443 -583.838 1256.041 -8.0176 5.0303 -172.3647][-0.987316 -0.119448 0.104588 0.132356 -0.983071 0.126704 0.087683 0.138939 0.986411] 
3d 0 
fr 170085
ts 58753.641978
6d 1 [12 1.000][494.507 -583.396 1255.800 -8.1395 5.0498 -172.3612][-0.987279 -0.119236 0.105182 0.132411 -0.982798 0.128745 0.088021 0.141035 0.986084] 
3d 0 
fr 170086
ts 58753.658640
6d 1 [12 1.000][494.554 -583.352 1255.664 -8.2321 5.0673 -172.3713][-0.987276 -0.118850 0.105649 0.132234 -0.982615 0.130311 0.088325 0.142624 0.985828] 
3d 0 
fr 170087
ts 58753.675320
6d 1 [12 1.000][494.532 -583.092 1255.474 -8.2635 5.0804 -172.3418][-0.987187 -0.119266 0.106006 0.132740 -0.982487 0.130766 0.088554 0.143161 0.985730] 
3d 0 
fr 170088
ts 58753.691976
6d 1 [12 1.000][494.584 -582.920 1255.404 -8.2788 5.0877 -172.3414][-0.987175 -0.119226 0.106164 0.132745 -0.982454 0.131011 0.088681 0.143423 0.985680] 
3d 0 
fr 170089
ts 58753.708655
6d 1 [12 1.000][494.601 -582.628 1255.331 -8.3437 5.0682 -172.3148][-0.987143 -0.119610 0.106026 0.133207 -0.982243 0.132120 0.088341 0.144544 0.985547] 
3d 0 
fr 170090
ts 58753.725318
6d 1 [12 1.000][494.572 -582.729 1255.245 -8.3779 5.0740 -172.3281][-0.987165 -0.119306 0.106166 0.132978 -0.982193 0.132716 0.088442 0.145131 0.985452] 
3d 0 
fr 170091
ts 58753.741983
6d 1 [12 1.000][494.543 -582.522 1255.095 -8.4294 5.0824 -172.3116][-0.987114 -0.119470 0.106455 0.133259 -0.982042 0.133550 0.088588 0.146015 0.985308] 
3d 0 
fr 170092
ts 58753.758644
6d 1 [12 1.000][494.466 -582.545 1255.166 -8.4650 5.0769 -172.3079][-0.987114 -0.119482 0.106444 0.133325 -0.981949 0.134165 0.088492 0.146628 0.985226] 
3d 0 
fr 170093
ts 58753.775301
6d 1 [12 1.000][494.481 -582.341 1255.171 -8.3758 5.0691 -172.2858][-0.987074 -0.120046 0.106176 0.133707 -0.982108 0.132613 0.088356 0.145095 0.985465] 
3d 0 
fr 170094
ts 58753.791965
6d 1 [12 1.000][494.425 -582.504 1255.229 -8.3671 5.0605 -172.3031][-0.987128 -0.119788 0.105972 0.133411 -0.982161 0.132516 0.088208 0.144948 0.985500] 
3d 0 
fr 170095
ts 58753.808615
6d 1 [12 1.000][494.380 -582.316 1255.201 -8.3843 5.0617 -172.2781][-0.987068 -0.120180 0.106086 0.133840 -0.982070 0.132761 0.088229 0.145243 0.985454] 
3d 0 
fr 170096
ts 58753.825280
6d 1 [12 1.000][494.253 -582.572 1255.291 -8.3555 5.0558 -172.3117][-0.987155 -0.119673 0.105847 0.133263 -0.982205 0.132343 0.088125 0.144748 0.985536] 
3d 0 
fr 170097
ts 58753.841921
6d 1 [12 1.000][494.178 -582.478 1255.287 -8.3523 5.0440 -172.3048][-0.987157 -0.119827 0.105656 0.133385 -0.982194 0.132303 0.087921 0.144696 0.985562] 
3d 0 
fr 170098
ts 58753.858587
6d 1 [12 1.000][494.087 -582.450 1255.339 -8.3333 5.0329 -172.3008][-0.987164 -0.119957 0.105435 0.133455 -0.982225 0.131996 0.087727 0.144373 0.985627] 
3d 0 
fr 170099
ts 58753.875274
6d 1 [12 1.000][493.939 -582.513 1255.349 -8.3308 5.0204 -172.2954][-0.987171 -0.120086 0.105230 0.133551 -0.982216 0.131972 0.087511 0.144333 0.985652] 
3d 0 
fr 170100
ts 58753.891941
6d 1 [12 1.000][493.744 -582.614 1255.400 -8.3371 5.0042 -172.2986][-0.987203 -0.120061 0.104959 0.133500 -0.982202 0.132123 0.087229 0.144444 0.985661] 
3d 0 
fr 170101
ts 58753.908624
6d 1 [12 1.000][493.583 -582.691 1255.511 -8.3522 4.9728 -172.3055][-0.987266 -0.119992 0.104440 0.133386 -0.982171 0.132467 0.086683 0.144711 0.985670] 
3d 0 
fr 170102
ts 58753.925285
6d 1 [12 1.000][493.565 -582.500 1255.495 -8.3193 4.9556 -172.3115][-0.987306 -0.119994 0.104064 0.133288 -0.982254 0.131953 0.086383 0.144148 0.985778] 
3d 0 
fr 170103
ts 58753.941962
6d 1 [12 1.000][493.358 -582.501 1255.443 -8.3126 4.9442 -172.3161][-0.987333 -0.119955 0.103846 0.133210 -0.982275 0.131873 0.086186 0.144036 0.985812] 
3d 0 
fr 170104
ts 58753.958624
6d 1 [12 1.000][493.241 -582.398 1255.436 -8.3226 4.9337 -172.3467][-0.987420 -0.119437 0.103616 0.132684 -0.982313 0.132125 0.086003 0.144211 0.985803] 
3d 0 
fr 170105
ts 58753.975294
6d 1 [12 1.000][493.012 -582.484 1255.445 -8.3260 4.9162 -172.3722][-0.987505 -0.119038 0.103266 0.132249 -0.982352 0.132268 0.085699 0.144272 0.985820] 
3d 0 
fr 170106
ts 58753.991957
6d 1 [12 1.000][492.950 -582.284 1255.387 -8.3092 4.9010 -172.3905][-0.987570 -0.118792 0.102931 0.131936 -0.982424 0.132048 0.085435 0.143987 0.985885] 
3d 0 
fr 170107
ts 58754.008615
6d 1 [12 1.000][492.755 -582.034 1255.344 -8.3056 4.9010 -172.3789][-0.987543 -0.118998 0.102949 0.132136 -0.982408 0.131965 0.085434 0.143924 0.985894] 
3d 0 
fr 170108
ts 58754.025280
6d 1 [12 1.000][492.571 -582.071 1255.334 -8.3113 4.8850 -172.3903][-0.987593 -0.118833 0.102661 0.131944 -0.982413 0.132120 0.085155 0.144026 0.985903] 
3d 0 
fr 170109
ts 58754.041936
6d 1 [12 1.000][492.343 -582.134 1255.340 -8.3274 4.8637 -172.3805][-0.987601 -0.119025 0.102355 0.132117 -0.982348 0.132427 0.084786 0.144308 0.985894] 
3d 0 
fr 170110
ts 58754.058598
6d 1 [12 1.000][492.257 -581.918 1255.217 -8.4255 4.8526 -172.3803][-0.987617 -0.118881 0.102369 0.132122 -0.982116 0.134133 0.084592 0.145998 0.985662] 
3d 0 
fr 170111
ts 58754.075244
6d 1 [12 1.000][492.063 -581.779 1255.111 -8.3758 4.8457 -172.2969][-0.987434 -0.120416 0.102343 0.133560 -0.982055 0.133149 0.084473 0.145145 0.985798] 
3d 0 
fr 170112
ts 58754.091909
6d 1 [12 1.000][491.960 -581.632 1255.155 -8.3618 4.8383 -172.2808][-0.987407 -0.120735 0.102224 0.133839 -0.982052 0.132898 0.084343 0.144906 0.985844] 
3d 0 
fr 170113
ts 58754.108548
6d 1 [12 1.000][491.923 -581.503 1255.153 -8.3906 4.8308 -172.2385][-0.987319 -0.121428 0.102254 0.134570 -0.981893 0.133332 0.084213 0.145402 0.985782] 
3d 0 
fr 170114
ts 58754.125213
6d 1 [12 1.000][491.805 -581.628 1255.167 -8.3799 4.8222 -172.2702][-0.987406 -0.120926 0.102012 0.134025 -0.981982 0.133225 0.084064 0.145220 0.985822] 
3d 0 
fr 170115
ts 58754.141901
6d 1 [12 1.000][491.577 -581.798 1255.087 -8.4039 4.8440 -172.2625][-0.987356 -0.120961 0.102453 0.134155 -0.981917 0.133573 0.084443 0.145629 0.985729] 
3d 0 
fr 170116
ts 58754.158562
6d 1 [12 1.000][491.536 -581.799 1255.070 -8.3693 4.8435 -172.2620][-0.987356 -0.121031 0.102373 0.134162 -0.981996 0.132980 0.084435 0.145033 0.985818] 
3d 0 
fr 170117
ts 58754.175243
6d 1 [12 1.000][491.633 -581.309 1255.132 -8.3660 4.8139 -172.2230][-0.987307 -0.121780 0.101951 0.134840 -0.981911 0.132923 0.083920 0.144983 0.985869] 
3d 0 
fr 170118
ts 58754.191904
6d 1 [12 1.000][491.585 -581.472 1255.236 -8.3733 4.8026 -172.2356][-0.987353 -0.121579 0.101746 0.134625 -0.981917 0.133097 0.083724 0.145112 0.985867] 
3d 0 
fr 170119
ts 58754.208574
6d 1 [12 1.000][491.431 -581.767 1255.160 -8.3859 4.8020 -172.2602][-0.987412 -0.121137 0.101703 0.134201 -0.981940 0.133358 0.083712 0.145328 0.985836] 
3d 0 
fr 170120
ts 58754.225240
6d 1 [12 1.000][491.504 -581.695 1255.112 -8.4208 4.8035 -172.3164][-0.987541 -0.120108 0.101672 0.133233 -0.981977 0.134052 0.083738 0.145928 0.985745] 
3d 0 
fr 170121
ts 58754.241905
6d 1 [12 1.000][491.597 -581.435 1254.998 -8.4071 4.8084 -172.2505][-0.987380 -0.121250 0.101880 0.134368 -0.981872 0.133688 0.083824 0.145690 0.985773] 
3d 0 
fr 170122
ts 58754.258568
6d 1 [12 1.000][491.762 -581.277 1255.045 -8.4052 4.8089 -172.2467][-0.987370 -0.121316 0.101894 0.134433 -0.981869 0.133647 0.083833 0.145657 0.985777] 
3d 0 
fr 170123
ts 58754.275225
6d 1 [12 1.000][491.796 -581.300 1254.903 -8.4156 4.8488 -172.2443][-0.987306 -0.121240 0.102602 0.134467 -0.981853 0.133729 0.084527 0.145828 0.985692] 
3d 0 
fr 170124
ts 58754.291889
6d 1 [12 1.000][491.789 -581.470 1254.848 -8.4262 4.8624 -172.2882][-0.987389 -0.120433 0.102754 0.133707 -0.981925 0.133958 0.084763 0.146008 0.985645] 
3d 0 
fr 170125
ts 58754.308543
6d 1 [12 1.000][491.748 -581.651 1254.734 -8.5390 4.8772 -172.3681][-0.987553 -0.118823 0.103052 0.132327 -0.981832 0.136000 0.085020 0.147944 0.985335] 
3d 0 
fr 170126
ts 58754.325205
6d 1 [12 1.000][491.683 -581.951 1254.736 -8.5467 4.8861 -172.4353][-0.987695 -0.117635 0.103061 0.131166 -0.981955 0.136233 0.085175 0.148075 0.985301] 
3d 0 
fr 170127
ts 58754.341850
6d 1 [12 1.000][491.902 -581.426 1254.596 -8.5600 4.9061 -172.3684][-0.987511 -0.118708 0.103588 0.132317 -0.981792 0.136296 0.085522 0.148300 0.985238] 
3d 0 
fr 170128
ts 58754.358510
6d 1 [12 1.000][492.176 -580.809 1254.584 -8.4478 4.9113 -172.2736][-0.987283 -0.120520 0.103666 0.133949 -0.981861 0.134189 0.085613 0.146369 0.985518] 
3d 0 
fr 170129
ts 58754.375200
6d 1 [12 1.000][492.193 -580.921 1254.636 -8.4686 4.9035 -172.3238][-0.987412 -0.119642 0.103459 0.133085 -0.981915 0.134655 0.085478 0.146729 0.985477] 
3d 0 
fr 170130
ts 58754.391864
6d 1 [12 1.000][492.181 -580.902 1254.526 -8.5251 4.8996 -172.3255][-0.987421 -0.119521 0.103507 0.133057 -0.981784 0.135635 0.085410 0.147702 0.985337] 
3d 0 
fr 170131
ts 58754.408549
6d 1 [12 1.000][492.168 -581.112 1254.491 -8.5413 4.9084 -172.3412][-0.987445 -0.119201 0.103654 0.132785 -0.981781 0.135920 0.085564 0.147977 0.985283] 
3d 0 
fr 170132
ts 58754.425211
6d 1 [12 1.000][492.152 -581.323 1254.457 -8.5624 4.9174 -172.4176][-0.987607 -0.117831 0.103669 0.131467 -0.981892 0.136400 0.085720 0.148339 0.985215] 
3d 0 
fr 170133
ts 58754.441887
6d 1 [12 1.000][492.106 -581.569 1254.408 -8.5862 4.9269 -172.4703][-0.987714 -0.116860 0.103754 0.130556 -0.981946 0.136881 0.085885 0.148745 0.985139] 
3d 0 
fr 170134
ts 58754.458549
6d 1 [12 1.000][492.345 -581.008 1254.342 -8.6150 4.9390 -172.3952][-0.987524 -0.118063 0.104199 0.131848 -0.981728 0.137211 0.086096 0.149238 0.985046] 
3d 0 
fr 170135
ts 58754.475215
6d 1 [12 1.000][492.577 -580.489 1254.290 -8.4757 4.9469 -172.2911][-0.987271 -0.120080 0.104291 0.133641 -0.981844 0.134617 0.086233 0.146841 0.985394] 
3d 0 
fr 170136
ts 58754.491881
6d 1 [12 1.000][492.596 -580.593 1254.381 -8.5128 4.9467 -172.3468][-0.987401 -0.119059 0.104233 0.132681 -0.981873 0.135354 0.086228 0.147479 0.985299] 
3d 0 
fr 170137
ts 58754.508543
6d 1 [12 1.000][492.573 -580.627 1254.321 -8.5515 4.9495 -172.3428][-0.987388 -0.119049 0.104370 0.132749 -0.981774 0.136004 0.086277 0.148144 0.985195] 
3d 0 
fr 170138
ts 58754.525206
6d 1 [12 1.000][492.425 -580.826 1254.363 -8.5482 4.9446 -172.3682][-0.987453 -0.118633 0.104221 0.132313 -0.981833 0.136005 0.086193 0.148088 0.985211] 
3d 0 
fr 170139
ts 58754.541858
6d 1 [12 1.000][492.360 -580.951 1254.364 -8.5921 4.9117 -172.3960][-0.987566 -0.118162 0.103684 0.131840 -0.981774 0.136883 0.085620 0.148851 0.985146] 
3d 0 
fr 170140
ts 58754.558524
6d 1 [12 1.000][492.252 -581.222 1254.291 -8.6122 4.9144 -172.4842][-0.987764 -0.116607 0.103561 0.130320 -0.981908 0.137381 0.085667 0.149196 0.985090] 
3d 0 
fr 170141
ts 58754.575174
6d 1 [12 1.000][492.248 -581.335 1254.324 -8.6209 4.9123 -172.5316][-0.987875 -0.115783 0.103428 0.129501 -0.981983 0.137620 0.085631 0.149345 0.985070] 
3d 0 
fr 170142
ts 58754.591835
6d 1 [12 1.000][492.403 -580.675 1254.235 -8.6413 4.9195 -172.4361][-0.987647 -0.117365 0.103821 0.131146 -0.981742 0.137780 0.085755 0.149694 0.985007] 
3d 0 
fr 170143
ts 58754.608478
6d 1 [12 1.000][492.553 -580.111 1254.214 -8.6259 4.9288 -172.2581][-0.987221 -0.120419 0.104376 0.134213 -0.981413 0.137171 0.085918 0.149427 0.985033] 
3d 0 
fr 170144
ts 58754.625140
6d 1 [12 1.000][492.508 -580.216 1254.218 -8.5598 4.9222 -172.2941][-0.987315 -0.119938 0.104038 0.133593 -0.981644 0.136121 0.085802 0.148293 0.985214] 
3d 0 
fr 170145
ts 58754.641827
6d 1 [12 1.000][492.490 -580.028 1254.197 -8.6276 4.9171 -172.2309][-0.987174 -0.120911 0.104245 0.134683 -0.981347 0.137178 0.085714 0.149459 0.985046] 
3d 0 
fr 170146
ts 58754.658491
6d 1 [12 1.000][492.342 -580.386 1254.205 -8.6409 4.9082 -172.3029][-0.987356 -0.119677 0.103948 0.133445 -0.981463 0.137559 0.085559 0.149691 0.985024] 
3d 0 
fr 170147
ts 58754.675170
6d 1 [12 1.000][492.276 -580.667 1254.186 -8.6446 4.9063 -172.3902][-0.987561 -0.118180 0.103715 0.131941 -0.981635 0.137784 0.085527 0.149754 0.985017] 
3d 0 
fr 170148
ts 58754.691832
6d 1 [12 1.000][492.244 -580.684 1254.184 -8.6613 4.8991 -172.3955][-0.987584 -0.118078 0.103613 0.131851 -0.981603 0.138095 0.085401 0.150042 0.984984] 
3d 0 
fr 170149
ts 58754.708505
6d 1 [12 1.000][492.055 -581.013 1254.190 -8.6719 4.8933 -172.4611][-0.987743 -0.116950 0.103378 0.130721 -0.981710 0.138410 0.085301 0.150227 0.984965] 
3d 0 
fr 170150
ts 58754.725167
6d 1 [12 1.000][492.223 -580.395 1254.183 -8.6782 4.8893 -172.3352][-0.987459 -0.119105 0.103627 0.132892 -0.981434 0.138299 0.085231 0.150336 0.984954] 
3d 0 
fr 170151
ts 58754.741834
6d 1 [12 1.000][492.398 -579.841 1254.217 -8.5382 4.8782 -172.2237][-0.987215 -0.121296 0.103411 0.134815 -0.981531 0.135725 0.085039 0.147931 0.985335] 
3d 0 
fr 170152
ts 58754.758496
6d 1 [12 1.000][492.401 -579.943 1254.294 -8.5538 4.8664 -172.2565][-0.987309 -0.120737 0.103166 0.134253 -0.981559 0.136079 0.084833 0.148202 0.985312] 
3d 0 
fr 170153
ts 58754.775154
6d 1 [12 1.000][492.265 -580.351 1254.248 -8.6257 4.8601 -172.3060][-0.987434 -0.119775 0.103091 0.133400 -0.981489 0.137415 0.084724 0.149440 0.985134] 
3d 0 
fr 170154
ts 58754.791816
6d 1 [12 1.000][492.390 -580.149 1254.225 -8.6057 4.8617 -172.2946][-0.987405 -0.120004 0.103103 0.133598 -0.981514 0.137048 0.084751 0.149096 0.985184] 
3d 0 
fr 170155
ts 58754.808471
6d 1 [12 1.000][492.402 -580.249 1254.150 -8.6150 4.8643 -172.2930][-0.987398 -0.120006 0.103171 0.133624 -0.981489 0.137198 0.084797 0.149255 0.985156] 
3d 0 
fr 170156
ts 58754.825133
6d 1 [12 1.000][492.561 -580.205 1254.125 -8.5870 4.8689 -172.2873][-0.987378 -0.120143 0.103204 0.133721 -0.981546 0.136696 0.084877 0.148772 0.985222] 
3d 0 
fr 170157
ts 58754.841774
6d 1 [12 1.000][492.679 -580.125 1254.099 -8.5198 4.9004 -172.2845][-0.987325 -0.120232 0.103606 0.133764 -0.981711 0.135468 0.085424 0.147610 0.985350] 
3d 0 
fr 170158
ts 58754.858439
6d 1 [12 1.000][492.746 -580.039 1254.145 -8.5678 4.9018 -172.2725][-0.987294 -0.120347 0.103760 0.133970 -0.981572 0.136265 0.085449 0.148435 0.985224] 
3d 0 
fr 170159
ts 58754.875129
6d 1 [12 1.000][492.684 -580.325 1254.114 -8.5853 4.9093 -172.2827][-0.987308 -0.120120 0.103899 0.133792 -0.981555 0.136566 0.085578 0.148734 0.985167] 
3d 0 
fr 170160
ts 58754.891793
6d 1 [12 1.000][492.673 -580.635 1254.103 -8.5878 4.9221 -172.4162][-0.987597 -0.117796 0.103805 0.131490 -0.981830 0.136822 0.085801 0.148774 0.985142] 
3d 0 
fr 170161
ts 58754.908478
6d 1 [12 1.000][492.786 -580.429 1254.125 -8.5728 4.9192 -172.3791][-0.987516 -0.118467 0.103813 0.132130 -0.981788 0.136504 0.085751 0.148517 0.985185] 
3d 0 
fr 170162
ts 58754.925139
6d 1 [12 1.000][492.807 -580.336 1254.107 -8.5715 4.9110 -172.3592][-0.987483 -0.118832 0.103717 0.132475 -0.981747 0.136464 0.085608 0.148496 0.985201] 
3d 0 
fr 170163
ts 58754.941817
6d 1 [12 1.000][492.869 -580.175 1254.107 -8.5528 4.9144 -172.3490][-0.987454 -0.119031 0.103760 0.132649 -0.981772 0.136118 0.085667 0.148174 0.985244] 
3d 0 
fr 170164
ts 58754.958478
6d 1 [12 1.000][492.868 -580.288 1254.102 -8.5510 4.9146 -172.3496][-0.987455 -0.119023 0.103759 0.132639 -0.981777 0.136088 0.085671 0.148144 0.985248] 
3d 0 
fr 170165
ts 58754.975145
6d 1 [12 1.000][492.666 -580.580 1254.089 -8.6454 4.9182 -172.3465][-0.987442 -0.118897 0.104024 0.132692 -0.981547 0.137691 0.085734 0.149765 0.984998] 
3d 0 
fr 170166
ts 58754.991808
6d 1 [12 1.000][492.679 -580.401 1254.074 -8.6696 4.9222 -172.3455][-0.987434 -0.118858 0.104145 0.132707 -0.981488 0.138094 0.085803 0.150180 0.984928] 
3d 0 
fr 170167
ts 58755.008473
6d 1 [12 1.000][492.768 -580.265 1254.074 -8.5800 4.9206 -172.3441][-0.987434 -0.119049 0.103935 0.132732 -0.981699 0.136561 0.085775 0.148641 0.985164] 
3d 0 
fr 170168
ts 58755.025135
6d 1 [12 1.000][492.756 -580.072 1254.060 -8.5720 4.9193 -172.2506][-0.987217 -0.120670 0.104119 0.134344 -0.981522 0.136257 0.085753 0.148503 0.985187] 
3d 0 
fr 170169
ts 58755.041787
6d 1 [12 1.000][492.782 -580.032 1254.052 -8.5936 4.9190 -172.2497][-0.987216 -0.120646 0.104161 0.134359 -0.981469 0.136626 0.085747 0.148875 0.985131] 
3d 0 
fr 170170
ts 58755.058453
6d 1 [12 1.000][492.754 -580.242 1254.048 -8.5897 4.9177 -172.2766][-0.987281 -0.120197 0.104066 0.133897 -0.981534 0.136611 0.085725 0.148807 0.985144] 
3d 0 
fr 170171
ts 58755.075103
6d 1 [12 1.000][492.626 -580.604 1254.036 -8.6020 4.9177 -172.3155][-0.987371 -0.119508 0.104000 0.133226 -0.981586 0.136892 0.085725 0.149018 0.985111] 
3d 0 
fr 170172
ts 58755.091766
6d 1 [12 1.000][492.640 -580.833 1253.924 -8.6496 4.9255 -172.4003][-0.987556 -0.117948 0.104027 0.131763 -0.981650 0.137844 0.085860 0.149836 0.984976] 
3d 0 
fr 170173
ts 58755.108408
6d 1 [12 1.000][492.672 -581.067 1253.976 -8.6529 4.9276 -172.4710][-0.987715 -0.116725 0.103900 0.130543 -0.981788 0.138025 0.085897 0.149892 0.984964] 
3d 0 
fr 170174
ts 58755.125069
6d 1 [12 1.000][492.791 -580.748 1253.941 -8.6618 4.9326 -172.4053][-0.987557 -0.117822 0.104162 0.131676 -0.981634 0.138047 0.085984 0.150044 0.984933] 
3d 0 
fr 170175
ts 58755.141758
6d 1 [12 1.000][493.085 -580.260 1253.953 -8.5060 4.9316 -172.3368][-0.987400 -0.119280 0.103985 0.132855 -0.981863 0.135255 0.085966 0.147366 0.985339] 
3d 0 
fr 170176
ts 58755.158419
6d 1 [12 1.000][493.099 -580.371 1254.039 -8.5735 4.9259 -172.3489][-0.987437 -0.118966 0.104001 0.132649 -0.981726 0.136447 0.085868 0.148528 0.985173] 
3d 0 
fr 170177
ts 58755.175100
6d 1 [12 1.000][493.094 -580.534 1254.006 -8.5863 4.9278 -172.3773][-0.987499 -0.118452 0.103992 0.132160 -0.981755 0.136713 0.085900 0.148748 0.985137] 
3d 0 
fr 170178
ts 58755.191763
6d 1 [12 1.000][493.090 -580.869 1254.075 -8.5809 4.9282 -172.4232][-0.987605 -0.117673 0.103877 0.131367 -0.981863 0.136703 0.085907 0.148654 0.985151] 
3d 0 
fr 170179
ts 58755.208431
6d 1 [12 1.000][493.036 -581.138 1254.031 -8.5963 4.9320 -172.5136][-0.987805 -0.116087 0.103757 0.129809 -0.982012 0.137122 0.085973 0.148919 0.985105] 
3d 0 
fr 170180
ts 58755.225099
6d 1 [12 1.000][493.142 -581.001 1254.020 -8.5912 4.9350 -172.4837][-0.987732 -0.116601 0.103870 0.130324 -0.981964 0.136973 0.086025 0.148830 0.985114] 
3d 0 
fr 170181
ts 58755.241765
6d 1 [12 1.000][493.172 -580.838 1254.060 -8.5608 4.9368 -172.4783][-0.987718 -0.116743 0.103851 0.130415 -0.982027 0.136439 0.086056 0.148307 0.985190] 
3d 0 
fr 170182
ts 58755.258426
6d 1 [12 1.000][493.175 -580.590 1254.153 -8.5459 4.9326 -172.3707][-0.987477 -0.118625 0.104005 0.132271 -0.981840 0.135998 0.085983 0.148052 0.985235] 
3d 0 
fr 170183
ts 58755.275087
6d 1 [12 1.000][493.035 -580.820 1254.127 -8.5775 4.9305 -172.4067][-0.987563 -0.117956 0.103949 0.131652 -0.981838 0.136610 0.085947 0.148596 0.985156] 
3d 0 
fr 170184
ts 58755.291749
6d 1 [12 1.000][492.898 -581.208 1254.136 -8.5785 4.9336 -172.4695][-0.987702 -0.116870 0.103854 0.130568 -0.981965 0.136733 0.086001 0.148612 0.985149] 
3d 0 
fr 170185
ts 58755.308402
6d 1 [12 1.000][493.023 -580.666 1254.164 -8.5612 4.9304 -172.3657][-0.987469 -0.118689 0.104011 0.132358 -0.981792 0.136255 0.085946 0.148314 0.985199] 
3d 0 
fr 170186
ts 58755.325063
6d 1 [12 1.000][493.066 -580.556 1254.206 -8.4751 4.9251 -172.3627][-0.987470 -0.118910 0.103749 0.132411 -0.981988 0.134787 0.085853 0.146836 0.985428] 
3d 0 
fr 170187
ts 58755.341710
6d 1 [12 1.000][492.876 -580.681 1254.198 -8.5327 4.9256 -172.3627][-0.987469 -0.118804 0.103877 0.132411 -0.981852 0.135773 0.085862 0.147826 0.985279] 
3d 0 
fr 170188
ts 58755.358373
6d 1 [12 1.000][492.714 -580.976 1254.204 -8.5380 4.9254 -172.3796][-0.987508 -0.118505 0.103844 0.132119 -0.981874 0.135895 0.085858 0.147917 0.985266] 
3d 0 
fr 170189
ts 58755.375060
6d 1 [12 1.000][492.706 -580.724 1254.188 -8.6199 4.9273 -172.3335][-0.987399 -0.119141 0.104158 0.132914 -0.981584 0.137210 0.085892 0.149325 0.985051] 
3d 0 
fr 170190
ts 58755.391724
6d 1 [12 1.000][492.665 -580.704 1254.208 -8.5762 4.9223 -172.3416][-0.987425 -0.119096 0.103961 0.132776 -0.981704 0.136487 0.085804 0.148574 0.985172] 
3d 0 
fr 170191
ts 58755.408410
6d 1 [12 1.000][492.689 -580.509 1254.217 -8.5432 4.9184 -172.3168][-0.987373 -0.119590 0.103886 0.133204 -0.981729 0.135886 0.085737 0.148008 0.985263] 
3d 0 
fr 170192
ts 58755.425072
6d 1 [12 1.000][492.606 -580.514 1254.241 -8.5642 4.9108 -172.2999][-0.987345 -0.119860 0.103840 0.133496 -0.981641 0.136233 0.085605 0.148371 0.985220] 
3d 0 
fr 170193
ts 58755.441749
6d 1 [12 1.000][492.448 -580.881 1254.307 -8.5903 4.9029 -172.3227][-0.987410 -0.119444 0.103705 0.133105 -0.981624 0.136738 0.085467 0.148821 0.985164] 
3d 0 
fr 170194
ts 58755.458410
6d 1 [12 1.000][492.346 -581.284 1254.381 -8.6073 4.8948 -172.4715][-0.987764 -0.116884 0.103247 0.130542 -0.981887 0.137319 0.085326 0.149116 0.985131] 
3d 0 
fr 170195
ts 58755.475076
6d 1 [12 1.000][492.296 -581.543 1254.392 -8.6368 4.8888 -172.5198][-0.987883 -0.116019 0.103089 0.129711 -0.981913 0.137923 0.085222 0.149624 0.985063] 
3d 0 
fr 170196
ts 58755.491742
6d 1 [12 1.000][492.381 -581.291 1254.375 -8.6573 4.8876 -172.4511][-0.987728 -0.117162 0.103275 0.130895 -0.981723 0.138154 0.085201 0.149977 0.985012] 
3d 0 
fr 170197
ts 58755.508403
6d 1 [12 1.000][492.623 -580.907 1254.421 -8.5318 4.8830 -172.3849][-0.987583 -0.118534 0.103096 0.132037 -0.981885 0.135895 0.085120 0.147821 0.985344] 
3d 0 
fr 170198
ts 58755.525069
6d 1 [12 1.000][492.588 -581.140 1254.557 -8.5253 4.8758 -172.4310][-0.987700 -0.117773 0.102852 0.131243 -0.981994 0.135882 0.084996 0.147709 0.985372] 
3d 0 
fr 170199
ts 58755.541723
6d 1 [12 1.000][492.653 -581.220 1254.625 -8.5619 4.8677 -172.4291][-0.987707 -0.117762 0.102792 0.131278 -0.981900 0.136525 0.084854 0.148341 0.985289] 
3d 0 
fr 170200
ts 58755.558386
6d 1 [12 1.000][492.523 -581.606 1254.627 -8.5525 4.8655 -172.4296][-0.987712 -0.117776 0.102734 0.131269 -0.981923 0.136369 0.084816 0.148179 0.985317] 
3d 0 
fr 170201
ts 58755.575036
6d 1 [12 1.000][492.492 -581.915 1254.659 -8.5395 4.8654 -172.5546][-0.987996 -0.115657 0.102410 0.129115 -0.982208 0.136370 0.084816 0.147955 0.985350] 
3d 0 
fr 170202
ts 58755.591697
6d 1 [12 1.000][492.441 -582.053 1254.693 -8.5735 4.8628 -172.5353][-0.987956 -0.115933 0.102481 0.129448 -0.982087 0.136925 0.084771 0.148542 0.985266] 
3d 0 
fr 170203
ts 58755.608340
6d 1 [12 1.000][492.514 -581.747 1254.621 -8.5809 4.8629 -172.5064][-0.987891 -0.116416 0.102565 0.129946 -0.982011 0.137000 0.084771 0.148669 0.985247] 
3d 0 
fr 170204
ts 58755.625003
6d 1 [12 1.000][492.829 -581.262 1254.663 -8.5247 4.8609 -172.3798][-0.987604 -0.118690 0.102718 0.132128 -0.981884 0.135815 0.084737 0.147703 0.985395] 
3d 0 
fr 170205
ts 58755.641687
6d 1 [12 1.000][492.838 -581.376 1254.737 -8.4848 4.8601 -172.3903][-0.987629 -0.118584 0.102596 0.131947 -0.982000 0.135151 0.084722 0.147016 0.985499] 
3d 0 
fr 170206
ts 58755.658353
6d 1 [12 1.000][492.978 -581.402 1254.730 -8.5285 4.8624 -172.4058][-0.987662 -0.118235 0.102690 0.131681 -0.981929 0.135923 0.084763 0.147768 0.985383] 
3d 0 
fr 170207
ts 58755.675034
6d 1 [12 1.000][492.903 -581.788 1254.727 -8.5260 4.8644 -172.4724][-0.987811 -0.117092 0.102560 0.130532 -0.982073 0.135995 0.084798 0.147725 0.985387] 
3d 0 
fr 170208
ts 58755.691695
6d 1 [12 1.000][492.926 -582.092 1254.755 -8.5228 4.8690 -172.5402][-0.987958 -0.115924 0.102472 0.129362 -0.982220 0.136050 0.084878 0.147668 0.985388] 
3d 0 
fr 170209
ts 58755.708367
6d 1 [12 1.000][493.004 -582.202 1254.744 -8.6048 4.8759 -172.5511][-0.987973 -0.115573 0.102728 0.129173 -0.982048 0.137460 0.084997 0.149076 0.985166] 
3d 0 
fr 170210
ts 58755.725031
6d 1 [12 1.000][493.152 -581.941 1254.624 -8.6494 4.9070 -172.4976][-0.987805 -0.116329 0.103478 0.130090 -0.981843 0.138059 0.085539 0.149837 0.985004] 
3d 0 
fr 170211
ts 58755.741695
6d 1 [12 1.000][493.328 -581.774 1254.689 -8.5682 4.9131 -172.4370][-0.987659 -0.117498 0.103561 0.131132 -0.981917 0.136543 0.085645 0.148438 0.985206] 
3d 0 
fr 170212
ts 58755.758361
6d 1 [12 1.000][493.475 -581.797 1254.820 -8.4545 4.8934 -172.4583][-0.987736 -0.117389 0.102942 0.130770 -0.982222 0.134679 0.085303 0.146489 0.985528] 
3d 0 
fr 170213
ts 58755.775021
6d 1 [12 1.000][493.630 -581.843 1254.887 -8.4776 4.8926 -172.4559][-0.987732 -0.117390 0.102982 0.130811 -0.982163 0.135071 0.085289 0.146885 0.985470] 
3d 0 
fr 170214
ts 58755.791683
6d 1 [12 1.000][493.528 -582.200 1254.820 -8.5339 4.9000 -172.4704][-0.987754 -0.117021 0.103188 0.130559 -0.982062 0.136046 0.085417 0.147853 0.985314] 
3d 0 
fr 170215
ts 58755.808336
6d 1 [12 1.000][493.540 -582.523 1254.852 -8.6002 4.9039 -172.5497][-0.987928 -0.115533 0.103201 0.129192 -0.982066 0.137316 0.085485 0.148991 0.985137] 
3d 0 
fr 170216
ts 58755.824997
6d 1 [12 1.000][493.575 -582.733 1254.863 -8.5882 4.9047 -172.5866][-0.988010 -0.114919 0.103100 0.128554 -0.982169 0.137176 0.085498 0.148785 0.985167] 
3d 0 
fr 170217
ts 58755.841641
6d 1 [12 1.000][493.757 -582.390 1254.844 -8.5762 4.9110 -172.5169][-0.987844 -0.116120 0.103351 0.129755 -0.982060 0.136830 0.085608 0.148577 0.985188] 
3d 0 
fr 170218
ts 58755.858307
6d 1 [12 1.000][493.939 -582.129 1254.851 -8.5093 4.9142 -172.4029][-0.987579 -0.118186 0.103540 0.131720 -0.981987 0.135470 0.085664 0.147426 0.985356] 
3d 0 
fr 170219
ts 58755.874996
6d 1 [12 1.000][493.946 -582.350 1254.883 -8.5527 4.9141 -172.4327][-0.987647 -0.117597 0.103557 0.131207 -0.981945 0.136268 0.085662 0.148172 0.985245] 
3d 0 
fr 170220
ts 58755.891659
6d 1 [12 1.000][494.053 -582.351 1254.874 -8.5541 4.9180 -172.4312][-0.987638 -0.117612 0.103629 0.131232 -0.981940 0.136281 0.085729 0.148196 0.985235] 
3d 0 
fr 170221
ts 58755.908340
6d 1 [12 1.000][494.118 -582.408 1254.892 -8.5461 4.9187 -172.4123][-0.987593 -0.117947 0.103670 0.131558 -0.981920 0.136108 0.085742 0.148058 0.985255] 
3d 0 
fr 170222
ts 58755.925006
6d 1 [12 1.000][494.194 -582.365 1254.888 -8.5368 4.9244 -172.4018][-0.987561 -0.118129 0.103772 0.131737 -0.981923 0.135916 0.085841 0.147896 0.985271] 
3d 0 
fr 170223
ts 58755.941684
6d 1 [12 1.000][494.244 -582.331 1254.860 -8.5380 4.9281 -172.3865][-0.987520 -0.118380 0.103875 0.132001 -0.981889 0.135901 0.085906 0.147917 0.985262] 
3d 0 
fr 170224
ts 58755.958346
6d 1 [12 1.000][494.143 -582.621 1254.860 -8.6046 4.9314 -172.3986][-0.987543 -0.118043 0.104039 0.131790 -0.981757 0.137058 0.085962 0.149062 0.985084] 
3d 0 
fr 170225
ts 58755.975012
6d 1 [12 1.000][494.128 -582.933 1254.844 -8.6499 4.9371 -172.4979][-0.987762 -0.116244 0.103991 0.130078 -0.981853 0.138001 0.086062 0.149839 0.984958] 
3d 0 
fr 170226
ts 58755.991678
6d 1 [12 1.000][494.291 -582.882 1254.874 -8.5595 4.9389 -172.4828][-0.987725 -0.116663 0.103873 0.130338 -0.982039 0.136420 0.086093 0.148285 0.985190] 
3d 0 
fr 170227
ts 58756.008338
6d 1 [12 1.000][494.458 -582.465 1254.965 -8.4321 4.9388 -172.4179][-0.987577 -0.118006 0.103765 0.131457 -0.982207 0.134118 0.086092 0.146093 0.985518] 
3d 0 
fr 170228
ts 58756.025003
6d 1 [12 1.000][494.335 -582.694 1254.986 -8.5227 4.9403 -172.4079][-0.987551 -0.118010 0.104001 0.131629 -0.981974 0.135650 0.086118 0.147651 0.985283] 
3d 0 
fr 170229
ts 58756.041657
6d 1 [12 1.000][494.335 -583.000 1255.036 -8.5342 4.9442 -172.4191][-0.987571 -0.117787 0.104064 0.131435 -0.981971 0.135858 0.086185 0.147847 0.985248] 
3d 0 
fr 170230
ts 58756.058321
6d 1 [12 1.000][494.236 -583.398 1255.121 -8.5466 4.9410 -172.5335][-0.987836 -0.115813 0.103762 0.129464 -0.982174 0.136285 0.086129 0.148061 0.985221] 
3d 0 
fr 170231
ts 58756.074970
6d 1 [12 1.000][494.391 -583.120 1255.163 -8.5432 4.9418 -172.4725][-0.987697 -0.116862 0.103914 0.130515 -0.982058 0.136116 0.086143 0.148004 0.985228] 
3d 0 
fr 170232
ts 58756.091634
6d 1 [12 1.000][494.498 -582.973 1255.234 -8.4167 4.9422 -172.4520][-0.987649 -0.117442 0.103712 0.130869 -0.982315 0.133908 0.086151 0.145827 0.985552] 
3d 0 
fr 170233
ts 58756.108278
6d 1 [12 1.000][494.475 -583.185 1255.324 -8.4395 4.9409 -172.4574][-0.987664 -0.117311 0.103723 0.130775 -0.982272 0.134312 0.086128 0.146219 0.985496] 
3d 0 
fr 170234
ts 58756.124939
6d 1 [12 1.000][494.497 -583.247 1255.388 -8.4474 4.9390 -172.4479][-0.987645 -0.117464 0.103728 0.130939 -0.982233 0.134435 0.086094 0.146356 0.985478] 
3d 0 
fr 170235
ts 58756.141628
6d 1 [12 1.000][494.495 -583.297 1255.475 -8.3656 4.9363 -172.4489][-0.987651 -0.117601 0.103512 0.130922 -0.982425 0.133040 0.086047 0.144949 0.985690] 
3d 0 
fr 170236
ts 58756.158289
6d 1 [12 1.000][494.517 -583.256 1255.489 -8.3225 4.9370 -172.4458][-0.987643 -0.117732 0.103443 0.130977 -0.982519 0.132293 0.086060 0.144207 0.985798] 
3d 0 
fr 170237
ts 58756.174967
6d 1 [12 1.000][494.516 -583.281 1255.578 -8.3391 4.9344 -172.4444][-0.987644 -0.117732 0.103437 0.131001 -0.982477 0.132582 0.086015 0.144494 0.985760] 
3d 0 
fr 170238
ts 58756.191632
6d 1 [12 1.000][494.430 -583.452 1255.645 -8.3306 4.9288 -172.4577][-0.987682 -0.117533 0.103292 0.130773 -0.982522 0.132473 0.085917 0.144349 0.985790] 
3d 0 
fr 170239
ts 58756.208307
6d 1 [12 1.000][494.400 -583.336 1255.576 -8.4019 4.9295 -172.4506][-0.987665 -0.117523 0.103467 0.130894 -0.982342 0.133681 0.085929 0.145576 0.985608] 
3d 0 
fr 170240
ts 58756.224969
6d 1 [12 1.000][494.359 -583.419 1255.655 -8.3118 4.9228 -172.4579][-0.987692 -0.117579 0.103151 0.130771 -0.982564 0.132164 0.085813 0.144026 0.985846] 
3d 0 
fr 170241
ts 58756.241636
6d 1 [12 1.000][494.406 -583.217 1255.626 -8.3123 4.9217 -172.4532][-0.987683 -0.117661 0.103144 0.130852 -0.982553 0.132167 0.085794 0.144035 0.985846] 
3d 0 
fr 170242
ts 58756.258298
6d 1 [12 1.000][494.365 -583.336 1255.630 -8.3650 4.9173 -172.4639][-0.987714 -0.117393 0.103153 0.130668 -0.982451 0.133099 0.085718 0.144942 0.985720] 
3d 0 
fr 170243
ts 58756.274959
6d 1 [12 1.000][494.334 -583.221 1255.528 -8.4005 4.9170 -172.4630][-0.987712 -0.117345 0.103223 0.130684 -0.982366 0.133708 0.085713 0.145555 0.985630] 
3d 0 
fr 170244
ts 58756.291621
6d 1 [12 1.000][494.248 -583.469 1255.536 -8.4085 4.9173 -172.4858][-0.987763 -0.116940 0.103192 0.130291 -0.982395 0.133885 0.085718 0.145692 0.985610] 
3d 0 
fr 170245
ts 58756.308274
6d 1 [12 1.000][494.319 -582.955 1255.506 -8.3920 4.9173 -172.4699][-0.987727 -0.117242 0.103195 0.130565 -0.982401 0.133574 0.085718 0.145408 0.985651] 
3d 0 
fr 170246
ts 58756.324936
6d 1 [12 1.000][494.292 -583.045 1255.561 -8.3836 4.9120 -172.4586][-0.987709 -0.117464 0.103114 0.130760 -0.982395 0.133421 0.085626 0.145265 0.985681] 
3d 0 
fr 170247
ts 58756.341583
