fr 484527
ts 63993.607329
6d 1 [12 1.000][525.894 628.026 1017.267 -51.1939 -5.4068 -165.0345][-0.961783 -0.232771 0.144190 0.257089 -0.586468 0.768089 -0.094226 0.775804 0.623898] 
3d 1 [9342 1.000][179.313 2802.169 582.832] 
fr 484528
ts 63993.623994
6d 1 [12 1.000][525.453 628.006 1017.359 -51.1654 -5.4718 -165.0120][-0.961578 -0.233923 0.143692 0.257439 -0.586532 0.767923 -0.095355 0.775410 0.624217] 
3d 1 [9342 1.000][179.251 2802.504 582.726] 
fr 484529
ts 63993.640685
6d 1 [12 1.000][525.051 628.154 1017.400 -51.1344 -5.5522 -164.9768][-0.961290 -0.235413 0.143189 0.257994 -0.586520 0.767745 -0.096753 0.774968 0.624551] 
3d 1 [9342 1.000][179.259 2802.054 582.963] 
fr 484530
ts 63993.657346
6d 1 [12 1.000][524.689 628.085 1017.345 -51.1530 -5.6005 -164.9634][-0.961150 -0.236133 0.142938 0.258198 -0.586047 0.768038 -0.097591 0.775106 0.624248] 
3d 1 [9342 1.000][179.440 2802.312 583.090] 
fr 484531
ts 63993.674031
6d 1 [12 1.000][524.326 628.017 1017.353 -51.1641 -5.6426 -164.9414][-0.960981 -0.236882 0.142835 0.258548 -0.585659 0.768216 -0.098324 0.775171 0.624053] 
3d 1 [9342 1.000][179.074 2802.267 582.689] 
fr 484532
ts 63993.690694
6d 1 [12 1.000][524.053 628.093 1017.445 -51.1715 -5.6950 -164.9260][-0.960825 -0.237704 0.142521 0.258782 -0.585313 0.768401 -0.099232 0.775181 0.623897] 
3d 1 [9342 1.000][179.345 2802.317 583.130] 
fr 484533
ts 63993.707366
6d 1 [12 1.000][523.835 628.049 1017.545 -51.1702 -5.7194 -164.9352][-0.960825 -0.237933 0.142136 0.258618 -0.585282 0.768480 -0.099657 0.775134 0.623888] 
3d 1 [9342 1.000][179.207 2802.158 582.879] 
fr 484534
ts 63993.724032
6d 1 [12 1.000][523.575 628.051 1017.589 -51.1711 -5.7150 -164.9211][-0.960769 -0.238016 0.142375 0.258855 -0.585227 0.768442 -0.099580 0.775150 0.623880] 
3d 1 [9342 1.000][179.438 2802.548 583.017] 
fr 484535
ts 63993.740703
6d 1 [12 1.000][523.308 627.850 1017.618 -51.1765 -5.7126 -164.9867][-0.961069 -0.237302 0.141542 0.257756 -0.585435 0.768653 -0.099539 0.775212 0.623810] 
3d 1 [9342 1.000][178.937 2802.355 582.408] 
fr 484536
ts 63993.757364
6d 1 [12 1.000][523.018 627.728 1017.749 -51.1853 -5.7475 -165.0034][-0.961085 -0.237566 0.140988 0.257461 -0.585265 0.768882 -0.100145 0.775260 0.623653] 
3d 1 [9342 1.000][179.556 2801.883 583.325] 
fr 484537
ts 63993.774027
6d 1 [12 1.000][522.672 627.743 1017.913 -51.1933 -5.8231 -165.0106][-0.960989 -0.238461 0.140130 0.257306 -0.584922 0.769195 -0.101457 0.775244 0.623461] 
3d 1 [9342 1.000][179.201 2802.619 582.687] 
fr 484538
ts 63993.790690
6d 1 [12 1.000][522.397 627.869 1018.100 -51.1994 -5.8806 -165.0141][-0.960906 -0.239162 0.139505 0.257221 -0.584653 0.769427 -0.102456 0.775231 0.623314] 
3d 1 [9342 1.000][179.217 2801.927 582.902] 
fr 484539
ts 63993.807347
6d 1 [12 1.000][522.053 627.728 1018.254 -51.1934 -5.9245 -165.0262][-0.960884 -0.239626 0.138855 0.256997 -0.584631 0.769518 -0.103217 0.775104 0.623346] 
3d 1 [9342 1.000][179.255 2802.070 583.104] 
fr 484540
ts 63993.824009
6d 1 [12 1.000][521.751 627.801 1018.347 -51.1944 -5.9803 -165.0197][-0.960757 -0.240420 0.138360 0.257081 -0.584395 0.769670 -0.104187 0.775036 0.623269] 
3d 1 [9342 1.000][179.295 2802.395 582.861] 
fr 484541
ts 63993.840658
6d 1 [12 1.000][521.404 627.718 1018.377 -51.2012 -6.0293 -165.0095][-0.960625 -0.241148 0.138011 0.257228 -0.584090 0.769853 -0.105038 0.775040 0.623121] 
3d 1 [9342 1.000][179.217 2801.718 583.161] 
fr 484542
ts 63993.857320
6d 1 [12 1.000][521.044 627.692 1018.431 -51.2102 -6.0920 -165.0042][-0.960490 -0.241999 0.137462 0.257288 -0.583728 0.770107 -0.106125 0.775047 0.622928] 
3d 1 [9342 1.000][179.239 2802.515 582.918] 
fr 484543
ts 63993.873961
6d 1 [12 1.000][520.769 627.863 1018.566 -51.2131 -6.1413 -164.9895][-0.960335 -0.242787 0.137154 0.257510 -0.583454 0.770240 -0.106981 0.775008 0.622831] 
3d 1 [9342 1.000][179.062 2802.031 582.909] 
fr 484544
ts 63993.890625
6d 1 [12 1.000][520.550 628.052 1018.641 -51.2134 -6.1909 -164.9620][-0.960122 -0.243712 0.137004 0.257946 -0.583158 0.770318 -0.107841 0.774939 0.622768] 
3d 1 [9342 1.000][179.648 2802.104 583.166] 
fr 484545
ts 63993.907308
6d 1 [12 1.000][520.285 627.977 1018.542 -51.2157 -6.2274 -164.9599][-0.960046 -0.244205 0.136659 0.257964 -0.582991 0.770439 -0.108474 0.774910 0.622694] 
3d 1 [9342 1.000][178.866 2802.648 582.124] 
fr 484546
ts 63993.923973
6d 1 [12 1.000][520.016 627.857 1018.463 -51.2266 -6.2091 -164.9543][-0.960054 -0.243998 0.136972 0.258067 -0.582885 0.770485 -0.108157 0.775055 0.622569] 
3d 1 [9342 1.000][179.652 2801.669 583.543] 
fr 484547
ts 63993.940652
6d 1 [12 1.000][519.877 627.954 1018.478 -51.2362 -6.2379 -164.9532][-0.959996 -0.244362 0.136727 0.258071 -0.582650 0.770661 -0.108656 0.775117 0.622404] 
3d 1 [9342 1.000][179.066 2802.262 582.740] 
fr 484548
ts 63993.957317
6d 1 [12 1.000][519.740 627.999 1018.509 -51.2390 -6.2878 -164.9600][-0.959935 -0.244938 0.136124 0.257933 -0.582466 0.770846 -0.109522 0.775074 0.622307] 
3d 1 [9342 1.000][179.005 2801.869 582.765] 
fr 484549
ts 63993.973987
6d 1 [12 1.000][519.613 628.067 1018.522 -51.2420 -6.2862 -164.9624][-0.959949 -0.244886 0.136119 0.257892 -0.582441 0.770879 -0.109496 0.775108 0.622268] 
3d 1 [9342 1.000][179.464 2801.416 583.512] 
fr 484550
ts 63993.990653
6d 1 [12 1.000][519.491 628.188 1018.538 -51.2444 -6.3360 -164.9646][-0.959867 -0.245509 0.135579 0.257831 -0.582243 0.771049 -0.110359 0.775060 0.622175] 
3d 1 [9342 1.000][179.239 2802.725 582.659] 
fr 484551
ts 63994.007321
6d 1 [12 1.000][519.430 628.189 1018.531 -51.2440 -6.3459 -164.9725][-0.959883 -0.245559 0.135367 0.257695 -0.582248 0.771091 -0.110531 0.775041 0.622169] 
3d 1 [9342 1.000][179.043 2801.700 582.909] 
fr 484552
ts 63994.023984
6d 1 [12 1.000][519.273 628.038 1018.393 -51.2522 -6.3013 -164.9764][-0.959984 -0.244917 0.135818 0.257651 -0.582311 0.771057 -0.109757 0.775196 0.622113] 
3d 1 [9342 1.000][179.584 2802.675 582.987] 
fr 484553
ts 63994.040639
6d 1 [12 1.000][519.240 628.166 1018.442 -51.2624 -6.3588 -164.9818][-0.959901 -0.245589 0.135186 0.257532 -0.581994 0.771336 -0.110754 0.775222 0.621904] 
3d 1 [9342 1.000][179.002 2802.587 582.589] 
fr 484554
ts 63994.057299
6d 1 [12 1.000][519.192 628.203 1018.487 -51.2652 -6.3720 -164.9900][-0.959914 -0.245672 0.134950 0.257389 -0.581946 0.771421 -0.110982 0.775232 0.621851] 
3d 1 [9342 1.000][179.516 2801.065 583.624] 
fr 484555
ts 63994.073957
6d 1 [12 1.000][519.187 628.249 1018.517 -51.2662 -6.3829 -164.9967][-0.959923 -0.245744 0.134749 0.257270 -0.581923 0.771478 -0.111173 0.775226 0.621824] 
3d 1 [9342 1.000][179.056 2802.702 582.458] 
fr 484556
ts 63994.090620
6d 1 [12 1.000][519.151 628.377 1018.479 -51.2656 -6.3971 -164.9966][-0.959896 -0.245933 0.134599 0.257265 -0.581881 0.771511 -0.111419 0.775198 0.621815] 
3d 1 [9342 1.000][179.494 2802.428 582.960] 
fr 484557
ts 63994.107266
6d 1 [12 1.000][519.098 628.302 1018.487 -51.2670 -6.3945 -165.0016][-0.959924 -0.245844 0.134564 0.257182 -0.581893 0.771530 -0.111374 0.775217 0.621799] 
3d 1 [9342 1.000][179.313 2801.713 583.120] 
fr 484558
ts 63994.123928
6d 1 [12 1.000][518.991 628.124 1018.451 -51.2736 -6.3863 -165.0004][-0.959934 -0.245733 0.134695 0.257207 -0.581827 0.771571 -0.111231 0.775301 0.621720] 
3d 1 [9342 1.000][179.185 2802.819 582.531] 
fr 484559
ts 63994.140619
6d 1 [12 1.000][518.960 628.275 1018.454 -51.2819 -6.4034 -164.9929][-0.959868 -0.246013 0.134653 0.257323 -0.581624 0.771686 -0.111527 0.775366 0.621587] 
3d 1 [9342 1.000][179.502 2801.767 583.455] 
fr 484560
ts 63994.157283
6d 1 [12 1.000][518.936 628.222 1018.455 -51.2852 -6.4071 -164.9873][-0.959836 -0.246111 0.134704 0.257416 -0.581542 0.771716 -0.111592 0.775396 0.621537] 
3d 1 [9342 1.000][179.243 2802.499 582.778] 
fr 484561
ts 63994.173966
6d 1 [12 1.000][518.933 628.319 1018.480 -51.2842 -6.4194 -164.9803][-0.959781 -0.246345 0.134664 0.257527 -0.581483 0.771724 -0.111805 0.775365 0.621537] 
3d 1 [9342 1.000][179.016 2802.340 582.471] 
fr 484562
ts 63994.190628
6d 1 [12 1.000][518.953 628.407 1018.542 -51.2811 -6.4344 -164.9418][-0.959579 -0.246939 0.135013 0.258164 -0.581306 0.771644 -0.112066 0.775309 0.621560] 
3d 1 [9342 1.000][179.499 2802.239 583.308] 
fr 484563
ts 63994.207306
6d 1 [12 1.000][518.961 628.361 1018.561 -51.2727 -6.4501 -164.9320][-0.959506 -0.247263 0.134943 0.258319 -0.581322 0.771580 -0.112337 0.775194 0.621655] 
3d 1 [9342 1.000][179.145 2802.740 582.744] 
fr 484564
ts 63994.223969
6d 1 [12 1.000][518.941 628.084 1018.484 -51.2710 -6.4098 -164.9161][-0.959510 -0.246902 0.135573 0.258607 -0.581418 0.771412 -0.111638 0.775237 0.621727] 
3d 1 [9342 1.000][179.541 2801.847 583.242] 
fr 484565
ts 63994.240639
6d 1 [12 1.000][519.065 628.170 1018.519 -51.2684 -6.4088 -164.9083][-0.959476 -0.246975 0.135677 0.258738 -0.581423 0.771364 -0.111621 0.775210 0.621764] 
3d 1 [9342 1.000][179.139 2802.253 582.898] 
fr 484566
ts 63994.257301
6d 1 [12 1.000][519.162 628.023 1018.589 -51.2395 -6.3880 -164.9291][-0.959610 -0.246559 0.135490 0.258399 -0.581975 0.771061 -0.111260 0.774928 0.622180] 
3d 1 [9342 1.000][179.283 2802.862 582.765] 
fr 484567
ts 63994.273964
6d 1 [12 1.000][519.298 628.022 1018.718 -51.2218 -6.3759 -164.9301][-0.959637 -0.246433 0.135527 0.258388 -0.582259 0.770850 -0.111050 0.774755 0.622433] 
3d 1 [9342 1.000][179.222 2801.739 583.250] 
fr 484568
ts 63994.290626
6d 1 [12 1.000][519.380 627.964 1018.773 -51.2023 -6.3590 -164.9319][-0.959677 -0.246240 0.135597 0.258367 -0.582589 0.770608 -0.110757 0.774568 0.622718] 
3d 1 [9342 1.000][179.237 2802.505 582.874] 
fr 484569
ts 63994.307283
6d 1 [12 1.000][519.455 627.759 1018.917 -51.1875 -6.3390 -165.0124][-0.960076 -0.245195 0.134660 0.257028 -0.583203 0.770591 -0.110411 0.774437 0.622941] 
3d 1 [9342 1.000][179.110 2802.152 582.875] 
fr 484570
ts 63994.323944
6d 1 [12 1.000][519.461 627.483 1018.968 -51.1882 -6.3098 -165.0293][-0.960206 -0.244640 0.134743 0.256760 -0.583369 0.770555 -0.109903 0.774488 0.622968] 
3d 1 [9342 1.000][179.302 2801.698 583.127] 
fr 484571
ts 63994.340595
6d 1 [12 1.000][519.545 627.464 1019.052 -51.2031 -6.2957 -165.0322][-0.960245 -0.244392 0.134915 0.256718 -0.583230 0.770674 -0.109660 0.774671 0.622783] 
3d 1 [9342 1.000][179.095 2802.608 582.734] 
fr 484572
ts 63994.357255
6d 1 [12 1.000][519.637 627.319 1019.180 -51.1858 -6.2747 -165.0555][-0.960388 -0.243921 0.134750 0.256338 -0.583635 0.770494 -0.109295 0.774515 0.623042] 
3d 1 [9342 1.000][179.398 2801.730 583.317] 
fr 484573
ts 63994.373897
6d 1 [12 1.000][519.716 627.317 1019.265 -51.1457 -6.2660 -165.0578][-0.960414 -0.243879 0.134639 0.256305 -0.584214 0.770066 -0.109145 0.774091 0.623594] 
3d 1 [9342 1.000][179.105 2802.131 582.785] 
fr 484574
ts 63994.390561
6d 1 [12 1.000][519.778 627.287 1019.310 -51.1220 -6.2575 -165.0573][-0.960428 -0.243828 0.134634 0.256316 -0.584560 0.769800 -0.108997 0.773846 0.623924] 
3d 1 [9342 1.000][179.141 2802.263 582.943] 
fr 484575
ts 63994.407250
6d 1 [12 1.000][519.813 626.962 1019.200 -51.1457 -6.2213 -165.0541][-0.960480 -0.243333 0.135159 0.256388 -0.584353 0.769933 -0.108370 0.774158 0.623647] 
3d 1 [9342 1.000][179.211 2801.933 582.997] 
fr 484576
ts 63994.423911
6d 1 [12 1.000][519.839 626.993 1019.324 -51.1298 -6.2140 -165.0388][-0.960425 -0.243431 0.135373 0.256648 -0.584528 0.769713 -0.108242 0.773995 0.623871] 
3d 1 [9342 1.000][179.384 2802.396 582.917] 
fr 484577
ts 63994.440594
6d 1 [12 1.000][519.909 627.111 1019.372 -51.1137 -6.2165 -165.0386][-0.960419 -0.243503 0.135282 0.256650 -0.584734 0.769556 -0.108285 0.773817 0.624085] 
3d 1 [9342 1.000][179.159 2802.037 582.914] 
fr 484578
ts 63994.457254
6d 1 [12 1.000][519.871 627.029 1019.424 -51.0981 -6.2064 -165.0385][-0.960437 -0.243409 0.135324 0.256657 -0.584980 0.769367 -0.108110 0.773661 0.624309] 
3d 1 [9342 1.000][179.157 2801.817 583.128] 
fr 484579
ts 63994.473926
6d 1 [12 1.000][519.855 627.097 1019.492 -51.0791 -6.2265 -165.0096][-0.960271 -0.244012 0.135419 0.257131 -0.585041 0.769162 -0.108459 0.773424 0.624541] 
3d 1 [9342 1.000][179.143 2802.483 582.728] 
fr 484580
ts 63994.490590
6d 1 [12 1.000][519.737 626.829 1019.443 -51.0693 -6.1950 -164.9969][-0.960271 -0.243754 0.135880 0.257360 -0.585228 0.768943 -0.107912 0.773364 0.624711] 
3d 1 [9342 1.000][179.401 2802.196 583.074] 
fr 484581
ts 63994.507255
6d 1 [12 1.000][519.708 626.779 1019.527 -51.0482 -6.2100 -164.9921][-0.960223 -0.244048 0.135695 0.257432 -0.585439 0.768759 -0.108173 0.773111 0.624978] 
3d 1 [9342 1.000][179.004 2802.388 582.893] 
fr 484582
ts 63994.523920
6d 1 [12 1.000][519.721 626.836 1019.591 -51.0310 -6.2245 -164.9886][-0.960180 -0.244314 0.135517 0.257484 -0.585604 0.768615 -0.108424 0.772903 0.625193] 
3d 1 [9342 1.000][179.297 2802.652 582.877] 
fr 484583
ts 63994.540581
6d 1 [12 1.000][519.753 626.928 1019.634 -51.0129 -6.2429 -164.9889][-0.960148 -0.244593 0.135242 0.257470 -0.585783 0.768483 -0.108743 0.772678 0.625414] 
3d 1 [9342 1.000][179.062 2802.031 582.909] 
fr 484584
ts 63994.557242
6d 1 [12 1.000][519.743 626.865 1019.646 -50.9954 -6.2406 -164.9883][-0.960149 -0.244611 0.135199 0.257482 -0.586023 0.768297 -0.108704 0.772491 0.625653] 
3d 1 [9342 1.000][179.336 2802.275 582.952] 
fr 484585
ts 63994.573896
6d 1 [12 1.000][519.618 626.695 1019.518 -50.9934 -6.2320 -165.0016][-0.960225 -0.244368 0.135102 0.257263 -0.586138 0.768283 -0.108555 0.772481 0.625691] 
3d 1 [9342 1.000][179.344 2802.280 582.900] 
fr 484586
ts 63994.590558
6d 1 [12 1.000][519.609 626.744 1019.586 -51.0358 -6.2403 -165.0000][-0.960202 -0.244392 0.135218 0.257286 -0.585533 0.768736 -0.108698 0.772932 0.625109] 
3d 1 [9342 1.000][179.160 2802.284 582.885] 
fr 484587
ts 63994.607204
6d 1 [12 1.000][519.566 626.675 1019.659 -50.9876 -6.2397 -165.0031][-0.960217 -0.244467 0.134977 0.257234 -0.586194 0.768249 -0.108689 0.772407 0.625759] 
3d 1 [9342 1.000][179.025 2802.382 582.650] 
fr 484588
ts 63994.623866
6d 1 [12 1.000][519.545 626.775 1019.749 -50.9949 -6.2557 -165.0055][-0.960199 -0.244632 0.134807 0.257185 -0.586051 0.768375 -0.108965 0.772463 0.625641] 
3d 1 [9342 1.000][179.338 2802.285 582.996] 
fr 484589
ts 63994.640559
6d 1 [12 1.000][519.473 626.875 1019.798 -50.9828 -6.2718 -165.0085][-0.960183 -0.244839 0.134546 0.257127 -0.586170 0.768304 -0.109244 0.772307 0.625785] 
3d 1 [9342 1.000][179.059 2802.021 582.865] 
fr 484590
ts 63994.657220
6d 1 [12 1.000][519.345 626.862 1019.793 -50.9612 -6.2863 -165.0095][-0.960161 -0.245069 0.134286 0.257103 -0.586414 0.768125 -0.109497 0.772049 0.626060] 
3d 1 [9342 1.000][179.448 2802.071 583.068] 
fr 484591
ts 63994.673905
6d 1 [12 1.000][519.181 626.772 1019.736 -51.0018 -6.2886 -165.0127][-0.960170 -0.244972 0.134393 0.257050 -0.585874 0.768555 -0.109537 0.772490 0.625509] 
3d 1 [9342 1.000][179.106 2802.378 582.757] 
fr 484592
ts 63994.690568
6d 1 [12 1.000][519.054 626.949 1019.785 -51.0077 -6.3162 -165.0091][-0.960103 -0.245354 0.134174 0.257095 -0.585684 0.768685 -0.110016 0.772513 0.625396] 
3d 1 [9342 1.000][179.253 2802.305 583.030] 
fr 484593
ts 63994.707245
6d 1 [12 1.000][519.045 626.933 1019.717 -51.0178 -6.3172 -165.0093][-0.960103 -0.245341 0.134205 0.257091 -0.585546 0.768791 -0.110032 0.772621 0.625259] 
3d 1 [9342 1.000][179.309 2802.395 582.714] 
fr 484594
ts 63994.723906
6d 1 [12 1.000][518.992 627.056 1019.674 -51.0127 -6.3233 -165.0062][-0.960077 -0.245464 0.134161 0.257140 -0.585580 0.768749 -0.110138 0.772557 0.625320] 
3d 1 [9342 1.000][179.249 2802.285 582.941] 
fr 484595
ts 63994.740578
6d 1 [12 1.000][518.949 627.178 1019.606 -51.0137 -6.3206 -165.0010][-0.960059 -0.245480 0.134263 0.257229 -0.585553 0.768740 -0.110092 0.772572 0.625310] 
3d 1 [9342 1.000][179.257 2801.834 583.177] 
fr 484596
ts 63994.757239
6d 1 [12 1.000][518.874 627.203 1019.476 -51.0350 -6.3260 -165.0004][-0.960046 -0.245507 0.134306 0.257237 -0.585246 0.768971 -0.110186 0.772796 0.625016] 
3d 1 [9342 1.000][179.338 2802.741 582.708] 
fr 484597
ts 63994.773903
6d 1 [12 1.000][518.793 627.151 1019.308 -51.1312 -6.3266 -165.0025][-0.960054 -0.245267 0.134683 0.257201 -0.583960 0.769960 -0.110196 0.773844 0.623717] 
3d 1 [9342 1.000][179.122 2801.932 582.942] 
fr 484598
ts 63994.790565
6d 1 [12 1.000][518.742 627.355 1019.249 -51.1525 -6.3386 -165.0030][-0.960034 -0.245368 0.134642 0.257187 -0.583635 0.770211 -0.110404 0.774057 0.623415] 
3d 1 [9342 1.000][179.492 2802.454 583.145] 
fr 484599
ts 63994.807214
6d 1 [12 1.000][518.690 627.488 1019.194 -51.1840 -6.3517 -165.0055][-0.960021 -0.245440 0.134606 0.257139 -0.583176 0.770575 -0.110631 0.774380 0.622973] 
3d 1 [9342 1.000][179.004 2802.351 582.663] 
fr 484600
ts 63994.823883
6d 1 [12 1.000][518.695 627.608 1019.163 -51.1877 -6.3679 -165.0063][-0.959995 -0.245634 0.134440 0.257116 -0.583074 0.770660 -0.110912 0.774396 0.622904] 
3d 1 [9342 1.000][179.408 2801.499 583.339] 
fr 484601
ts 63994.840530
6d 1 [12 1.000][518.767 627.693 1019.137 -51.1956 -6.3800 -165.0076][-0.959978 -0.245761 0.134329 0.257089 -0.582931 0.770777 -0.111122 0.774463 0.622783] 
3d 1 [9342 1.000][179.199 2802.609 582.643] 
fr 484602
ts 63994.857195
6d 1 [12 1.000][518.801 627.603 1019.123 -51.2041 -6.3831 -165.0155][-0.960007 -0.245701 0.134227 0.256955 -0.582838 0.770891 -0.111177 0.774552 0.622663] 
3d 1 [9342 1.000][179.257 2802.043 582.918] 
fr 484603
ts 63994.873836
6d 1 [12 1.000][518.755 627.516 1019.143 -51.2167 -6.3848 -165.0219][-0.960033 -0.245629 0.134177 0.256847 -0.582691 0.771039 -0.111205 0.774685 0.622492] 
3d 1 [9342 1.000][179.411 2802.212 583.067] 
fr 484604
ts 63994.890501
6d 1 [12 1.000][518.773 627.445 1019.250 -51.2110 -6.3867 -165.0266][-0.960050 -0.245619 0.134069 0.256767 -0.582781 0.770997 -0.111239 0.774621 0.622566] 
3d 1 [9342 1.000][179.239 2802.725 582.659] 
fr 484605
ts 63994.907189
6d 1 [12 1.000][518.776 627.283 1019.377 -51.1498 -6.3847 -165.0339][-0.960087 -0.245661 0.133730 0.256646 -0.583643 0.770386 -0.111203 0.773959 0.623395] 
3d 1 [9342 1.000][179.230 2801.498 583.228] 
fr 484606
ts 63994.923851
6d 1 [12 1.000][518.823 627.247 1019.516 -51.1017 -6.3612 -165.0414][-0.960164 -0.245390 0.133671 0.256532 -0.584404 0.769846 -0.110795 0.773470 0.624075] 
3d 1 [9342 1.000][179.393 2802.893 582.808] 
fr 484607
ts 63994.940533
6d 1 [12 1.000][518.806 627.180 1019.605 -51.0667 -6.3542 -165.0460][-0.960198 -0.245333 0.133533 0.256458 -0.584917 0.769481 -0.110674 0.773100 0.624554] 
3d 1 [9342 1.000][179.062 2802.487 582.622] 
fr 484608
ts 63994.957194
6d 1 [12 1.000][518.754 627.004 1019.645 -51.0321 -6.3399 -165.0484][-0.960235 -0.245204 0.133503 0.256425 -0.585443 0.769092 -0.110426 0.772743 0.625039] 
3d 1 [9342 1.000][179.799 2801.314 583.616] 
fr 484609
ts 63994.973870
6d 1 [12 1.000][518.767 626.969 1019.696 -51.0273 -6.3316 -165.0484][-0.960251 -0.245107 0.133570 0.256429 -0.585536 0.769020 -0.110282 0.772703 0.625114] 
3d 1 [9342 1.000][178.947 2802.644 582.230] 
fr 484610
ts 63994.990531
6d 1 [12 1.000][518.741 627.009 1019.800 -51.0080 -6.3416 -165.0450][-0.960217 -0.245317 0.133426 0.256481 -0.585746 0.768843 -0.110457 0.772477 0.625362] 
3d 1 [9342 1.000][179.515 2801.757 583.263] 
fr 484611
ts 63995.007194
6d 1 [12 1.000][518.672 626.850 1019.839 -50.9985 -6.3369 -165.0472][-0.960236 -0.245256 0.133407 0.256447 -0.585899 0.768737 -0.110374 0.772381 0.625496] 
3d 1 [9342 1.000][179.301 2802.426 582.996] 
fr 484612
ts 63995.023862
6d 1 [12 1.000][518.583 626.725 1019.815 -51.0048 -6.3504 -165.0451][-0.960201 -0.245437 0.133319 0.256475 -0.585759 0.768835 -0.110608 0.772429 0.625395] 
3d 1 [9342 1.000][179.182 2802.808 582.486] 
fr 484613
ts 63995.040518
6d 1 [12 1.000][518.629 626.760 1019.927 -50.9916 -6.3535 -165.0420][-0.960182 -0.245541 0.133271 0.256525 -0.585911 0.768702 -0.110663 0.772281 0.625569] 
3d 1 [9342 1.000][179.607 2801.077 583.725] 
fr 484614
ts 63995.057183
6d 1 [12 1.000][518.618 626.787 1019.964 -50.9837 -6.3549 -165.0392][-0.960167 -0.245606 0.133260 0.256571 -0.586000 0.768619 -0.110687 0.772193 0.625673] 
3d 1 [9342 1.000][179.233 2803.186 582.467] 
fr 484615
ts 63995.073837
6d 1 [12 1.000][518.610 626.863 1019.946 -50.9739 -6.3601 -165.0338][-0.960132 -0.245752 0.133236 0.256659 -0.586090 0.768521 -0.110777 0.772078 0.625798] 
3d 1 [9342 1.000][179.154 2801.770 582.853] 
fr 484616
ts 63995.090498
6d 1 [12 1.000][518.601 626.949 1019.928 -50.9811 -6.3670 -165.0261][-0.960085 -0.245904 0.133297 0.256786 -0.585937 0.768596 -0.110897 0.772146 0.625693] 
3d 1 [9342 1.000][179.836 2802.849 583.140] 
fr 484617
ts 63995.107143
6d 1 [12 1.000][518.599 626.853 1019.886 -50.9713 -6.3651 -165.0262][-0.960089 -0.245900 0.133274 0.256784 -0.586075 0.768491 -0.110863 0.772042 0.625827] 
3d 1 [9342 1.000][179.033 2802.907 582.398] 
fr 484618
ts 63995.123807
6d 1 [12 1.000][518.597 626.862 1019.846 -50.9670 -6.3656 -165.0233][-0.960075 -0.245947 0.133289 0.256833 -0.586119 0.768441 -0.110872 0.771994 0.625886] 
3d 1 [9342 1.000][179.556 2801.427 583.612] 
fr 484619
ts 63995.140500
6d 1 [12 1.000][518.674 626.959 1019.824 -50.9619 -6.3663 -165.0186][-0.960053 -0.246015 0.133324 0.256912 -0.586164 0.768380 -0.110884 0.771938 0.625953] 
3d 1 [9342 1.000][179.003 2802.560 582.404] 
fr 484620
ts 63995.157161
6d 1 [12 1.000][518.674 626.919 1019.713 -51.0063 -6.3598 -165.0175][-0.960060 -0.245838 0.133597 0.256932 -0.585587 0.768813 -0.110771 0.772433 0.625362] 
3d 1 [9342 1.000][179.536 2802.554 583.021] 
fr 484621
ts 63995.173846
6d 1 [12 1.000][518.661 626.826 1019.617 -51.0665 -6.3485 -165.0210][-0.960097 -0.245515 0.133928 0.256880 -0.584832 0.769405 -0.110575 0.773106 0.624564] 
3d 1 [9342 1.000][179.421 2801.771 583.348] 
fr 484622
ts 63995.190508
6d 1 [12 1.000][518.735 626.905 1019.630 -51.0792 -6.3414 -165.0286][-0.960144 -0.245316 0.133954 0.256756 -0.584720 0.769531 -0.110452 0.773255 0.624402] 
3d 1 [9342 1.000][179.042 2803.158 582.318] 
fr 484623
ts 63995.207186
6d 1 [12 1.000][518.795 626.902 1019.529 -51.1015 -6.3322 -165.0378][-0.960202 -0.245050 0.134023 0.256607 -0.584492 0.769754 -0.110293 0.773511 0.624112] 
3d 1 [9342 1.000][179.369 2801.384 583.322] 
fr 484624
ts 63995.223848
6d 1 [12 1.000][518.838 626.984 1019.564 -51.1001 -6.3269 -165.0717][-0.960364 -0.244639 0.133617 0.256042 -0.584674 0.769804 -0.110201 0.773504 0.624137] 
3d 1 [9342 1.000][179.388 2802.171 583.035] 
fr 484625
ts 63995.240515
6d 1 [12 1.000][518.828 627.055 1019.562 -51.1062 -6.3268 -165.0796][-0.960399 -0.244542 0.133539 0.255909 -0.584626 0.769885 -0.110199 0.773571 0.624055] 
3d 1 [9342 1.000][179.107 2802.351 582.571] 
fr 484626
ts 63995.257181
6d 1 [12 1.000][518.856 627.015 1019.509 -51.1102 -6.3202 -165.0935][-0.960474 -0.244304 0.133438 0.255679 -0.584655 0.769940 -0.110084 0.773624 0.624009] 
3d 1 [9342 1.000][179.696 2802.015 583.391] 
fr 484627
ts 63995.273846
6d 1 [12 1.000][518.850 626.879 1019.425 -51.1555 -6.3075 -165.1061][-0.960554 -0.243904 0.133594 0.255473 -0.584143 0.770396 -0.109865 0.774137 0.623412] 
3d 1 [9342 1.000][178.958 2802.696 582.454] 
fr 484628
ts 63995.290506
6d 1 [12 1.000][518.862 627.002 1019.382 -51.1737 -6.3082 -165.1089][-0.960564 -0.243843 0.133628 0.255427 -0.583907 0.770590 -0.109877 0.774334 0.623165] 
3d 1 [9342 1.000][179.407 2801.981 583.237] 
fr 484629
ts 63995.307164
6d 1 [12 1.000][518.869 626.981 1019.333 -51.1801 -6.3020 -165.1033][-0.960551 -0.243804 0.133796 0.255524 -0.583820 0.770625 -0.109768 0.774412 0.623086] 
3d 1 [9342 1.000][179.263 2802.075 583.052] 
fr 484630
ts 63995.323826
6d 1 [12 1.000][518.874 626.984 1019.318 -51.1786 -6.3024 -165.1127][-0.960593 -0.243716 0.133658 0.255365 -0.583879 0.770632 -0.109776 0.774395 0.623107] 
3d 1 [9342 1.000][179.295 2802.641 582.832] 
fr 484631
ts 63995.340477
6d 1 [12 1.000][518.895 627.021 1019.420 -51.1690 -6.3086 -165.1212][-0.960618 -0.243735 0.133438 0.255221 -0.584022 0.770571 -0.109884 0.774281 0.623229] 
3d 1 [9342 1.000][179.369 2801.839 583.034] 
fr 484632
ts 63995.357137
6d 1 [12 1.000][518.906 626.979 1019.405 -51.1726 -6.3081 -165.1253][-0.960638 -0.243678 0.133404 0.255152 -0.583993 0.770616 -0.109875 0.774321 0.623181] 
3d 1 [9342 1.000][179.239 2802.725 582.659] 
fr 484633
ts 63995.373779
6d 1 [12 1.000][518.918 626.891 1019.531 -51.1029 -6.3127 -165.1304][-0.960652 -0.243848 0.132990 0.255065 -0.584935 0.769930 -0.109955 0.773556 0.624116] 
3d 1 [9342 1.000][179.263 2802.284 582.793] 
fr 484634
ts 63995.390444
6d 1 [12 1.000][518.927 626.873 1019.630 -51.0928 -6.3390 -165.1294][-0.960599 -0.244224 0.132683 0.255068 -0.584976 0.769898 -0.110411 0.773406 0.624221] 
3d 1 [9342 1.000][179.590 2802.214 583.178] 
fr 484635
ts 63995.407133
6d 1 [12 1.000][518.902 626.754 1019.737 -51.0615 -6.3227 -165.1308][-0.960635 -0.244070 0.132703 0.255053 -0.585458 0.769537 -0.110129 0.773090 0.624663] 
3d 1 [9342 1.000][178.921 2802.591 582.482] 
fr 484636
ts 63995.423794
6d 1 [12 1.000][518.904 626.741 1019.842 -51.0241 -6.3298 -165.1304][-0.960620 -0.244253 0.132473 0.255055 -0.585935 0.769173 -0.110252 0.772671 0.625159] 
3d 1 [9342 1.000][179.445 2802.333 583.180] 
fr 484637
ts 63995.440472
6d 1 [12 1.000][518.935 626.773 1019.917 -51.0410 -6.3368 -165.1280][-0.960596 -0.244329 0.132505 0.255093 -0.585673 0.769360 -0.110372 0.772845 0.624923] 
3d 1 [9342 1.000][179.014 2802.366 582.656] 
fr 484638
ts 63995.457139
6d 1 [12 1.000][518.924 626.635 1019.951 -51.0310 -6.3377 -165.1257][-0.960585 -0.244388 0.132484 0.255131 -0.585795 0.769255 -0.110388 0.772735 0.625056] 
3d 1 [9342 1.000][179.584 2802.675 582.987] 
fr 484639
ts 63995.473808
6d 1 [12 1.000][518.791 626.477 1019.903 -51.0404 -6.3370 -165.1209][-0.960564 -0.244406 0.132596 0.255212 -0.585650 0.769338 -0.110376 0.772839 0.624930] 
3d 1 [9342 1.000][179.157 2802.027 582.869] 
fr 484640
ts 63995.490474
6d 1 [12 1.000][518.816 626.601 1019.998 -51.0325 -6.3455 -165.1160][-0.960527 -0.244585 0.132538 0.255290 -0.585706 0.769270 -0.110524 0.772740 0.625026] 
3d 1 [9342 1.000][179.241 2802.280 582.992] 
fr 484641
ts 63995.507139
6d 1 [12 1.000][518.810 626.599 1020.025 -51.0300 -6.3487 -165.1114][-0.960500 -0.244680 0.132556 0.255365 -0.585709 0.769242 -0.110579 0.772707 0.625057] 
3d 1 [9342 1.000][179.255 2802.279 582.845] 
fr 484642
ts 63995.523804
6d 1 [12 1.000][518.764 626.642 1019.934 -51.0447 -6.3541 -165.1039][-0.960457 -0.244792 0.132662 0.255488 -0.585461 0.769390 -0.110673 0.772860 0.624852] 
3d 1 [9342 1.000][179.290 2802.165 583.031] 
fr 484643
ts 63995.540465
6d 1 [12 1.000][518.771 626.744 1019.855 -51.0352 -6.3596 -165.0763][-0.960323 -0.245169 0.132933 0.255947 -0.585451 0.769245 -0.110769 0.772748 0.624973] 
3d 1 [9342 1.000][179.203 2801.928 583.049] 
fr 484644
ts 63995.557127
6d 1 [12 1.000][518.755 626.692 1019.747 -51.0309 -6.3574 -165.0887][-0.960383 -0.245023 0.132772 0.255741 -0.585570 0.769223 -0.110730 0.772704 0.625033] 
3d 1 [9342 1.000][179.292 2802.384 582.817] 
fr 484645
ts 63995.573777
6d 1 [12 1.000][518.709 626.654 1019.589 -51.1082 -6.3516 -165.0832][-0.960369 -0.244825 0.133237 0.255836 -0.584528 0.769984 -0.110630 0.773555 0.623998] 
3d 1 [9342 1.000][179.057 2802.011 582.820] 
fr 484646
ts 63995.590442
6d 1 [12 1.000][518.688 626.756 1019.607 -51.1148 -6.3555 -165.0803][-0.960349 -0.244889 0.133264 0.255883 -0.584414 0.770055 -0.110697 0.773621 0.623904] 
3d 1 [9342 1.000][179.540 2802.575 583.111] 
fr 484647
ts 63995.607090
6d 1 [12 1.000][518.687 626.773 1019.582 -51.1024 -6.3529 -165.0815][-0.960359 -0.244871 0.133222 0.255864 -0.584595 0.769923 -0.110651 0.773490 0.624075] 
3d 1 [9342 1.000][179.062 2802.241 582.650] 
fr 484648
ts 63995.623751
6d 1 [12 1.000][518.671 626.831 1019.602 -51.1129 -6.3566 -165.0827][-0.960358 -0.244883 0.133212 0.255842 -0.584446 0.770044 -0.110716 0.773599 0.623929] 
3d 1 [9342 1.000][179.542 2802.093 583.213] 
fr 484649
ts 63995.640444
6d 1 [12 1.000][518.665 626.946 1019.627 -51.1175 -6.3640 -165.0840][-0.960350 -0.244956 0.133135 0.255816 -0.584363 0.770116 -0.110845 0.773638 0.623857] 
3d 1 [9342 1.000][179.007 2802.335 582.522] 
fr 484650
ts 63995.657106
6d 1 [12 1.000][518.659 626.875 1019.537 -51.1398 -6.3600 -165.0851][-0.960362 -0.244840 0.133259 0.255800 -0.584083 0.770333 -0.110774 0.773887 0.623561] 
3d 1 [9342 1.000][179.343 2802.306 583.086] 
fr 484651
ts 63995.673791
6d 1 [12 1.000][518.636 626.746 1019.504 -51.1575 -6.3527 -165.0884][-0.960391 -0.244670 0.133366 0.255748 -0.583883 0.770502 -0.110649 0.774091 0.623330] 
3d 1 [9342 1.000][179.210 2802.415 582.895] 
fr 484652
ts 63995.690453
6d 1 [12 1.000][518.625 626.893 1019.590 -51.1589 -6.3525 -165.0886][-0.960392 -0.244662 0.133372 0.255745 -0.583866 0.770516 -0.110645 0.774106 0.623312] 
3d 1 [9342 1.000][179.429 2802.506 582.838] 
fr 484653
ts 63995.707127
6d 1 [12 1.000][518.607 626.902 1019.650 -51.1492 -6.3557 -165.0895][-0.960390 -0.244719 0.133284 0.255728 -0.583990 0.770428 -0.110701 0.773995 0.623439] 
3d 1 [9342 1.000][179.322 2801.965 583.040] 
fr 484654
ts 63995.723793
6d 1 [12 1.000][518.600 626.923 1019.646 -51.1312 -6.3544 -165.0876][-0.960384 -0.244762 0.133247 0.255761 -0.584229 0.770236 -0.110678 0.773801 0.623684] 
3d 1 [9342 1.000][179.382 2802.632 582.843] 
fr 484655
ts 63995.740464
6d 1 [12 1.000][518.619 626.972 1019.663 -51.1309 -6.3580 -165.0845][-0.960363 -0.244841 0.133250 0.255811 -0.584206 0.770236 -0.110740 0.773793 0.623683] 
3d 1 [9342 1.000][179.010 2802.136 582.826] 
fr 484656
ts 63995.757125
6d 1 [12 1.000][518.596 626.939 1019.582 -51.1306 -6.3510 -165.0825][-0.960367 -0.244772 0.133349 0.255849 -0.584226 0.770208 -0.110619 0.773800 0.623696] 
3d 1 [9342 1.000][179.596 2802.245 583.313] 
fr 484657
ts 63995.773790
6d 1 [12 1.000][518.562 626.985 1019.647 -51.1126 -6.3566 -165.0819][-0.960354 -0.244892 0.133220 0.255855 -0.584446 0.770040 -0.110716 0.773596 0.623932] 
3d 1 [9342 1.000][179.006 2802.571 582.448] 
fr 484658
ts 63995.790453
6d 1 [12 1.000][518.533 627.045 1019.711 -51.1052 -6.3657 -165.0857][-0.960354 -0.244990 0.133042 0.255787 -0.584531 0.769998 -0.110874 0.773501 0.624022] 
3d 1 [9342 1.000][179.494 2801.972 583.247] 
fr 484659
ts 63995.807110
6d 1 [12 1.000][518.425 627.004 1019.687 -51.1275 -6.3719 -165.0876][-0.960351 -0.245000 0.133047 0.255753 -0.584217 0.770247 -0.110982 0.773735 0.623713] 
3d 1 [9342 1.000][179.299 2802.170 582.980] 
fr 484660
ts 63995.823771
6d 1 [12 1.000][518.387 626.927 1019.703 -51.1271 -6.3823 -165.0875][-0.960331 -0.245137 0.132937 0.255749 -0.584186 0.770272 -0.111162 0.773715 0.623706] 
3d 1 [9342 1.000][179.189 2802.630 582.879] 
fr 484661
ts 63995.840422
6d 1 [12 1.000][518.392 626.983 1019.749 -51.1214 -6.4156 -165.0886][-0.960273 -0.245573 0.132548 0.255714 -0.584152 0.770310 -0.111739 0.773602 0.623742] 
3d 1 [9342 1.000][179.371 2801.850 583.079] 
fr 484662
ts 63995.857084
6d 1 [12 1.000][518.372 626.800 1019.731 -51.1143 -6.3966 -165.0902][-0.960316 -0.245326 0.132696 0.255696 -0.584319 0.770188 -0.111410 0.773554 0.623860] 
3d 1 [9342 1.000][179.428 2802.742 582.764] 
fr 484663
ts 63995.873725
6d 1 [12 1.000][518.350 626.781 1019.747 -51.1087 -6.4022 -165.0870][-0.960291 -0.245445 0.132656 0.255747 -0.584361 0.770140 -0.111508 0.773485 0.623929] 
3d 1 [9342 1.000][179.247 2802.274 582.896] 
fr 484664
ts 63995.890388
6d 1 [12 1.000][518.324 626.798 1019.788 -51.1010 -6.4114 -165.0850][-0.960265 -0.245603 0.132553 0.255776 -0.584424 0.770082 -0.111667 0.773387 0.624022] 
3d 1 [9342 1.000][179.490 2802.197 583.129] 
fr 484665
ts 63995.907074
6d 1 [12 1.000][518.313 626.630 1019.810 -51.0746 -6.4106 -165.0827][-0.960257 -0.245676 0.132478 0.255814 -0.584773 0.769805 -0.111653 0.773100 0.624380] 
3d 1 [9342 1.000][179.114 2802.592 582.446] 
fr 484666
ts 63995.923740
6d 1 [12 1.000][518.306 626.649 1019.943 -51.0524 -6.4130 -165.0791][-0.960236 -0.245795 0.132407 0.255874 -0.585048 0.769576 -0.111694 0.772854 0.624676] 
3d 1 [9342 1.000][179.448 2801.615 583.356] 
fr 484667
ts 63995.940417
6d 1 [12 1.000][518.409 626.685 1020.032 -51.0315 -6.4193 -165.0767][-0.960213 -0.245950 0.132283 0.255911 -0.585296 0.769375 -0.111803 0.772617 0.624950] 
3d 1 [9342 1.000][179.051 2802.472 582.628] 
fr 484668
ts 63995.957083
6d 1 [12 1.000][518.402 626.628 1020.068 -51.0347 -6.4246 -165.0742][-0.960192 -0.246038 0.132275 0.255950 -0.585224 0.769417 -0.111895 0.772644 0.624901] 
3d 1 [9342 1.000][179.582 2802.911 582.913] 
fr 484669
ts 63995.973754
6d 1 [12 1.000][518.434 626.615 1020.130 -51.0462 -6.4329 -165.0726][-0.960169 -0.246135 0.132258 0.255973 -0.585034 0.769554 -0.112039 0.772756 0.624736] 
3d 1 [9342 1.000][179.315 2801.724 583.165] 
fr 484670
ts 63995.990420
6d 1 [12 1.000][518.555 626.672 1020.156 -51.0424 -6.4351 -165.0721][-0.960163 -0.246179 0.132224 0.255980 -0.585074 0.769521 -0.112079 0.772712 0.624783] 
3d 1 [9342 1.000][179.287 2802.846 582.625] 
fr 484671
ts 63996.007084
6d 1 [12 1.000][518.659 626.585 1020.169 -51.0307 -6.4257 -165.0796][-0.960214 -0.246007 0.132173 0.255860 -0.585297 0.769392 -0.111915 0.772598 0.624953] 
3d 1 [9342 1.000][179.058 2802.047 583.050] 
fr 484672
ts 63996.023750
6d 1 [12 1.000][518.793 626.599 1020.094 -51.0233 -6.3926 -165.0862][-0.960306 -0.245525 0.132403 0.255766 -0.585538 0.769239 -0.111340 0.772569 0.625093] 
3d 1 [9342 1.000][179.392 2802.191 583.125] 
fr 484673
ts 63996.040411
6d 1 [12 1.000][518.923 626.777 1020.051 -51.0178 -6.3820 -165.0929][-0.960356 -0.245330 0.132400 0.255658 -0.585679 0.769168 -0.111156 0.772524 0.625180] 
3d 1 [9342 1.000][179.139 2802.708 582.610] 
fr 484674
ts 63996.057073
6d 1 [12 1.000][519.003 626.762 1019.932 -51.0208 -6.3584 -165.1249][-0.960543 -0.244689 0.132232 0.255133 -0.585857 0.769206 -0.110747 0.772592 0.625169] 
3d 1 [9342 1.000][179.498 2801.993 583.337] 
fr 484675
ts 63996.073723
6d 1 [12 1.000][519.006 626.807 1019.817 -51.0477 -6.3481 -165.1384][-0.960622 -0.244355 0.132273 0.254912 -0.585589 0.769484 -0.110569 0.772901 0.624819] 
3d 1 [9342 1.000][179.247 2802.730 582.608] 
fr 484676
ts 63996.090389
6d 1 [12 1.000][519.053 626.959 1019.727 -51.0624 -6.3521 -165.1494][-0.960663 -0.244261 0.132147 0.254726 -0.585424 0.769671 -0.110638 0.773056 0.624615] 
3d 1 [9342 1.000][179.486 2802.423 583.011] 
fr 484677
ts 63996.107032
6d 1 [12 1.000][519.114 626.890 1019.551 -51.0857 -6.3309 -165.1594][-0.960747 -0.243828 0.132336 0.254570 -0.585227 0.769873 -0.110270 0.773342 0.624326] 
3d 1 [9342 1.000][179.307 2802.175 582.928] 
fr 484678
ts 63996.123699
6d 1 [12 1.000][519.063 626.814 1019.351 -51.2194 -6.3096 -165.1634][-0.960805 -0.243200 0.133073 0.254512 -0.583520 0.771186 -0.109902 0.774828 0.622546] 
3d 1 [9342 1.000][179.335 2802.757 582.849] 
fr 484679
ts 63996.140391
6d 1 [12 1.000][519.158 626.991 1019.376 -51.2212 -6.3325 -165.1575][-0.960736 -0.243555 0.132920 0.254599 -0.583392 0.771254 -0.110298 0.774813 0.622494] 
3d 1 [9342 1.000][179.398 2801.694 583.086] 
fr 484680
ts 63996.157052
6d 1 [12 1.000][519.197 626.953 1019.354 -51.2181 -6.3203 -165.1636][-0.960786 -0.243340 0.132952 0.254503 -0.583502 0.771203 -0.110087 0.774797 0.622551] 
3d 1 [9342 1.000][179.580 2803.146 582.839] 
fr 484681
ts 63996.173738
6d 1 [12 1.000][519.266 626.981 1019.424 -51.2056 -6.3094 -165.1666][-0.960819 -0.243196 0.132975 0.254459 -0.583720 0.771052 -0.109897 0.774678 0.622733] 
3d 1 [9342 1.000][178.949 2802.445 582.534] 
fr 484682
ts 63996.190400
6d 1 [12 1.000][519.244 627.008 1019.505 -51.1410 -6.3052 -165.1628][-0.960810 -0.243330 0.132796 0.254525 -0.584587 0.770374 -0.109824 0.773982 0.623610] 
3d 1 [9342 1.000][179.548 2801.878 583.376] 
fr 484683
ts 63996.207078
6d 1 [12 1.000][519.188 626.894 1019.523 -51.1168 -6.2988 -165.1373][-0.960708 -0.243563 0.133103 0.254955 -0.584826 0.770049 -0.109714 0.773728 0.623945] 
3d 1 [9342 1.000][179.247 2802.976 582.579] 
fr 484684
ts 63996.223739
6d 1 [12 1.000][519.032 626.687 1019.514 -51.1335 -6.2884 -165.1182][-0.960643 -0.243583 0.133540 0.255281 -0.584557 0.770146 -0.109533 0.773926 0.623732] 
3d 1 [9342 1.000][179.388 2802.417 583.006] 
fr 484685
ts 63996.240411
6d 1 [12 1.000][519.022 626.842 1019.613 -51.1028 -6.2931 -165.1070][-0.960584 -0.243831 0.133509 0.255466 -0.584906 0.769820 -0.109615 0.773584 0.624141] 
3d 1 [9342 1.000][179.251 2802.295 582.985] 
fr 484686
ts 63996.257074
6d 1 [12 1.000][518.966 626.783 1019.668 -51.0897 -6.3174 -165.1056][-0.960533 -0.244192 0.133219 0.255478 -0.584991 0.769751 -0.110035 0.773406 0.624289] 
3d 1 [9342 1.000][179.239 2802.725 582.659] 
fr 484687
ts 63996.273738
6d 1 [12 1.000][518.890 626.935 1019.682 -51.0832 -6.3449 -165.0943][-0.960431 -0.244681 0.133052 0.255653 -0.584936 0.769735 -0.110512 0.773293 0.624344] 
3d 1 [9342 1.000][179.257 2801.834 583.177] 
fr 484688
ts 63996.290399
6d 1 [12 1.000][518.798 626.995 1019.656 -51.0838 -6.3686 -165.0850][-0.960346 -0.245084 0.132930 0.255797 -0.584805 0.769786 -0.110924 0.773264 0.624307] 
3d 1 [9342 1.000][179.389 2802.872 582.719] 
fr 484689
ts 63996.307053
6d 1 [12 1.000][518.707 626.887 1019.486 -51.0971 -6.3655 -165.0887][-0.960368 -0.244975 0.132969 0.255737 -0.584653 0.769922 -0.110871 0.773413 0.624131] 
3d 1 [9342 1.000][179.245 2802.510 582.822] 
fr 484690
ts 63996.323720
6d 1 [12 1.000][518.674 626.942 1019.360 -51.1146 -6.3624 -165.0984][-0.960417 -0.244795 0.132947 0.255576 -0.584470 0.770114 -0.110816 0.773609 0.623898] 
3d 1 [9342 1.000][179.494 2801.972 583.247] 
fr 484691
ts 63996.340367
6d 1 [12 1.000][518.660 627.067 1019.322 -51.1397 -6.3737 -165.0958][-0.960384 -0.244911 0.132971 0.255614 -0.584082 0.770396 -0.111012 0.773865 0.623545] 
3d 1 [9342 1.000][179.195 2802.834 582.524] 
fr 484692
ts 63996.357029
6d 1 [12 1.000][518.576 626.999 1019.238 -51.1491 -6.3683 -165.0935][-0.960384 -0.244842 0.133097 0.255655 -0.583965 0.770471 -0.110920 0.773975 0.623425] 
3d 1 [9342 1.000][179.694 2802.251 583.317] 
fr 484693
ts 63996.373673
6d 1 [12 1.000][518.478 626.910 1019.110 -51.2526 -6.3491 -165.0983][-0.960441 -0.244302 0.133677 0.255585 -0.582659 0.771483 -0.110586 0.775129 0.622049] 
3d 1 [9342 1.000][179.151 2802.488 582.677] 
fr 484694
ts 63996.390332
6d 1 [12 1.000][518.434 627.073 1019.173 -51.2591 -6.3573 -165.1046][-0.960454 -0.244330 0.133534 0.255475 -0.582569 0.771586 -0.110729 0.775188 0.621951] 
3d 1 [9342 1.000][179.284 2802.379 582.868] 
fr 484695
ts 63996.407022
6d 1 [12 1.000][518.357 627.179 1019.167 -51.2594 -6.3679 -165.1369][-0.960578 -0.244138 0.132988 0.254927 -0.582666 0.771694 -0.110913 0.775175 0.621934] 
3d 1 [9342 1.000][179.544 2802.103 583.258] 
fr 484696
ts 63996.423688
6d 1 [12 1.000][518.288 627.305 1019.190 -51.2667 -6.3827 -165.1502][-0.960609 -0.244181 0.132686 0.254698 -0.582573 0.771840 -0.111169 0.775232 0.621817] 
3d 1 [9342 1.000][179.232 2802.484 582.784] 
fr 484697
ts 63996.440371
6d 1 [12 1.000][518.205 627.569 1019.227 -51.2610 -6.4764 -165.1613][-0.960482 -0.245306 0.131529 0.254465 -0.582373 0.772068 -0.112794 0.775027 0.621780] 
3d 1 [9342 1.000][179.311 2801.949 583.047] 
fr 484698
ts 63996.457033
6d 1 [12 1.000][518.012 627.628 1019.122 -51.2491 -6.4977 -165.1681][-0.960471 -0.245543 0.131163 0.254340 -0.582488 0.772023 -0.113164 0.774865 0.621914] 
3d 1 [9342 1.000][179.342 2802.516 582.827] 
fr 484699
ts 63996.473707
6d 1 [12 1.000][517.902 627.749 1019.082 -51.2556 -6.5182 -165.1436][-0.960323 -0.246044 0.131306 0.254740 -0.582226 0.772088 -0.113518 0.774904 0.621802] 
3d 1 [9342 1.000][179.153 2802.462 582.492] 
fr 484700
ts 63996.490369
